#  Non-editable header begin --------------------------------------------------------------------------------
# 
#  data format...............: continuous
#  setname...................: BDF file
#  filename..................: none_specified
#  filepath..................: none_specified
#  nchan.....................: 64
#  pnts......................: 328448
#  srate.....................: 256
#  nevents...................: 644
#  generated by (bdf)........: 
#  generated by (set)........: BDF file
#  reported in ..............: 
#  prog Version..............: 8.02
#  creation date.............: 18-Nov-2020 16:54:12
#  user Account..............: 
# 
#  Non-editable header end --------------------------------------------------------------------------------

	bin 1,	# 60,	NegLargeDark
	bin 2,	# 60,	NegSmallDark
	bin 3,	# 60,	NegLargeBright
	bin 4,	# 60,	NegSmallBright
	bin 5,	# 60,	NeutLargeDark
	bin 6,	# 60,	NeutSmallDark
	bin 7,	# 60,	NeutLargeBright
	bin 8,	# 60,	NeutSmallBright



# item	 bepoch	  ecode	            label	      onset	          diff	     dura	b_flags	   a_flags	  enable	    bin
#                                                 (sec)           (msec)     (msec)    (binary)   (binary)


1     	0     	    253	              ""	      0.0312	      0.00	    0.0	    00000000     00000000	   1	[       ]
2     	0     	      5	    NegSmallDark	      1.0352	   1003.91	    0.0	    00000000     00000000	   1	[      2]
3     	0     	     11	 NeutSmallBright	      3.3789	   2343.75	    0.0	    00000000     00000000	   1	[      8]
4     	0     	     15	     condition15	      5.8125	   2433.59	    0.0	    00000000     00000000	   1	[       ]
5     	0     	      2	      condition2	      7.0898	   1277.34	    0.0	    00000000     00000000	   1	[       ]
6     	0     	     10	 NeutLargeBright	      8.0977	   1007.81	    0.0	    00000000     00000000	   1	[      7]
7     	0     	      8	   NeutLargeDark	     10.3398	   2242.19	    0.0	    00000000     00000000	   1	[      5]
8     	0     	      6	  NegLargeBright	     12.7148	   2375.00	    0.0	    00000000     00000000	   1	[      3]
9     	0     	     15	     condition15	     14.8984	   2183.59	    0.0	    00000000     00000000	   1	[       ]
10    	0     	      2	      condition2	     15.5352	    636.72	    0.0	    00000000     00000000	   1	[       ]
11    	0     	      4	    NegLargeDark	     16.9648	   1429.69	    0.0	    00000000     00000000	   1	[      1]
12    	0     	      6	  NegLargeBright	     19.4375	   2472.66	    0.0	    00000000     00000000	   1	[      3]
13    	0     	      7	  NegSmallBright	     21.5312	   2093.75	    0.0	    00000000     00000000	   1	[      4]
14    	0     	      6	  NegLargeBright	     23.7266	   2195.31	    0.0	    00000000     00000000	   1	[      3]
15    	0     	      4	    NegLargeDark	     26.1914	   2464.84	    0.0	    00000000     00000000	   1	[      1]
16    	0     	      8	   NeutLargeDark	     28.2227	   2031.25	    0.0	    00000000     00000000	   1	[      5]
17    	0     	     11	 NeutSmallBright	     30.6758	   2453.12	    0.0	    00000000     00000000	   1	[      8]
18    	0     	      4	    NegLargeDark	     32.9922	   2316.41	    0.0	    00000000     00000000	   1	[      1]
19    	0     	      7	  NegSmallBright	     35.3242	   2332.03	    0.0	    00000000     00000000	   1	[      4]
20    	0     	     11	 NeutSmallBright	     37.6602	   2335.94	    0.0	    00000000     00000000	   1	[      8]
21    	0     	      7	  NegSmallBright	     39.8320	   2171.88	    0.0	    00000000     00000000	   1	[      4]
22    	0     	      8	   NeutLargeDark	     42.2773	   2445.31	    0.0	    00000000     00000000	   1	[      5]
23    	0     	      2	      condition2	     43.1250	    847.66	    0.0	    00000000     00000000	   1	[       ]
24    	0     	      9	   NeutSmallDark	     44.4414	   1316.41	    0.0	    00000000     00000000	   1	[      6]
25    	0     	      9	   NeutSmallDark	     46.5742	   2132.81	    0.0	    00000000     00000000	   1	[      6]
26    	0     	      5	    NegSmallDark	     48.6797	   2105.47	    0.0	    00000000     00000000	   1	[      2]
27    	0     	      7	  NegSmallBright	     50.8633	   2183.59	    0.0	    00000000     00000000	   1	[      4]
28    	0     	     12	     condition12	     52.8945	   2031.25	    0.0	    00000000     00000000	   1	[       ]
29    	0     	      2	      condition2	     53.5352	    640.62	    0.0	    00000000     00000000	   1	[       ]
30    	0     	     11	 NeutSmallBright	     55.0586	   1523.44	    0.0	    00000000     00000000	   1	[      8]
31    	0     	      8	   NeutLargeDark	     57.3945	   2335.94	    0.0	    00000000     00000000	   1	[      5]
32    	0     	      8	   NeutLargeDark	     59.4570	   2062.50	    0.0	    00000000     00000000	   1	[      5]
33    	0     	      4	    NegLargeDark	     61.9414	   2484.38	    0.0	    00000000     00000000	   1	[      1]
34    	0     	      9	   NeutSmallDark	     63.9961	   2054.69	    0.0	    00000000     00000000	   1	[      6]
35    	0     	      4	    NegLargeDark	     66.3906	   2394.53	    0.0	    00000000     00000000	   1	[      1]
36    	0     	      4	    NegLargeDark	     68.6641	   2273.44	    0.0	    00000000     00000000	   1	[      1]
37    	0     	     14	     condition14	     71.0273	   2363.28	    0.0	    00000000     00000000	   1	[       ]
38    	0     	      2	      condition2	     71.6953	    667.97	    0.0	    00000000     00000000	   1	[       ]
39    	0     	      4	    NegLargeDark	     73.3906	   1695.31	    0.0	    00000000     00000000	   1	[      1]
40    	0     	     14	     condition14	     75.8477	   2457.03	    0.0	    00000000     00000000	   1	[       ]
41    	0     	      2	      condition2	     76.3906	    542.97	    0.0	    00000000     00000000	   1	[       ]
42    	0     	      6	  NegLargeBright	     78.0508	   1660.16	    0.0	    00000000     00000000	   1	[      3]
43    	0     	      9	   NeutSmallDark	     80.1836	   2132.81	    0.0	    00000000     00000000	   1	[      6]
44    	0     	     14	     condition14	     82.5078	   2324.22	    0.0	    00000000     00000000	   1	[       ]
45    	0     	      2	      condition2	     83.0703	    562.50	    0.0	    00000000     00000000	   1	[       ]
46    	0     	      9	   NeutSmallDark	     84.5625	   1492.19	    0.0	    00000000     00000000	   1	[      6]
47    	0     	     11	 NeutSmallBright	     86.6953	   2132.81	    0.0	    00000000     00000000	   1	[      8]
48    	0     	      4	    NegLargeDark	     88.7383	   2042.97	    0.0	    00000000     00000000	   1	[      1]
49    	0     	      6	  NegLargeBright	     90.9648	   2226.56	    0.0	    00000000     00000000	   1	[      3]
50    	0     	     14	     condition14	     93.0664	   2101.56	    0.0	    00000000     00000000	   1	[       ]
51    	0     	      2	      condition2	     93.6602	    593.75	    0.0	    00000000     00000000	   1	[       ]
52    	0     	      4	    NegLargeDark	     95.4805	   1820.31	    0.0	    00000000     00000000	   1	[      1]
53    	0     	     12	     condition12	     97.6836	   2203.12	    0.0	    00000000     00000000	   1	[       ]
54    	0     	      2	      condition2	     98.5195	    835.94	    0.0	    00000000     00000000	   1	[       ]
55    	0     	     10	 NeutLargeBright	    100.0898	   1570.31	    0.0	    00000000     00000000	   1	[      7]
56    	0     	      8	   NeutLargeDark	    102.1641	   2074.22	    0.0	    00000000     00000000	   1	[      5]
57    	0     	      8	   NeutLargeDark	    104.3164	   2152.34	    0.0	    00000000     00000000	   1	[      5]
58    	0     	     10	 NeutLargeBright	    106.6914	   2375.00	    0.0	    00000000     00000000	   1	[      7]
59    	0     	     13	     condition13	    109.1641	   2472.66	    0.0	    00000000     00000000	   1	[       ]
60    	0     	      2	      condition2	    109.6602	    496.09	    0.0	    00000000     00000000	   1	[       ]
61    	0     	     11	 NeutSmallBright	    111.3477	   1687.50	    0.0	    00000000     00000000	   1	[      8]
62    	0     	     10	 NeutLargeBright	    113.5625	   2214.84	    0.0	    00000000     00000000	   1	[      7]
63    	0     	     10	 NeutLargeBright	    115.9180	   2355.47	    0.0	    00000000     00000000	   1	[      7]
64    	0     	      8	   NeutLargeDark	    118.3203	   2402.34	    0.0	    00000000     00000000	   1	[      5]
65    	0     	     11	 NeutSmallBright	    120.6445	   2324.22	    0.0	    00000000     00000000	   1	[      8]
66    	0     	      4	    NegLargeDark	    122.9688	   2324.22	    0.0	    00000000     00000000	   1	[      1]
67    	0     	     10	 NeutLargeBright	    125.4453	   2476.56	    0.0	    00000000     00000000	   1	[      7]
68    	0     	     12	     condition12	    127.7188	   2273.44	    0.0	    00000000     00000000	   1	[       ]
69    	0     	      2	      condition2	    128.3867	    667.97	    0.0	    00000000     00000000	   1	[       ]
70    	0     	      8	   NeutLargeDark	    130.0820	   1695.31	    0.0	    00000000     00000000	   1	[      5]
71    	0     	     10	 NeutLargeBright	    132.1875	   2105.47	    0.0	    00000000     00000000	   1	[      7]
72    	0     	      7	  NegSmallBright	    134.3906	   2203.12	    0.0	    00000000     00000000	   1	[      4]
73    	0     	      8	   NeutLargeDark	    136.7031	   2312.50	    0.0	    00000000     00000000	   1	[      5]
74    	0     	      6	  NegLargeBright	    139.2070	   2503.91	    0.0	    00000000     00000000	   1	[      3]
75    	0     	      5	    NegSmallDark	    141.2422	   2035.16	    0.0	    00000000     00000000	   1	[      2]
76    	0     	      4	    NegLargeDark	    143.7656	   2523.44	    0.0	    00000000     00000000	   1	[      1]
77    	0     	      5	    NegSmallDark	    146.2695	   2503.91	    0.0	    00000000     00000000	   1	[      2]
78    	0     	      9	   NeutSmallDark	    148.5938	   2324.22	    0.0	    00000000     00000000	   1	[      6]
79    	0     	      8	   NeutLargeDark	    150.8594	   2265.62	    0.0	    00000000     00000000	   1	[      5]
80    	0     	      8	   NeutLargeDark	    152.9141	   2054.69	    0.0	    00000000     00000000	   1	[      5]
81    	0     	     10	 NeutLargeBright	    155.2852	   2371.09	    0.0	    00000000     00000000	   1	[      7]
82    	0     	      6	  NegLargeBright	    157.6523	   2367.19	    0.0	    00000000     00000000	   1	[      3]
83    	0     	     10	 NeutLargeBright	    160.5078	   2855.47	    0.0	    00000000     00000000	   1	[      7]
84    	0     	      5	    NegSmallDark	    162.8828	   2375.00	    0.0	    00000000     00000000	   1	[      2]
85    	0     	      4	    NegLargeDark	    165.1992	   2316.41	    0.0	    00000000     00000000	   1	[      1]
86    	0     	      8	   NeutLargeDark	    167.3828	   2183.59	    0.0	    00000000     00000000	   1	[      5]
87    	0     	      8	   NeutLargeDark	    169.7852	   2402.34	    0.0	    00000000     00000000	   1	[      5]
88    	0     	      7	  NegSmallBright	    172.1211	   2335.94	    0.0	    00000000     00000000	   1	[      4]
89    	0     	     11	 NeutSmallBright	    174.4531	   2332.03	    0.0	    00000000     00000000	   1	[      8]
90    	0     	      8	   NeutLargeDark	    176.9102	   2457.03	    0.0	    00000000     00000000	   1	[      5]
91    	0     	      4	    NegLargeDark	    179.2109	   2300.78	    0.0	    00000000     00000000	   1	[      1]
92    	0     	      6	  NegLargeBright	    181.5273	   2316.41	    0.0	    00000000     00000000	   1	[      3]
93    	0     	     10	 NeutLargeBright	    183.6914	   2164.06	    0.0	    00000000     00000000	   1	[      7]
94    	0     	      7	  NegSmallBright	    185.8555	   2164.06	    0.0	    00000000     00000000	   1	[      4]
95    	0     	     13	     condition13	    188.0664	   2210.94	    0.0	    00000000     00000000	   1	[       ]
96    	0     	      2	      condition2	    188.6641	    597.66	    0.0	    00000000     00000000	   1	[       ]
97    	0     	     10	 NeutLargeBright	    190.1836	   1519.53	    0.0	    00000000     00000000	   1	[      7]
98    	0     	      7	  NegSmallBright	    192.3750	   2191.41	    0.0	    00000000     00000000	   1	[      4]
99    	0     	      6	  NegLargeBright	    194.8086	   2433.59	    0.0	    00000000     00000000	   1	[      3]
100   	0     	      6	  NegLargeBright	    196.9141	   2105.47	    0.0	    00000000     00000000	   1	[      3]
101   	0     	      5	    NegSmallDark	    199.1562	   2242.19	    0.0	    00000000     00000000	   1	[      2]
102   	0     	     10	 NeutLargeBright	    201.5508	   2394.53	    0.0	    00000000     00000000	   1	[      7]
103   	0     	     14	     condition14	    203.7461	   2195.31	    0.0	    00000000     00000000	   1	[       ]
104   	0     	      6	  NegLargeBright	    205.8086	   2062.50	    0.0	    00000000     00000000	   1	[      3]
105   	0     	     10	 NeutLargeBright	    207.9648	   2156.25	    0.0	    00000000     00000000	   1	[      7]
106   	0     	     10	 NeutLargeBright	    210.1562	   2191.41	    0.0	    00000000     00000000	   1	[      7]
107   	0     	      6	  NegLargeBright	    212.4102	   2253.91	    0.0	    00000000     00000000	   1	[      3]
108   	0     	     11	 NeutSmallBright	    214.4531	   2042.97	    0.0	    00000000     00000000	   1	[      8]
109   	0     	     15	     condition15	    216.8086	   2355.47	    0.0	    00000000     00000000	   1	[       ]
110   	0     	      2	      condition2	    217.4375	    628.91	    0.0	    00000000     00000000	   1	[       ]
111   	0     	     11	 NeutSmallBright	    219.1445	   1707.03	    0.0	    00000000     00000000	   1	[      8]
112   	0     	      7	  NegSmallBright	    221.5273	   2382.81	    0.0	    00000000     00000000	   1	[      4]
113   	0     	      4	    NegLargeDark	    223.9609	   2433.59	    0.0	    00000000     00000000	   1	[      1]
114   	0     	      6	  NegLargeBright	    226.0430	   2082.03	    0.0	    00000000     00000000	   1	[      3]
115   	0     	     10	 NeutLargeBright	    228.3203	   2277.34	    0.0	    00000000     00000000	   1	[      7]
116   	0     	     10	 NeutLargeBright	    230.6133	   2292.97	    0.0	    00000000     00000000	   1	[      7]
117   	0     	     15	     condition15	    232.9570	   2343.75	    0.0	    00000000     00000000	   1	[       ]
118   	0     	      2	      condition2	    233.6172	    660.16	    0.0	    00000000     00000000	   1	[       ]
119   	0     	     12	     condition12	    235.2422	   1625.00	    0.0	    00000000     00000000	   1	[       ]
120   	0     	      2	      condition2	    235.9102	    667.97	    0.0	    00000000     00000000	   1	[       ]
121   	0     	     10	 NeutLargeBright	    237.4648	   1554.69	    0.0	    00000000     00000000	   1	[      7]
122   	0     	      9	   NeutSmallDark	    239.8203	   2355.47	    0.0	    00000000     00000000	   1	[      6]
123   	0     	      5	    NegSmallDark	    241.8711	   2050.78	    0.0	    00000000     00000000	   1	[      2]
124   	0     	      7	  NegSmallBright	    244.2773	   2406.25	    0.0	    00000000     00000000	   1	[      4]
125   	0     	      5	    NegSmallDark	    246.7695	   2492.19	    0.0	    00000000     00000000	   1	[      2]
126   	0     	     12	     condition12	    249.2461	   2476.56	    0.0	    00000000     00000000	   1	[       ]
127   	0     	      2	      condition2	    250.0312	    785.16	    0.0	    00000000     00000000	   1	[       ]
128   	0     	      5	    NegSmallDark	    251.5898	   1558.59	    0.0	    00000000     00000000	   1	[      2]
129   	0     	     11	 NeutSmallBright	    253.7422	   2152.34	    0.0	    00000000     00000000	   1	[      8]
130   	0     	      8	   NeutLargeDark	    255.9180	   2175.78	    0.0	    00000000     00000000	   1	[      5]
131   	0     	     13	     condition13	    258.2227	   2304.69	    0.0	    00000000     00000000	   1	[       ]
132   	0     	      2	      condition2	    258.8867	    664.06	    0.0	    00000000     00000000	   1	[       ]
133   	0     	     11	 NeutSmallBright	    260.5234	   1636.72	    0.0	    00000000     00000000	   1	[      8]
134   	0     	     11	 NeutSmallBright	    263.0508	   2527.34	    0.0	    00000000     00000000	   1	[      8]
135   	0     	     13	     condition13	    265.0938	   2042.97	    0.0	    00000000     00000000	   1	[       ]
136   	0     	      2	      condition2	    265.6953	    601.56	    0.0	    00000000     00000000	   1	[       ]
137   	0     	      6	  NegLargeBright	    267.5469	   1851.56	    0.0	    00000000     00000000	   1	[      3]
138   	0     	      9	   NeutSmallDark	    269.6016	   2054.69	    0.0	    00000000     00000000	   1	[      6]
139   	0     	     11	 NeutSmallBright	    271.7148	   2113.28	    0.0	    00000000     00000000	   1	[      8]
140   	0     	      6	  NegLargeBright	    273.7500	   2035.16	    0.0	    00000000     00000000	   1	[      3]
141   	0     	      4	    NegLargeDark	    275.9922	   2242.19	    0.0	    00000000     00000000	   1	[      1]
142   	0     	      8	   NeutLargeDark	    278.4883	   2496.09	    0.0	    00000000     00000000	   1	[      5]
143   	0     	     11	 NeutSmallBright	    280.9531	   2464.84	    0.0	    00000000     00000000	   1	[      8]
144   	0     	     10	 NeutLargeBright	    283.2852	   2332.03	    0.0	    00000000     00000000	   1	[      7]
145   	0     	     14	     condition14	    285.4883	   2203.12	    0.0	    00000000     00000000	   1	[       ]
146   	0     	      2	      condition2	    286.1289	    640.62	    0.0	    00000000     00000000	   1	[       ]
147   	0     	     11	 NeutSmallBright	    287.7734	   1644.53	    0.0	    00000000     00000000	   1	[      8]
148   	0     	      8	   NeutLargeDark	    290.1875	   2414.06	    0.0	    00000000     00000000	   1	[      5]
149   	0     	      9	   NeutSmallDark	    292.3203	   2132.81	    0.0	    00000000     00000000	   1	[      6]
150   	0     	      4	    NegLargeDark	    294.7461	   2425.78	    0.0	    00000000     00000000	   1	[      1]
151   	0     	      4	    NegLargeDark	    296.9883	   2242.19	    0.0	    00000000     00000000	   1	[      1]
152   	0     	      5	    NegSmallDark	    299.2539	   2265.62	    0.0	    00000000     00000000	   1	[      2]
153   	0     	      8	   NeutLargeDark	    301.6875	   2433.59	    0.0	    00000000     00000000	   1	[      5]
154   	0     	     14	     condition14	    304.2227	   2535.16	    0.0	    00000000     00000000	   1	[       ]
155   	0     	      2	      condition2	    304.9453	    722.66	    0.0	    00000000     00000000	   1	[       ]
156   	0     	      6	  NegLargeBright	    306.5664	   1621.09	    0.0	    00000000     00000000	   1	[      3]
157   	0     	      9	   NeutSmallDark	    308.8320	   2265.62	    0.0	    00000000     00000000	   1	[      6]
158   	0     	      7	  NegSmallBright	    311.0430	   2210.94	    0.0	    00000000     00000000	   1	[      4]
159   	0     	      9	   NeutSmallDark	    313.4492	   2406.25	    0.0	    00000000     00000000	   1	[      6]
160   	0     	      8	   NeutLargeDark	    315.6914	   2242.19	    0.0	    00000000     00000000	   1	[      5]
161   	0     	     10	 NeutLargeBright	    317.9844	   2292.97	    0.0	    00000000     00000000	   1	[      7]
162   	0     	     11	 NeutSmallBright	    321.5117	   3527.34	    0.0	    00000000     00000000	   1	[      8]
163   	0     	      5	    NegSmallDark	    324.0156	   2503.91	    0.0	    00000000     00000000	   1	[      2]
164   	0     	     14	     condition14	    326.2305	   2214.84	    0.0	    00000000     00000000	   1	[       ]
165   	0     	      2	      condition2	    326.8047	    574.22	    0.0	    00000000     00000000	   1	[       ]
166   	0     	     12	     condition12	    328.3633	   1558.59	    0.0	    00000000     00000000	   1	[       ]
167   	0     	      2	      condition2	    328.9609	    597.66	    0.0	    00000000     00000000	   1	[       ]
168   	0     	      8	   NeutLargeDark	    330.6797	   1718.75	    0.0	    00000000     00000000	   1	[      5]
169   	0     	     10	 NeutLargeBright	    333.0312	   2351.56	    0.0	    00000000     00000000	   1	[      7]
170   	0     	     13	     condition13	    335.1172	   2085.94	    0.0	    00000000     00000000	   1	[       ]
171   	0     	      2	      condition2	    335.7227	    605.47	    0.0	    00000000     00000000	   1	[       ]
172   	0     	      8	   NeutLargeDark	    337.3203	   1597.66	    0.0	    00000000     00000000	   1	[      5]
173   	0     	     11	 NeutSmallBright	    339.3516	   2031.25	    0.0	    00000000     00000000	   1	[      8]
174   	0     	     10	 NeutLargeBright	    341.5977	   2246.09	    0.0	    00000000     00000000	   1	[      7]
175   	0     	      8	   NeutLargeDark	    344.0625	   2464.84	    0.0	    00000000     00000000	   1	[      5]
176   	0     	      5	    NegSmallDark	    346.1250	   2062.50	    0.0	    00000000     00000000	   1	[      2]
177   	0     	      5	    NegSmallDark	    348.1680	   2042.97	    0.0	    00000000     00000000	   1	[      2]
178   	0     	      7	  NegSmallBright	    350.4531	   2285.16	    0.0	    00000000     00000000	   1	[      4]
179   	0     	     10	 NeutLargeBright	    352.9766	   2523.44	    0.0	    00000000     00000000	   1	[      7]
180   	0     	     13	     condition13	    355.3320	   2355.47	    0.0	    00000000     00000000	   1	[       ]
181   	0     	      2	      condition2	    355.9766	    644.53	    0.0	    00000000     00000000	   1	[       ]
182   	0     	     10	 NeutLargeBright	    357.7852	   1808.59	    0.0	    00000000     00000000	   1	[      7]
183   	0     	      8	   NeutLargeDark	    360.3086	   2523.44	    0.0	    00000000     00000000	   1	[      5]
184   	0     	      6	  NegLargeBright	    362.4531	   2144.53	    0.0	    00000000     00000000	   1	[      3]
185   	0     	      7	  NegSmallBright	    364.6875	   2234.38	    0.0	    00000000     00000000	   1	[      4]
186   	0     	      5	    NegSmallDark	    367.0312	   2343.75	    0.0	    00000000     00000000	   1	[      2]
187   	0     	      5	    NegSmallDark	    369.1953	   2164.06	    0.0	    00000000     00000000	   1	[      2]
188   	0     	      8	   NeutLargeDark	    371.5078	   2312.50	    0.0	    00000000     00000000	   1	[      5]
189   	0     	      6	  NegLargeBright	    373.6133	   2105.47	    0.0	    00000000     00000000	   1	[      3]
190   	0     	      9	   NeutSmallDark	    376.0078	   2394.53	    0.0	    00000000     00000000	   1	[      6]
191   	0     	      4	    NegLargeDark	    378.0508	   2042.97	    0.0	    00000000     00000000	   1	[      1]
192   	0     	      7	  NegSmallBright	    380.4648	   2414.06	    0.0	    00000000     00000000	   1	[      4]
193   	0     	      4	    NegLargeDark	    382.6602	   2195.31	    0.0	    00000000     00000000	   1	[      1]
194   	0     	      8	   NeutLargeDark	    385.1836	   2523.44	    0.0	    00000000     00000000	   1	[      5]
195   	0     	      9	   NeutSmallDark	    387.2773	   2093.75	    0.0	    00000000     00000000	   1	[      6]
196   	0     	      8	   NeutLargeDark	    389.5508	   2273.44	    0.0	    00000000     00000000	   1	[      5]
197   	0     	      6	  NegLargeBright	    392.0664	   2515.62	    0.0	    00000000     00000000	   1	[      3]
198   	0     	      4	    NegLargeDark	    394.5117	   2445.31	    0.0	    00000000     00000000	   1	[      1]
199   	0     	      9	   NeutSmallDark	    396.7148	   2203.12	    0.0	    00000000     00000000	   1	[      6]
200   	0     	      4	    NegLargeDark	    398.7578	   2042.97	    0.0	    00000000     00000000	   1	[      1]
201   	0     	      5	    NegSmallDark	    400.8828	   2125.00	    0.0	    00000000     00000000	   1	[      2]
202   	0     	      6	  NegLargeBright	    403.2266	   2343.75	    0.0	    00000000     00000000	   1	[      3]
203   	0     	      6	  NegLargeBright	    405.6992	   2472.66	    0.0	    00000000     00000000	   1	[      3]
204   	0     	      8	   NeutLargeDark	    407.9648	   2265.62	    0.0	    00000000     00000000	   1	[      5]
205   	0     	      7	  NegSmallBright	    410.0469	   2082.03	    0.0	    00000000     00000000	   1	[      4]
206   	0     	      7	  NegSmallBright	    412.5312	   2484.38	    0.0	    00000000     00000000	   1	[      4]
207   	0     	      9	   NeutSmallDark	    414.8242	   2292.97	    0.0	    00000000     00000000	   1	[      6]
208   	0     	      5	    NegSmallDark	    416.8477	   2023.44	    0.0	    00000000     00000000	   1	[      2]
209   	0     	      6	  NegLargeBright	    418.9844	   2136.72	    0.0	    00000000     00000000	   1	[      3]
210   	0     	      6	  NegLargeBright	    421.2188	   2234.38	    0.0	    00000000     00000000	   1	[      3]
211   	0     	     14	     condition14	    423.2500	   2031.25	    0.0	    00000000     00000000	   1	[       ]
212   	0     	      2	      condition2	    424.0625	    812.50	    0.0	    00000000     00000000	   1	[       ]
213   	0     	      7	  NegSmallBright	    425.3633	   1300.78	    0.0	    00000000     00000000	   1	[      4]
214   	0     	      9	   NeutSmallDark	    427.6680	   2304.69	    0.0	    00000000     00000000	   1	[      6]
215   	0     	     11	 NeutSmallBright	    430.1523	   2484.38	    0.0	    00000000     00000000	   1	[      8]
216   	0     	      4	    NegLargeDark	    432.4180	   2265.62	    0.0	    00000000     00000000	   1	[      1]
217   	0     	      7	  NegSmallBright	    434.9219	   2503.91	    0.0	    00000000     00000000	   1	[      4]
218   	0     	     10	 NeutLargeBright	    436.9844	   2062.50	    0.0	    00000000     00000000	   1	[      7]
219   	0     	     10	 NeutLargeBright	    439.3203	   2335.94	    0.0	    00000000     00000000	   1	[      7]
220   	0     	     14	     condition14	    441.6133	   2292.97	    0.0	    00000000     00000000	   1	[       ]
221   	0     	      2	      condition2	    442.3359	    722.66	    0.0	    00000000     00000000	   1	[       ]
222   	0     	     12	     condition12	    443.9766	   1640.62	    0.0	    00000000     00000000	   1	[       ]
223   	0     	      2	      condition2	    444.5547	    578.12	    0.0	    00000000     00000000	   1	[       ]
224   	0     	     10	 NeutLargeBright	    446.3711	   1816.41	    0.0	    00000000     00000000	   1	[      7]
225   	0     	      4	    NegLargeDark	    448.7070	   2335.94	    0.0	    00000000     00000000	   1	[      1]
226   	0     	     15	     condition15	    450.8984	   2191.41	    0.0	    00000000     00000000	   1	[       ]
227   	0     	      2	      condition2	    451.5664	    667.97	    0.0	    00000000     00000000	   1	[       ]
228   	0     	      9	   NeutSmallDark	    453.2539	   1687.50	    0.0	    00000000     00000000	   1	[      6]
229   	0     	      7	  NegSmallBright	    455.5078	   2253.91	    0.0	    00000000     00000000	   1	[      4]
230   	0     	     13	     condition13	    457.9414	   2433.59	    0.0	    00000000     00000000	   1	[       ]
231   	0     	      2	      condition2	    458.9727	   1031.25	    0.0	    00000000     00000000	   1	[       ]
232   	0     	      4	    NegLargeDark	    460.0039	   1031.25	    0.0	    00000000     00000000	   1	[      1]
233   	0     	      7	  NegSmallBright	    462.0781	   2074.22	    0.0	    00000000     00000000	   1	[      4]
234   	0     	      5	    NegSmallDark	    464.3008	   2222.66	    0.0	    00000000     00000000	   1	[      2]
235   	0     	      9	   NeutSmallDark	    466.4375	   2136.72	    0.0	    00000000     00000000	   1	[      6]
236   	0     	      9	   NeutSmallDark	    468.4805	   2042.97	    0.0	    00000000     00000000	   1	[      6]
237   	0     	      7	  NegSmallBright	    470.6523	   2171.88	    0.0	    00000000     00000000	   1	[      4]
238   	0     	     13	     condition13	    472.7266	   2074.22	    0.0	    00000000     00000000	   1	[       ]
239   	0     	      2	      condition2	    473.3438	    617.19	    0.0	    00000000     00000000	   1	[       ]
240   	0     	      6	  NegLargeBright	    474.7930	   1449.22	    0.0	    00000000     00000000	   1	[      3]
241   	0     	      5	    NegSmallDark	    477.2344	   2441.41	    0.0	    00000000     00000000	   1	[      2]
242   	0     	      4	    NegLargeDark	    480.6523	   3417.97	    0.0	    00000000     00000000	   1	[      1]
243   	0     	      7	  NegSmallBright	    482.8672	   2214.84	    0.0	    00000000     00000000	   1	[      4]
244   	0     	      7	  NegSmallBright	    485.2383	   2371.09	    0.0	    00000000     00000000	   1	[      4]
245   	0     	      4	    NegLargeDark	    487.6523	   2414.06	    0.0	    00000000     00000000	   1	[      1]
246   	0     	      4	    NegLargeDark	    490.1484	   2496.09	    0.0	    00000000     00000000	   1	[      1]
247   	0     	     10	 NeutLargeBright	    492.2539	   2105.47	    0.0	    00000000     00000000	   1	[      7]
248   	0     	      4	    NegLargeDark	    494.6445	   2390.62	    0.0	    00000000     00000000	   1	[      1]
249   	0     	     11	 NeutSmallBright	    496.6797	   2035.16	    0.0	    00000000     00000000	   1	[      8]
250   	0     	      9	   NeutSmallDark	    499.0352	   2355.47	    0.0	    00000000     00000000	   1	[      6]
251   	0     	      9	   NeutSmallDark	    501.3789	   2343.75	    0.0	    00000000     00000000	   1	[      6]
252   	0     	      8	   NeutLargeDark	    503.8125	   2433.59	    0.0	    00000000     00000000	   1	[      5]
253   	0     	      9	   NeutSmallDark	    505.9453	   2132.81	    0.0	    00000000     00000000	   1	[      6]
254   	0     	     11	 NeutSmallBright	    508.1914	   2246.09	    0.0	    00000000     00000000	   1	[      8]
255   	0     	     10	 NeutLargeBright	    510.4258	   2234.38	    0.0	    00000000     00000000	   1	[      7]
256   	0     	      8	   NeutLargeDark	    512.5664	   2140.62	    0.0	    00000000     00000000	   1	[      5]
257   	0     	      8	   NeutLargeDark	    515.0234	   2457.03	    0.0	    00000000     00000000	   1	[      5]
258   	0     	      5	    NegSmallDark	    517.2344	   2210.94	    0.0	    00000000     00000000	   1	[      2]
259   	0     	      9	   NeutSmallDark	    519.6602	   2425.78	    0.0	    00000000     00000000	   1	[      6]
260   	0     	     14	     condition14	    521.9531	   2292.97	    0.0	    00000000     00000000	   1	[       ]
261   	0     	      2	      condition2	    522.5508	    597.66	    0.0	    00000000     00000000	   1	[       ]
262   	0     	      5	    NegSmallDark	    524.0273	   1476.56	    0.0	    00000000     00000000	   1	[      2]
263   	0     	      4	    NegLargeDark	    526.2812	   2253.91	    0.0	    00000000     00000000	   1	[      1]
264   	0     	     11	 NeutSmallBright	    528.5078	   2226.56	    0.0	    00000000     00000000	   1	[      8]
265   	0     	      9	   NeutSmallDark	    530.8789	   2371.09	    0.0	    00000000     00000000	   1	[      6]
266   	0     	      6	  NegLargeBright	    533.3359	   2457.03	    0.0	    00000000     00000000	   1	[      3]
267   	0     	      8	   NeutLargeDark	    535.4766	   2140.62	    0.0	    00000000     00000000	   1	[      5]
268   	0     	      7	  NegSmallBright	    537.8242	   2347.66	    0.0	    00000000     00000000	   1	[      4]
269   	0     	     10	 NeutLargeBright	    539.9570	   2132.81	    0.0	    00000000     00000000	   1	[      7]
270   	0     	      8	   NeutLargeDark	    542.4609	   2503.91	    0.0	    00000000     00000000	   1	[      5]
271   	0     	      9	   NeutSmallDark	    544.5039	   2042.97	    0.0	    00000000     00000000	   1	[      6]
272   	0     	     10	 NeutLargeBright	    546.5859	   2082.03	    0.0	    00000000     00000000	   1	[      7]
273   	0     	      7	  NegSmallBright	    548.6328	   2046.88	    0.0	    00000000     00000000	   1	[      4]
274   	0     	     11	 NeutSmallBright	    550.9141	   2281.25	    0.0	    00000000     00000000	   1	[      8]
275   	0     	     10	 NeutLargeBright	    553.0781	   2164.06	    0.0	    00000000     00000000	   1	[      7]
276   	0     	      7	  NegSmallBright	    555.3320	   2253.91	    0.0	    00000000     00000000	   1	[      4]
277   	0     	      7	  NegSmallBright	    557.8164	   2484.38	    0.0	    00000000     00000000	   1	[      4]
278   	0     	      6	  NegLargeBright	    560.1016	   2285.16	    0.0	    00000000     00000000	   1	[      3]
279   	0     	      9	   NeutSmallDark	    562.2852	   2183.59	    0.0	    00000000     00000000	   1	[      6]
280   	0     	      9	   NeutSmallDark	    564.5508	   2265.62	    0.0	    00000000     00000000	   1	[      6]
281   	0     	      4	    NegLargeDark	    566.8242	   2273.44	    0.0	    00000000     00000000	   1	[      1]
282   	0     	     13	     condition13	    569.2461	   2421.88	    0.0	    00000000     00000000	   1	[       ]
283   	0     	      2	      condition2	    569.9102	    664.06	    0.0	    00000000     00000000	   1	[       ]
284   	0     	      9	   NeutSmallDark	    571.5000	   1589.84	    0.0	    00000000     00000000	   1	[      6]
285   	0     	      7	  NegSmallBright	    573.8672	   2367.19	    0.0	    00000000     00000000	   1	[      4]
286   	0     	     13	     condition13	    575.8984	   2031.25	    0.0	    00000000     00000000	   1	[       ]
287   	0     	      2	      condition2	    576.5156	    617.19	    0.0	    00000000     00000000	   1	[       ]
288   	0     	      7	  NegSmallBright	    578.3320	   1816.41	    0.0	    00000000     00000000	   1	[      4]
289   	0     	      5	    NegSmallDark	    580.4062	   2074.22	    0.0	    00000000     00000000	   1	[      2]
290   	0     	      5	    NegSmallDark	    582.7500	   2343.75	    0.0	    00000000     00000000	   1	[      2]
291   	0     	      9	   NeutSmallDark	    584.9648	   2214.84	    0.0	    00000000     00000000	   1	[      6]
292   	0     	      8	   NeutLargeDark	    587.0781	   2113.28	    0.0	    00000000     00000000	   1	[      5]
293   	0     	      7	  NegSmallBright	    589.1328	   2054.69	    0.0	    00000000     00000000	   1	[      4]
294   	0     	     11	 NeutSmallBright	    591.5469	   2414.06	    0.0	    00000000     00000000	   1	[      8]
295   	0     	      6	  NegLargeBright	    593.7695	   2222.66	    0.0	    00000000     00000000	   1	[      3]
296   	0     	      5	    NegSmallDark	    595.9062	   2136.72	    0.0	    00000000     00000000	   1	[      2]
297   	0     	     14	     condition14	    598.1875	   2281.25	    0.0	    00000000     00000000	   1	[       ]
298   	0     	      2	      condition2	    598.8516	    664.06	    0.0	    00000000     00000000	   1	[       ]
299   	0     	      8	   NeutLargeDark	    600.5742	   1722.66	    0.0	    00000000     00000000	   1	[      5]
300   	0     	     10	 NeutLargeBright	    603.0078	   2433.59	    0.0	    00000000     00000000	   1	[      7]
301   	0     	     11	 NeutSmallBright	    605.4219	   2414.06	    0.0	    00000000     00000000	   1	[      8]
302   	0     	      6	  NegLargeBright	    607.5156	   2093.75	    0.0	    00000000     00000000	   1	[      3]
303   	0     	      6	  NegLargeBright	    609.9805	   2464.84	    0.0	    00000000     00000000	   1	[      3]
304   	0     	     10	 NeutLargeBright	    612.3242	   2343.75	    0.0	    00000000     00000000	   1	[      7]
305   	0     	      6	  NegLargeBright	    614.6484	   2324.22	    0.0	    00000000     00000000	   1	[      3]
306   	0     	     12	     condition12	    617.1133	   2464.84	    0.0	    00000000     00000000	   1	[       ]
307   	0     	      2	      condition2	    617.7188	    605.47	    0.0	    00000000     00000000	   1	[       ]
308   	0     	      9	   NeutSmallDark	    619.5352	   1816.41	    0.0	    00000000     00000000	   1	[      6]
309   	0     	      6	  NegLargeBright	    621.6914	   2156.25	    0.0	    00000000     00000000	   1	[      3]
310   	0     	      4	    NegLargeDark	    623.8828	   2191.41	    0.0	    00000000     00000000	   1	[      1]
311   	0     	      6	  NegLargeBright	    626.1680	   2285.16	    0.0	    00000000     00000000	   1	[      3]
312   	0     	      7	  NegSmallBright	    628.2930	   2125.00	    0.0	    00000000     00000000	   1	[      4]
313   	0     	     10	 NeutLargeBright	    630.7656	   2472.66	    0.0	    00000000     00000000	   1	[      7]
314   	0     	      5	    NegSmallDark	    633.1797	   2414.06	    0.0	    00000000     00000000	   1	[      2]
315   	0     	     11	 NeutSmallBright	    635.4219	   2242.19	    0.0	    00000000     00000000	   1	[      8]
316   	0     	     14	     condition14	    637.8281	   2406.25	    0.0	    00000000     00000000	   1	[       ]
317   	0     	      2	      condition2	    638.7695	    941.41	    0.0	    00000000     00000000	   1	[       ]
318   	0     	    253	              ""	    640.8438	   2074.22	    0.0	    00000000     00000000	   1	[       ]
319   	0     	      7	  NegSmallBright	    641.8438	   1000.00	    0.0	    00000000     00000000	   1	[      4]
320   	0     	      5	    NegSmallDark	    644.1172	   2273.44	    0.0	    00000000     00000000	   1	[      2]
321   	0     	      4	    NegLargeDark	    646.6133	   2496.09	    0.0	    00000000     00000000	   1	[      1]
322   	0     	     12	     condition12	    648.6953	   2082.03	    0.0	    00000000     00000000	   1	[       ]
323   	0     	      2	      condition2	    649.4961	    800.78	    0.0	    00000000     00000000	   1	[       ]
324   	0     	      4	    NegLargeDark	    651.1094	   1613.28	    0.0	    00000000     00000000	   1	[      1]
325   	0     	      7	  NegSmallBright	    653.6055	   2496.09	    0.0	    00000000     00000000	   1	[      4]
326   	0     	      5	    NegSmallDark	    655.8867	   2281.25	    0.0	    00000000     00000000	   1	[      2]
327   	0     	      9	   NeutSmallDark	    658.1328	   2246.09	    0.0	    00000000     00000000	   1	[      6]
328   	0     	      8	   NeutLargeDark	    660.5156	   2382.81	    0.0	    00000000     00000000	   1	[      5]
329   	0     	      7	  NegSmallBright	    662.5781	   2062.50	    0.0	    00000000     00000000	   1	[      4]
330   	0     	      8	   NeutLargeDark	    664.6836	   2105.47	    0.0	    00000000     00000000	   1	[      5]
331   	0     	      6	  NegLargeBright	    666.7461	   2062.50	    0.0	    00000000     00000000	   1	[      3]
332   	0     	      9	   NeutSmallDark	    668.8516	   2105.47	    0.0	    00000000     00000000	   1	[      6]
333   	0     	     10	 NeutLargeBright	    671.0742	   2222.66	    0.0	    00000000     00000000	   1	[      7]
334   	0     	      7	  NegSmallBright	    673.2383	   2164.06	    0.0	    00000000     00000000	   1	[      4]
335   	0     	      9	   NeutSmallDark	    675.3828	   2144.53	    0.0	    00000000     00000000	   1	[      6]
336   	0     	     13	     condition13	    677.6367	   2253.91	    0.0	    00000000     00000000	   1	[       ]
337   	0     	      2	      condition2	    678.1992	    562.50	    0.0	    00000000     00000000	   1	[       ]
338   	0     	     11	 NeutSmallBright	    680.0195	   1820.31	    0.0	    00000000     00000000	   1	[      8]
339   	0     	     11	 NeutSmallBright	    682.5234	   2503.91	    0.0	    00000000     00000000	   1	[      8]
340   	0     	      7	  NegSmallBright	    684.8906	   2367.19	    0.0	    00000000     00000000	   1	[      4]
341   	0     	      6	  NegLargeBright	    687.4141	   2523.44	    0.0	    00000000     00000000	   1	[      3]
342   	0     	      8	   NeutLargeDark	    689.6875	   2273.44	    0.0	    00000000     00000000	   1	[      5]
343   	0     	     12	     condition12	    692.0625	   2375.00	    0.0	    00000000     00000000	   1	[       ]
344   	0     	      2	      condition2	    692.6445	    582.03	    0.0	    00000000     00000000	   1	[       ]
345   	0     	      4	    NegLargeDark	    694.4766	   1832.03	    0.0	    00000000     00000000	   1	[      1]
346   	0     	      8	   NeutLargeDark	    696.8008	   2324.22	    0.0	    00000000     00000000	   1	[      5]
347   	0     	      5	    NegSmallDark	    699.1250	   2324.22	    0.0	    00000000     00000000	   1	[      2]
348   	0     	     12	     condition12	    701.4688	   2343.75	    0.0	    00000000     00000000	   1	[       ]
349   	0     	      2	      condition2	    702.0078	    539.06	    0.0	    00000000     00000000	   1	[       ]
350   	0     	      6	  NegLargeBright	    703.8320	   1824.22	    0.0	    00000000     00000000	   1	[      3]
351   	0     	     15	     condition15	    706.3164	   2484.38	    0.0	    00000000     00000000	   1	[       ]
352   	0     	      2	      condition2	    706.9336	    617.19	    0.0	    00000000     00000000	   1	[       ]
353   	0     	      6	  NegLargeBright	    708.4219	   1488.28	    0.0	    00000000     00000000	   1	[      3]
354   	0     	      9	   NeutSmallDark	    710.4531	   2031.25	    0.0	    00000000     00000000	   1	[      6]
355   	0     	     10	 NeutLargeBright	    712.7383	   2285.16	    0.0	    00000000     00000000	   1	[      7]
356   	0     	      9	   NeutSmallDark	    715.2305	   2492.19	    0.0	    00000000     00000000	   1	[      6]
357   	0     	     13	     condition13	    717.5469	   2316.41	    0.0	    00000000     00000000	   1	[       ]
358   	0     	      2	      condition2	    718.0938	    546.88	    0.0	    00000000     00000000	   1	[       ]
359   	0     	      7	  NegSmallBright	    719.9219	   1828.12	    0.0	    00000000     00000000	   1	[      4]
360   	0     	     14	     condition14	    722.3359	   2414.06	    0.0	    00000000     00000000	   1	[       ]
361   	0     	      2	      condition2	    722.9297	    593.75	    0.0	    00000000     00000000	   1	[       ]
362   	0     	      4	    NegLargeDark	    724.5000	   1570.31	    0.0	    00000000     00000000	   1	[      1]
363   	0     	      4	    NegLargeDark	    727.0312	   2531.25	    0.0	    00000000     00000000	   1	[      1]
364   	0     	      5	    NegSmallDark	    729.5273	   2496.09	    0.0	    00000000     00000000	   1	[      2]
365   	0     	      6	  NegLargeBright	    731.9219	   2394.53	    0.0	    00000000     00000000	   1	[      3]
366   	0     	     15	     condition15	    734.3555	   2433.59	    0.0	    00000000     00000000	   1	[       ]
367   	0     	      2	      condition2	    734.9961	    640.62	    0.0	    00000000     00000000	   1	[       ]
368   	0     	     11	 NeutSmallBright	    736.6211	   1625.00	    0.0	    00000000     00000000	   1	[      8]
369   	0     	     10	 NeutLargeBright	    739.1133	   2492.19	    0.0	    00000000     00000000	   1	[      7]
370   	0     	     13	     condition13	    741.3867	   2273.44	    0.0	    00000000     00000000	   1	[       ]
371   	0     	      2	      condition2	    741.9609	    574.22	    0.0	    00000000     00000000	   1	[       ]
372   	0     	      5	    NegSmallDark	    743.8711	   1910.16	    0.0	    00000000     00000000	   1	[      2]
373   	0     	     12	     condition12	    746.3672	   2496.09	    0.0	    00000000     00000000	   1	[       ]
374   	0     	      2	      condition2	    747.2305	    863.28	    0.0	    00000000     00000000	   1	[       ]
375   	0     	     13	     condition13	    748.8203	   1589.84	    0.0	    00000000     00000000	   1	[       ]
376   	0     	      2	      condition2	    749.5586	    738.28	    0.0	    00000000     00000000	   1	[       ]
377   	0     	      7	  NegSmallBright	    751.1133	   1554.69	    0.0	    00000000     00000000	   1	[      4]
378   	0     	     11	 NeutSmallBright	    753.5586	   2445.31	    0.0	    00000000     00000000	   1	[      8]
379   	0     	      5	    NegSmallDark	    755.6328	   2074.22	    0.0	    00000000     00000000	   1	[      2]
380   	0     	      7	  NegSmallBright	    757.8164	   2183.59	    0.0	    00000000     00000000	   1	[      4]
381   	0     	      7	  NegSmallBright	    760.2227	   2406.25	    0.0	    00000000     00000000	   1	[      4]
382   	0     	      7	  NegSmallBright	    762.3438	   2121.09	    0.0	    00000000     00000000	   1	[      4]
383   	0     	      9	   NeutSmallDark	    764.5391	   2195.31	    0.0	    00000000     00000000	   1	[      6]
384   	0     	      8	   NeutLargeDark	    766.9023	   2363.28	    0.0	    00000000     00000000	   1	[      5]
385   	0     	      7	  NegSmallBright	    769.3672	   2464.84	    0.0	    00000000     00000000	   1	[      4]
386   	0     	     11	 NeutSmallBright	    771.8203	   2453.12	    0.0	    00000000     00000000	   1	[      8]
387   	0     	      4	    NegLargeDark	    774.1367	   2316.41	    0.0	    00000000     00000000	   1	[      1]
388   	0     	     14	     condition14	    776.6016	   2464.84	    0.0	    00000000     00000000	   1	[       ]
389   	0     	      2	      condition2	    777.2109	    609.38	    0.0	    00000000     00000000	   1	[       ]
390   	0     	     10	 NeutLargeBright	    778.6641	   1453.12	    0.0	    00000000     00000000	   1	[      7]
391   	0     	      5	    NegSmallDark	    781.1562	   2492.19	    0.0	    00000000     00000000	   1	[      2]
392   	0     	      5	    NegSmallDark	    783.3633	   2207.03	    0.0	    00000000     00000000	   1	[      2]
393   	0     	      6	  NegLargeBright	    785.6172	   2253.91	    0.0	    00000000     00000000	   1	[      3]
394   	0     	      8	   NeutLargeDark	    788.0898	   2472.66	    0.0	    00000000     00000000	   1	[      5]
395   	0     	      4	    NegLargeDark	    790.4258	   2335.94	    0.0	    00000000     00000000	   1	[      1]
396   	0     	     15	     condition15	    792.5391	   2113.28	    0.0	    00000000     00000000	   1	[       ]
397   	0     	      2	      condition2	    793.3945	    855.47	    0.0	    00000000     00000000	   1	[       ]
398   	0     	      4	    NegLargeDark	    794.7734	   1378.91	    0.0	    00000000     00000000	   1	[      1]
399   	0     	      9	   NeutSmallDark	    797.1562	   2382.81	    0.0	    00000000     00000000	   1	[      6]
400   	0     	      5	    NegSmallDark	    799.4883	   2332.03	    0.0	    00000000     00000000	   1	[      2]
401   	0     	      4	    NegLargeDark	    801.8945	   2406.25	    0.0	    00000000     00000000	   1	[      1]
402   	0     	    253	              ""	    804.3281	   2433.59	    0.0	    00000000     00000000	   1	[       ]
403   	0     	     12	     condition12	    805.3438	   1015.62	    0.0	    00000000     00000000	   1	[       ]
404   	0     	      2	      condition2	    805.9180	    574.22	    0.0	    00000000     00000000	   1	[       ]
405   	0     	      9	   NeutSmallDark	    807.4453	   1527.34	    0.0	    00000000     00000000	   1	[      6]
406   	0     	      9	   NeutSmallDark	    809.7812	   2335.94	    0.0	    00000000     00000000	   1	[      6]
407   	0     	      8	   NeutLargeDark	    811.9336	   2152.34	    0.0	    00000000     00000000	   1	[      5]
408   	0     	      6	  NegLargeBright	    814.3477	   2414.06	    0.0	    00000000     00000000	   1	[      3]
409   	0     	      6	  NegLargeBright	    816.6523	   2304.69	    0.0	    00000000     00000000	   1	[      3]
410   	0     	      5	    NegSmallDark	    818.9258	   2273.44	    0.0	    00000000     00000000	   1	[      2]
411   	0     	     11	 NeutSmallBright	    821.1016	   2175.78	    0.0	    00000000     00000000	   1	[      8]
412   	0     	      9	   NeutSmallDark	    823.2539	   2152.34	    0.0	    00000000     00000000	   1	[      6]
413   	0     	      6	  NegLargeBright	    825.5273	   2273.44	    0.0	    00000000     00000000	   1	[      3]
414   	0     	      4	    NegLargeDark	    827.5938	   2066.41	    0.0	    00000000     00000000	   1	[      1]
415   	0     	      8	   NeutLargeDark	    829.7852	   2191.41	    0.0	    00000000     00000000	   1	[      5]
416   	0     	      5	    NegSmallDark	    832.2188	   2433.59	    0.0	    00000000     00000000	   1	[      2]
417   	0     	     11	 NeutSmallBright	    834.2734	   2054.69	    0.0	    00000000     00000000	   1	[      8]
418   	0     	     12	     condition12	    836.7070	   2433.59	    0.0	    00000000     00000000	   1	[       ]
419   	0     	      2	      condition2	    837.2656	    558.59	    0.0	    00000000     00000000	   1	[       ]
420   	0     	      5	    NegSmallDark	    838.9531	   1687.50	    0.0	    00000000     00000000	   1	[      2]
421   	0     	     13	     condition13	    840.9844	   2031.25	    0.0	    00000000     00000000	   1	[       ]
422   	0     	      2	      condition2	    841.4766	    492.19	    0.0	    00000000     00000000	   1	[       ]
423   	0     	     11	 NeutSmallBright	    843.2305	   1753.91	    0.0	    00000000     00000000	   1	[      8]
424   	0     	      9	   NeutSmallDark	    845.4141	   2183.59	    0.0	    00000000     00000000	   1	[      6]
425   	0     	     10	 NeutLargeBright	    847.8477	   2433.59	    0.0	    00000000     00000000	   1	[      7]
426   	0     	     10	 NeutLargeBright	    849.9414	   2093.75	    0.0	    00000000     00000000	   1	[      7]
427   	0     	      4	    NegLargeDark	    852.1172	   2175.78	    0.0	    00000000     00000000	   1	[      1]
428   	0     	      5	    NegSmallDark	    854.2773	   2160.16	    0.0	    00000000     00000000	   1	[      2]
429   	0     	      9	   NeutSmallDark	    856.6133	   2335.94	    0.0	    00000000     00000000	   1	[      6]
430   	0     	      9	   NeutSmallDark	    858.6953	   2082.03	    0.0	    00000000     00000000	   1	[      6]
431   	0     	      6	  NegLargeBright	    860.7305	   2035.16	    0.0	    00000000     00000000	   1	[      3]
432   	0     	     10	 NeutLargeBright	    863.1250	   2394.53	    0.0	    00000000     00000000	   1	[      7]
433   	0     	      8	   NeutLargeDark	    865.6406	   2515.62	    0.0	    00000000     00000000	   1	[      5]
434   	0     	      5	    NegSmallDark	    867.8125	   2171.88	    0.0	    00000000     00000000	   1	[      2]
435   	0     	      8	   NeutLargeDark	    870.3164	   2503.91	    0.0	    00000000     00000000	   1	[      5]
436   	0     	     10	 NeutLargeBright	    872.8320	   2515.62	    0.0	    00000000     00000000	   1	[      7]
437   	0     	      7	  NegSmallBright	    875.2070	   2375.00	    0.0	    00000000     00000000	   1	[      4]
438   	0     	      9	   NeutSmallDark	    877.6016	   2394.53	    0.0	    00000000     00000000	   1	[      6]
439   	0     	      6	  NegLargeBright	    880.0234	   2421.88	    0.0	    00000000     00000000	   1	[      3]
440   	0     	      4	    NegLargeDark	    882.5000	   2476.56	    0.0	    00000000     00000000	   1	[      1]
441   	0     	     11	 NeutSmallBright	    884.6328	   2132.81	    0.0	    00000000     00000000	   1	[      8]
442   	0     	      9	   NeutSmallDark	    886.7578	   2125.00	    0.0	    00000000     00000000	   1	[      6]
443   	0     	      9	   NeutSmallDark	    889.0820	   2324.22	    0.0	    00000000     00000000	   1	[      6]
444   	0     	      9	   NeutSmallDark	    891.5742	   2492.19	    0.0	    00000000     00000000	   1	[      6]
445   	0     	      5	    NegSmallDark	    893.8672	   2292.97	    0.0	    00000000     00000000	   1	[      2]
446   	0     	      6	  NegLargeBright	    896.3633	   2496.09	    0.0	    00000000     00000000	   1	[      3]
447   	0     	      4	    NegLargeDark	    898.4258	   2062.50	    0.0	    00000000     00000000	   1	[      1]
448   	0     	      9	   NeutSmallDark	    900.6016	   2175.78	    0.0	    00000000     00000000	   1	[      6]
449   	0     	      5	    NegSmallDark	    902.6641	   2062.50	    0.0	    00000000     00000000	   1	[      2]
450   	0     	      8	   NeutLargeDark	    904.7695	   2105.47	    0.0	    00000000     00000000	   1	[      5]
451   	0     	     10	 NeutLargeBright	    907.2422	   2472.66	    0.0	    00000000     00000000	   1	[      7]
452   	0     	     11	 NeutSmallBright	    909.5664	   2324.22	    0.0	    00000000     00000000	   1	[      8]
453   	0     	      4	    NegLargeDark	    911.9219	   2355.47	    0.0	    00000000     00000000	   1	[      1]
454   	0     	      6	  NegLargeBright	    914.1641	   2242.19	    0.0	    00000000     00000000	   1	[      3]
455   	0     	      5	    NegSmallDark	    916.3672	   2203.12	    0.0	    00000000     00000000	   1	[      2]
456   	0     	     15	     condition15	    918.8711	   2503.91	    0.0	    00000000     00000000	   1	[       ]
457   	0     	      2	      condition2	    919.5859	    714.84	    0.0	    00000000     00000000	   1	[       ]
458   	0     	      5	    NegSmallDark	    921.1172	   1531.25	    0.0	    00000000     00000000	   1	[      2]
459   	0     	     11	 NeutSmallBright	    923.6016	   2484.38	    0.0	    00000000     00000000	   1	[      8]
460   	0     	      7	  NegSmallBright	    925.6328	   2031.25	    0.0	    00000000     00000000	   1	[      4]
461   	0     	      5	    NegSmallDark	    927.7578	   2125.00	    0.0	    00000000     00000000	   1	[      2]
462   	0     	      4	    NegLargeDark	    930.0508	   2292.97	    0.0	    00000000     00000000	   1	[      1]
463   	0     	      5	    NegSmallDark	    932.2148	   2164.06	    0.0	    00000000     00000000	   1	[      2]
464   	0     	      7	  NegSmallBright	    934.2578	   2042.97	    0.0	    00000000     00000000	   1	[      4]
465   	0     	      5	    NegSmallDark	    936.3516	   2093.75	    0.0	    00000000     00000000	   1	[      2]
466   	0     	     14	     condition14	    938.4375	   2085.94	    0.0	    00000000     00000000	   1	[       ]
467   	0     	      2	      condition2	    939.1562	    718.75	    0.0	    00000000     00000000	   1	[       ]
468   	0     	      6	  NegLargeBright	    940.6602	   1503.91	    0.0	    00000000     00000000	   1	[      3]
469   	0     	     15	     condition15	    942.8750	   2214.84	    0.0	    00000000     00000000	   1	[       ]
470   	0     	      2	      condition2	    944.0312	   1156.25	    0.0	    00000000     00000000	   1	[       ]
471   	0     	      8	   NeutLargeDark	    945.3984	   1367.19	    0.0	    00000000     00000000	   1	[      5]
472   	0     	      7	  NegSmallBright	    947.5625	   2164.06	    0.0	    00000000     00000000	   1	[      4]
473   	0     	      8	   NeutLargeDark	    949.8789	   2316.41	    0.0	    00000000     00000000	   1	[      5]
474   	0     	      6	  NegLargeBright	    952.0820	   2203.12	    0.0	    00000000     00000000	   1	[      3]
475   	0     	      5	    NegSmallDark	    954.1641	   2082.03	    0.0	    00000000     00000000	   1	[      2]
476   	0     	      9	   NeutSmallDark	    956.3789	   2214.84	    0.0	    00000000     00000000	   1	[      6]
477   	0     	      8	   NeutLargeDark	    958.7734	   2394.53	    0.0	    00000000     00000000	   1	[      5]
478   	0     	     11	 NeutSmallBright	    960.8047	   2031.25	    0.0	    00000000     00000000	   1	[      8]
479   	0     	     13	     condition13	    964.0508	   3246.09	    0.0	    00000000     00000000	   1	[       ]
480   	0     	      2	      condition2	    964.6289	    578.12	    0.0	    00000000     00000000	   1	[       ]
481   	0     	      6	  NegLargeBright	    966.1055	   1476.56	    0.0	    00000000     00000000	   1	[      3]
482   	0     	     10	 NeutLargeBright	    968.3984	   2292.97	    0.0	    00000000     00000000	   1	[      7]
483   	0     	     13	     condition13	    970.6016	   2203.12	    0.0	    00000000     00000000	   1	[       ]
484   	0     	      2	      condition2	    971.1484	    546.88	    0.0	    00000000     00000000	   1	[       ]
485   	0     	      9	   NeutSmallDark	    972.7266	   1578.12	    0.0	    00000000     00000000	   1	[      6]
486   	0     	      7	  NegSmallBright	    974.8594	   2132.81	    0.0	    00000000     00000000	   1	[      4]
487   	0     	      9	   NeutSmallDark	    977.3359	   2476.56	    0.0	    00000000     00000000	   1	[      6]
488   	0     	     14	     condition14	    979.3867	   2050.78	    0.0	    00000000     00000000	   1	[       ]
489   	0     	      2	      condition2	    979.9336	    546.88	    0.0	    00000000     00000000	   1	[       ]
490   	0     	      9	   NeutSmallDark	    981.8711	   1937.50	    0.0	    00000000     00000000	   1	[      6]
491   	0     	      7	  NegSmallBright	    983.9570	   2085.94	    0.0	    00000000     00000000	   1	[      4]
492   	0     	      7	  NegSmallBright	    986.3594	   2402.34	    0.0	    00000000     00000000	   1	[      4]
493   	0     	      8	   NeutLargeDark	    988.4023	   2042.97	    0.0	    00000000     00000000	   1	[      5]
494   	0     	      9	   NeutSmallDark	    990.9102	   2507.81	    0.0	    00000000     00000000	   1	[      6]
495   	0     	     10	 NeutLargeBright	    993.2539	   2343.75	    0.0	    00000000     00000000	   1	[      7]
496   	0     	      9	   NeutSmallDark	    995.4180	   2164.06	    0.0	    00000000     00000000	   1	[      6]
497   	0     	     15	     condition15	    997.7617	   2343.75	    0.0	    00000000     00000000	   1	[       ]
498   	0     	      2	      condition2	    998.3828	    621.09	    0.0	    00000000     00000000	   1	[       ]
499   	0     	      5	    NegSmallDark	   1000.0742	   1691.41	    0.0	    00000000     00000000	   1	[      2]
500   	0     	      7	  NegSmallBright	   1002.4570	   2382.81	    0.0	    00000000     00000000	   1	[      4]
501   	0     	      6	  NegLargeBright	   1004.5742	   2117.19	    0.0	    00000000     00000000	   1	[      3]
502   	0     	     11	 NeutSmallBright	   1006.8164	   2242.19	    0.0	    00000000     00000000	   1	[      8]
503   	0     	     11	 NeutSmallBright	   1009.2891	   2472.66	    0.0	    00000000     00000000	   1	[      8]
504   	0     	     11	 NeutSmallBright	   1011.7852	   2496.09	    0.0	    00000000     00000000	   1	[      8]
505   	0     	     10	 NeutLargeBright	   1013.8398	   2054.69	    0.0	    00000000     00000000	   1	[      7]
506   	0     	     15	     condition15	   1016.3125	   2472.66	    0.0	    00000000     00000000	   1	[       ]
507   	0     	      2	      condition2	   1016.9648	    652.34	    0.0	    00000000     00000000	   1	[       ]
508   	0     	     11	 NeutSmallBright	   1018.7969	   1832.03	    0.0	    00000000     00000000	   1	[      8]
509   	0     	     11	 NeutSmallBright	   1020.9023	   2105.47	    0.0	    00000000     00000000	   1	[      8]
510   	0     	     12	     condition12	   1023.0742	   2171.88	    0.0	    00000000     00000000	   1	[       ]
511   	0     	      2	      condition2	   1023.6445	    570.31	    0.0	    00000000     00000000	   1	[       ]
512   	0     	      9	   NeutSmallDark	   1025.2891	   1644.53	    0.0	    00000000     00000000	   1	[      6]
513   	0     	      6	  NegLargeBright	   1027.7734	   2484.38	    0.0	    00000000     00000000	   1	[      3]
514   	0     	     11	 NeutSmallBright	   1030.1172	   2343.75	    0.0	    00000000     00000000	   1	[      8]
515   	0     	     14	     condition14	   1032.4297	   2312.50	    0.0	    00000000     00000000	   1	[       ]
516   	0     	      2	      condition2	   1033.0156	    585.94	    0.0	    00000000     00000000	   1	[       ]
517   	0     	     13	     condition13	   1034.4844	   1468.75	    0.0	    00000000     00000000	   1	[       ]
518   	0     	      2	      condition2	   1035.0195	    535.16	    0.0	    00000000     00000000	   1	[       ]
519   	0     	      5	    NegSmallDark	   1036.9883	   1968.75	    0.0	    00000000     00000000	   1	[      2]
520   	0     	      4	    NegLargeDark	   1039.2227	   2234.38	    0.0	    00000000     00000000	   1	[      1]
521   	0     	      8	   NeutLargeDark	   1041.3086	   2085.94	    0.0	    00000000     00000000	   1	[      5]
522   	0     	      8	   NeutLargeDark	   1043.4023	   2093.75	    0.0	    00000000     00000000	   1	[      5]
523   	0     	      6	  NegLargeBright	   1045.4961	   2093.75	    0.0	    00000000     00000000	   1	[      3]
524   	0     	      8	   NeutLargeDark	   1047.7383	   2242.19	    0.0	    00000000     00000000	   1	[      5]
525   	0     	      7	  NegSmallBright	   1049.8711	   2132.81	    0.0	    00000000     00000000	   1	[      4]
526   	0     	      7	  NegSmallBright	   1051.9453	   2074.22	    0.0	    00000000     00000000	   1	[      4]
527   	0     	      6	  NegLargeBright	   1054.1406	   2195.31	    0.0	    00000000     00000000	   1	[      3]
528   	0     	      4	    NegLargeDark	   1056.5938	   2453.12	    0.0	    00000000     00000000	   1	[      1]
529   	0     	     12	     condition12	   1059.0586	   2464.84	    0.0	    00000000     00000000	   1	[       ]
530   	0     	      2	      condition2	   1059.5859	    527.34	    0.0	    00000000     00000000	   1	[       ]
531   	0     	      4	    NegLargeDark	   1061.2617	   1675.78	    0.0	    00000000     00000000	   1	[      1]
532   	0     	      6	  NegLargeBright	   1063.6367	   2375.00	    0.0	    00000000     00000000	   1	[      3]
533   	0     	      4	    NegLargeDark	   1065.9297	   2292.97	    0.0	    00000000     00000000	   1	[      1]
534   	0     	     10	 NeutLargeBright	   1068.1641	   2234.38	    0.0	    00000000     00000000	   1	[      7]
535   	0     	     12	     condition12	   1070.5195	   2355.47	    0.0	    00000000     00000000	   1	[       ]
536   	0     	      2	      condition2	   1071.0195	    500.00	    0.0	    00000000     00000000	   1	[       ]
537   	0     	     11	 NeutSmallBright	   1072.9336	   1914.06	    0.0	    00000000     00000000	   1	[      8]
538   	0     	     10	 NeutLargeBright	   1075.1484	   2214.84	    0.0	    00000000     00000000	   1	[      7]
539   	0     	      5	    NegSmallDark	   1077.4023	   2253.91	    0.0	    00000000     00000000	   1	[      2]
540   	0     	      5	    NegSmallDark	   1079.5859	   2183.59	    0.0	    00000000     00000000	   1	[      2]
541   	0     	      5	    NegSmallDark	   1082.0195	   2433.59	    0.0	    00000000     00000000	   1	[      2]
542   	0     	      8	   NeutLargeDark	   1084.3516	   2332.03	    0.0	    00000000     00000000	   1	[      5]
543   	0     	     15	     condition15	   1086.4180	   2066.41	    0.0	    00000000     00000000	   1	[       ]
544   	0     	      2	      condition2	   1087.1094	    691.41	    0.0	    00000000     00000000	   1	[       ]
545   	0     	      4	    NegLargeDark	   1088.9102	   1800.78	    0.0	    00000000     00000000	   1	[      1]
546   	0     	     13	     condition13	   1091.4062	   2496.09	    0.0	    00000000     00000000	   1	[       ]
547   	0     	      2	      condition2	   1091.9570	    550.78	    0.0	    00000000     00000000	   1	[       ]
548   	0     	      4	    NegLargeDark	   1093.4688	   1511.72	    0.0	    00000000     00000000	   1	[      1]
549   	0     	      8	   NeutLargeDark	   1095.7109	   2242.19	    0.0	    00000000     00000000	   1	[      5]
550   	0     	     10	 NeutLargeBright	   1098.1484	   2437.50	    0.0	    00000000     00000000	   1	[      7]
551   	0     	     15	     condition15	   1100.4609	   2312.50	    0.0	    00000000     00000000	   1	[       ]
552   	0     	      2	      condition2	   1101.6172	   1156.25	    0.0	    00000000     00000000	   1	[       ]
553   	0     	      7	  NegSmallBright	   1102.7852	   1167.97	    0.0	    00000000     00000000	   1	[      4]
554   	0     	      7	  NegSmallBright	   1104.9180	   2132.81	    0.0	    00000000     00000000	   1	[      4]
555   	0     	     11	 NeutSmallBright	   1107.0508	   2132.81	    0.0	    00000000     00000000	   1	[      8]
556   	0     	     11	 NeutSmallBright	   1109.3984	   2347.66	    0.0	    00000000     00000000	   1	[      8]
557   	0     	     15	     condition15	   1111.6797	   2281.25	    0.0	    00000000     00000000	   1	[       ]
558   	0     	      2	      condition2	   1112.4102	    730.47	    0.0	    00000000     00000000	   1	[       ]
559   	0     	      4	    NegLargeDark	   1114.0859	   1675.78	    0.0	    00000000     00000000	   1	[      1]
560   	0     	     12	     condition12	   1116.5977	   2511.72	    0.0	    00000000     00000000	   1	[       ]
561   	0     	      2	      condition2	   1117.1328	    535.16	    0.0	    00000000     00000000	   1	[       ]
562   	0     	     11	 NeutSmallBright	   1118.7852	   1652.34	    0.0	    00000000     00000000	   1	[      8]
563   	0     	      9	   NeutSmallDark	   1120.9766	   2191.41	    0.0	    00000000     00000000	   1	[      6]
564   	0     	    253	              ""	   1123.6719	   2695.31	    0.0	    00000000     00000000	   1	[       ]
565   	0     	     15	     condition15	   1124.6719	   1000.00	    0.0	    00000000     00000000	   1	[       ]
566   	0     	      2	      condition2	   1125.2344	    562.50	    0.0	    00000000     00000000	   1	[       ]
567   	0     	     10	 NeutLargeBright	   1126.8672	   1632.81	    0.0	    00000000     00000000	   1	[      7]
568   	0     	      8	   NeutLargeDark	   1129.3203	   2453.12	    0.0	    00000000     00000000	   1	[      5]
569   	0     	     14	     condition14	   1131.6328	   2312.50	    0.0	    00000000     00000000	   1	[       ]
570   	0     	      2	      condition2	   1132.1602	    527.34	    0.0	    00000000     00000000	   1	[       ]
571   	0     	      4	    NegLargeDark	   1133.9102	   1750.00	    0.0	    00000000     00000000	   1	[      1]
572   	0     	      7	  NegSmallBright	   1136.2812	   2371.09	    0.0	    00000000     00000000	   1	[      4]
573   	0     	     13	     condition13	   1138.7461	   2464.84	    0.0	    00000000     00000000	   1	[       ]
574   	0     	      2	      condition2	   1139.2734	    527.34	    0.0	    00000000     00000000	   1	[       ]
575   	0     	      5	    NegSmallDark	   1141.0820	   1808.59	    0.0	    00000000     00000000	   1	[      2]
576   	0     	     11	 NeutSmallBright	   1143.1641	   2082.03	    0.0	    00000000     00000000	   1	[      8]
577   	0     	     12	     condition12	   1145.2266	   2062.50	    0.0	    00000000     00000000	   1	[       ]
578   	0     	      2	      condition2	   1145.7617	    535.16	    0.0	    00000000     00000000	   1	[       ]
579   	0     	     11	 NeutSmallBright	   1147.5312	   1769.53	    0.0	    00000000     00000000	   1	[      8]
580   	0     	     10	 NeutLargeBright	   1150.0586	   2527.34	    0.0	    00000000     00000000	   1	[      7]
581   	0     	      8	   NeutLargeDark	   1152.3828	   2324.22	    0.0	    00000000     00000000	   1	[      5]
582   	0     	      7	  NegSmallBright	   1154.8047	   2421.88	    0.0	    00000000     00000000	   1	[      4]
583   	0     	     15	     condition15	   1157.2500	   2445.31	    0.0	    00000000     00000000	   1	[       ]
584   	0     	      2	      condition2	   1157.8789	    628.91	    0.0	    00000000     00000000	   1	[       ]
585   	0     	      4	    NegLargeDark	   1159.3633	   1484.38	    0.0	    00000000     00000000	   1	[      1]
586   	0     	     15	     condition15	   1161.5664	   2203.12	    0.0	    00000000     00000000	   1	[       ]
587   	0     	      2	      condition2	   1162.1289	    562.50	    0.0	    00000000     00000000	   1	[       ]
588   	0     	      4	    NegLargeDark	   1163.9531	   1824.22	    0.0	    00000000     00000000	   1	[      1]
589   	0     	      4	    NegLargeDark	   1166.1641	   2210.94	    0.0	    00000000     00000000	   1	[      1]
590   	0     	      5	    NegSmallDark	   1168.3477	   2183.59	    0.0	    00000000     00000000	   1	[      2]
591   	0     	      9	   NeutSmallDark	   1170.8242	   2476.56	    0.0	    00000000     00000000	   1	[      6]
592   	0     	     10	 NeutLargeBright	   1172.8984	   2074.22	    0.0	    00000000     00000000	   1	[      7]
593   	0     	      6	  NegLargeBright	   1175.2695	   2371.09	    0.0	    00000000     00000000	   1	[      3]
594   	0     	      6	  NegLargeBright	   1177.6367	   2367.19	    0.0	    00000000     00000000	   1	[      3]
595   	0     	      5	    NegSmallDark	   1179.7109	   2074.22	    0.0	    00000000     00000000	   1	[      2]
596   	0     	      8	   NeutLargeDark	   1182.2422	   2531.25	    0.0	    00000000     00000000	   1	[      5]
597   	0     	      7	  NegSmallBright	   1184.4766	   2234.38	    0.0	    00000000     00000000	   1	[      4]
598   	0     	      7	  NegSmallBright	   1186.7812	   2304.69	    0.0	    00000000     00000000	   1	[      4]
599   	0     	     10	 NeutLargeBright	   1189.0039	   2222.66	    0.0	    00000000     00000000	   1	[      7]
600   	0     	     10	 NeutLargeBright	   1191.1602	   2156.25	    0.0	    00000000     00000000	   1	[      7]
601   	0     	     11	 NeutSmallBright	   1193.4414	   2281.25	    0.0	    00000000     00000000	   1	[      8]
602   	0     	      4	    NegLargeDark	   1195.6172	   2175.78	    0.0	    00000000     00000000	   1	[      1]
603   	0     	     15	     condition15	   1197.6719	   2054.69	    0.0	    00000000     00000000	   1	[       ]
604   	0     	      2	      condition2	   1198.3594	    687.50	    0.0	    00000000     00000000	   1	[       ]
605   	0     	     11	 NeutSmallBright	   1199.9141	   1554.69	    0.0	    00000000     00000000	   1	[      8]
606   	0     	     14	     condition14	   1201.9570	   2042.97	    0.0	    00000000     00000000	   1	[       ]
607   	0     	      2	      condition2	   1202.6914	    734.38	    0.0	    00000000     00000000	   1	[       ]
608   	0     	     11	 NeutSmallBright	   1204.1406	   1449.22	    0.0	    00000000     00000000	   1	[      8]
609   	0     	      8	   NeutLargeDark	   1206.1836	   2042.97	    0.0	    00000000     00000000	   1	[      5]
610   	0     	     12	     condition12	   1208.3477	   2164.06	    0.0	    00000000     00000000	   1	[       ]
611   	0     	      2	      condition2	   1208.9180	    570.31	    0.0	    00000000     00000000	   1	[       ]
612   	0     	      6	  NegLargeBright	   1210.5430	   1625.00	    0.0	    00000000     00000000	   1	[      3]
613   	0     	      5	    NegSmallDark	   1212.7656	   2222.66	    0.0	    00000000     00000000	   1	[      2]
614   	0     	     10	 NeutLargeBright	   1215.1016	   2335.94	    0.0	    00000000     00000000	   1	[      7]
615   	0     	     11	 NeutSmallBright	   1217.4258	   2324.22	    0.0	    00000000     00000000	   1	[      8]
616   	0     	      6	  NegLargeBright	   1219.6406	   2214.84	    0.0	    00000000     00000000	   1	[      3]
617   	0     	      4	    NegLargeDark	   1222.0352	   2394.53	    0.0	    00000000     00000000	   1	[      1]
618   	0     	      6	  NegLargeBright	   1224.5195	   2484.38	    0.0	    00000000     00000000	   1	[      3]
619   	0     	      7	  NegSmallBright	   1226.9219	   2402.34	    0.0	    00000000     00000000	   1	[      4]
620   	0     	     10	 NeutLargeBright	   1229.2148	   2292.97	    0.0	    00000000     00000000	   1	[      7]
621   	0     	      9	   NeutSmallDark	   1231.7109	   2496.09	    0.0	    00000000     00000000	   1	[      6]
622   	0     	      4	    NegLargeDark	   1233.9727	   2261.72	    0.0	    00000000     00000000	   1	[      1]
623   	0     	     11	 NeutSmallBright	   1236.3203	   2347.66	    0.0	    00000000     00000000	   1	[      8]
624   	0     	      8	   NeutLargeDark	   1238.6133	   2292.97	    0.0	    00000000     00000000	   1	[      5]
625   	0     	     15	     condition15	   1240.7773	   2164.06	    0.0	    00000000     00000000	   1	[       ]
626   	0     	      2	      condition2	   1241.5469	    769.53	    0.0	    00000000     00000000	   1	[       ]
627   	0     	     11	 NeutSmallBright	   1243.0391	   1492.19	    0.0	    00000000     00000000	   1	[      8]
628   	0     	     10	 NeutLargeBright	   1245.5547	   2515.62	    0.0	    00000000     00000000	   1	[      7]
629   	0     	      6	  NegLargeBright	   1247.9883	   2433.59	    0.0	    00000000     00000000	   1	[      3]
630   	0     	      5	    NegSmallDark	   1250.2812	   2292.97	    0.0	    00000000     00000000	   1	[      2]
631   	0     	      5	    NegSmallDark	   1252.3477	   2066.41	    0.0	    00000000     00000000	   1	[      2]
632   	0     	     11	 NeutSmallBright	   1254.5312	   2183.59	    0.0	    00000000     00000000	   1	[      8]
633   	0     	      5	    NegSmallDark	   1257.0430	   2511.72	    0.0	    00000000     00000000	   1	[      2]
634   	0     	     10	 NeutLargeBright	   1259.0977	   2054.69	    0.0	    00000000     00000000	   1	[      7]
635   	0     	      9	   NeutSmallDark	   1261.1406	   2042.97	    0.0	    00000000     00000000	   1	[      6]
636   	0     	     10	 NeutLargeBright	   1263.6055	   2464.84	    0.0	    00000000     00000000	   1	[      7]
637   	0     	      5	    NegSmallDark	   1265.6797	   2074.22	    0.0	    00000000     00000000	   1	[      2]
638   	0     	     11	 NeutSmallBright	   1268.0430	   2363.28	    0.0	    00000000     00000000	   1	[      8]
639   	0     	      9	   NeutSmallDark	   1270.2578	   2214.84	    0.0	    00000000     00000000	   1	[      6]
640   	0     	      7	  NegSmallBright	   1272.4023	   2144.53	    0.0	    00000000     00000000	   1	[      4]
641   	0     	     11	 NeutSmallBright	   1274.4844	   2082.03	    0.0	    00000000     00000000	   1	[      8]
642   	0     	     10	 NeutLargeBright	   1276.9609	   2476.56	    0.0	    00000000     00000000	   1	[      7]
643   	0     	      6	  NegLargeBright	   1279.1055	   2144.53	    0.0	    00000000     00000000	   1	[      3]
644   	0     	     11	 NeutSmallBright	   1281.4492	   2343.75	    0.0	    00000000     00000000	   1	[      8]
