#  Non-editable header begin --------------------------------------------------------------------------------
# 
#  data format...............: continuous
#  setname...................: BDF file
#  filename..................: none_specified
#  filepath..................: none_specified
#  nchan.....................: 64
#  pnts......................: 329216
#  srate.....................: 256
#  nevents...................: 644
#  generated by (bdf)........: 
#  generated by (set)........: BDF file
#  reported in ..............: 
#  prog Version..............: 8.02
#  creation date.............: 18-Nov-2020 16:55:18
#  user Account..............: 
# 
#  Non-editable header end --------------------------------------------------------------------------------

	bin 1,	# 60,	NegLargeDark
	bin 2,	# 60,	NegSmallDark
	bin 3,	# 60,	NegLargeBright
	bin 4,	# 60,	NegSmallBright
	bin 5,	# 60,	NeutLargeDark
	bin 6,	# 60,	NeutSmallDark
	bin 7,	# 60,	NeutLargeBright
	bin 8,	# 60,	NeutSmallBright



# item	 bepoch	  ecode	            label	      onset	          diff	     dura	b_flags	   a_flags	  enable	    bin
#                                                 (sec)           (msec)     (msec)    (binary)   (binary)


1     	0     	      4	    NegLargeDark	      1.0938	      0.00	    0.0	    00000000     00000000	   1	[      1]
2     	0     	      8	   NeutLargeDark	      3.3359	   2242.19	    0.0	    00000000     00000000	   1	[      5]
3     	0     	     11	 NeutSmallBright	      5.4922	   2156.25	    0.0	    00000000     00000000	   1	[      8]
4     	0     	      8	   NeutLargeDark	      7.7344	   2242.19	    0.0	    00000000     00000000	   1	[      5]
5     	0     	      4	    NegLargeDark	     10.0273	   2292.97	    0.0	    00000000     00000000	   1	[      1]
6     	0     	     10	 NeutLargeBright	     12.3438	   2316.41	    0.0	    00000000     00000000	   1	[      7]
7     	0     	      7	  NegSmallBright	     14.7969	   2453.12	    0.0	    00000000     00000000	   1	[      4]
8     	0     	      4	    NegLargeDark	     17.2500	   2453.12	    0.0	    00000000     00000000	   1	[      1]
9     	0     	      6	  NegLargeBright	     19.2852	   2035.16	    0.0	    00000000     00000000	   1	[      3]
10    	0     	      7	  NegSmallBright	     21.5000	   2214.84	    0.0	    00000000     00000000	   1	[      4]
11    	0     	     10	 NeutLargeBright	     23.8516	   2351.56	    0.0	    00000000     00000000	   1	[      7]
12    	0     	     11	 NeutSmallBright	     25.9648	   2113.28	    0.0	    00000000     00000000	   1	[      8]
13    	0     	     10	 NeutLargeBright	     28.1484	   2183.59	    0.0	    00000000     00000000	   1	[      7]
14    	0     	      5	    NegSmallDark	     30.4258	   2277.34	    0.0	    00000000     00000000	   1	[      2]
15    	0     	     10	 NeutLargeBright	     32.7266	   2300.78	    0.0	    00000000     00000000	   1	[      7]
16    	0     	      7	  NegSmallBright	     34.7734	   2046.88	    0.0	    00000000     00000000	   1	[      4]
17    	0     	     15	     condition15	     37.0742	   2300.78	    0.0	    00000000     00000000	   1	[       ]
18    	0     	      2	      condition2	     38.1914	   1117.19	    0.0	    00000000     00000000	   1	[       ]
19    	0     	     15	     condition15	     39.5586	   1367.19	    0.0	    00000000     00000000	   1	[       ]
20    	0     	      2	      condition2	     40.2500	    691.41	    0.0	    00000000     00000000	   1	[       ]
21    	0     	     12	     condition12	     41.9648	   1714.84	    0.0	    00000000     00000000	   1	[       ]
22    	0     	      2	      condition2	     42.4922	    527.34	    0.0	    00000000     00000000	   1	[       ]
23    	0     	      7	  NegSmallBright	     44.0078	   1515.62	    0.0	    00000000     00000000	   1	[      4]
24    	0     	      5	    NegSmallDark	     46.2031	   2195.31	    0.0	    00000000     00000000	   1	[      2]
25    	0     	      5	    NegSmallDark	     48.5977	   2394.53	    0.0	    00000000     00000000	   1	[      2]
26    	0     	     10	 NeutLargeBright	     50.7383	   2140.62	    0.0	    00000000     00000000	   1	[      7]
27    	0     	     11	 NeutSmallBright	     52.9453	   2207.03	    0.0	    00000000     00000000	   1	[      8]
28    	0     	      4	    NegLargeDark	     55.4375	   2492.19	    0.0	    00000000     00000000	   1	[      1]
29    	0     	      7	  NegSmallBright	     57.5625	   2125.00	    0.0	    00000000     00000000	   1	[      4]
30    	0     	      9	   NeutSmallDark	     59.7656	   2203.12	    0.0	    00000000     00000000	   1	[      6]
31    	0     	      6	  NegLargeBright	     62.1914	   2425.78	    0.0	    00000000     00000000	   1	[      3]
32    	0     	     15	     condition15	     64.6250	   2433.59	    0.0	    00000000     00000000	   1	[       ]
33    	0     	      2	      condition2	     65.4023	    777.34	    0.0	    00000000     00000000	   1	[       ]
34    	0     	     11	 NeutSmallBright	     67.0391	   1636.72	    0.0	    00000000     00000000	   1	[      8]
35    	0     	      4	    NegLargeDark	     69.2422	   2203.12	    0.0	    00000000     00000000	   1	[      1]
36    	0     	      7	  NegSmallBright	     71.3750	   2132.81	    0.0	    00000000     00000000	   1	[      4]
37    	0     	     13	     condition13	     73.6602	   2285.16	    0.0	    00000000     00000000	   1	[       ]
38    	0     	      2	      condition2	     74.1836	    523.44	    0.0	    00000000     00000000	   1	[       ]
39    	0     	      4	    NegLargeDark	     75.9023	   1718.75	    0.0	    00000000     00000000	   1	[      1]
40    	0     	      4	    NegLargeDark	     78.3281	   2425.78	    0.0	    00000000     00000000	   1	[      1]
41    	0     	      7	  NegSmallBright	     80.5625	   2234.38	    0.0	    00000000     00000000	   1	[      4]
42    	0     	     13	     condition13	     82.9375	   2375.00	    0.0	    00000000     00000000	   1	[       ]
43    	0     	      2	      condition2	     83.4766	    539.06	    0.0	    00000000     00000000	   1	[       ]
44    	0     	     11	 NeutSmallBright	     85.4102	   1933.59	    0.0	    00000000     00000000	   1	[      8]
45    	0     	     10	 NeutLargeBright	     87.6055	   2195.31	    0.0	    00000000     00000000	   1	[      7]
46    	0     	      5	    NegSmallDark	     90.1172	   2511.72	    0.0	    00000000     00000000	   1	[      2]
47    	0     	      9	   NeutSmallDark	     92.2227	   2105.47	    0.0	    00000000     00000000	   1	[      6]
48    	0     	      7	  NegSmallBright	     94.6055	   2382.81	    0.0	    00000000     00000000	   1	[      4]
49    	0     	     12	     condition12	     96.7305	   2125.00	    0.0	    00000000     00000000	   1	[       ]
50    	0     	      2	      condition2	     97.2891	    558.59	    0.0	    00000000     00000000	   1	[       ]
51    	0     	      8	   NeutLargeDark	     99.1953	   1906.25	    0.0	    00000000     00000000	   1	[      5]
52    	0     	     13	     condition13	    101.4180	   2222.66	    0.0	    00000000     00000000	   1	[       ]
53    	0     	      2	      condition2	    102.1797	    761.72	    0.0	    00000000     00000000	   1	[       ]
54    	0     	     14	     condition14	    103.8047	   1625.00	    0.0	    00000000     00000000	   1	[       ]
55    	0     	      2	      condition2	    104.2969	    492.19	    0.0	    00000000     00000000	   1	[       ]
56    	0     	      6	  NegLargeBright	    105.9766	   1679.69	    0.0	    00000000     00000000	   1	[      3]
57    	0     	      9	   NeutSmallDark	    108.1289	   2152.34	    0.0	    00000000     00000000	   1	[      6]
58    	0     	      4	    NegLargeDark	    110.6055	   2476.56	    0.0	    00000000     00000000	   1	[      1]
59    	0     	     13	     condition13	    113.0508	   2445.31	    0.0	    00000000     00000000	   1	[       ]
60    	0     	      2	      condition2	    113.5859	    535.16	    0.0	    00000000     00000000	   1	[       ]
61    	0     	      9	   NeutSmallDark	    115.0938	   1507.81	    0.0	    00000000     00000000	   1	[      6]
62    	0     	     11	 NeutSmallBright	    117.4180	   2324.22	    0.0	    00000000     00000000	   1	[      8]
63    	0     	      7	  NegSmallBright	    119.5117	   2093.75	    0.0	    00000000     00000000	   1	[      4]
64    	0     	      4	    NegLargeDark	    121.5547	   2042.97	    0.0	    00000000     00000000	   1	[      1]
65    	0     	      7	  NegSmallBright	    124.0078	   2453.12	    0.0	    00000000     00000000	   1	[      4]
66    	0     	     11	 NeutSmallBright	    126.3828	   2375.00	    0.0	    00000000     00000000	   1	[      8]
67    	0     	      6	  NegLargeBright	    128.4648	   2082.03	    0.0	    00000000     00000000	   1	[      3]
68    	0     	      5	    NegSmallDark	    130.7188	   2253.91	    0.0	    00000000     00000000	   1	[      2]
69    	0     	     11	 NeutSmallBright	    132.7734	   2054.69	    0.0	    00000000     00000000	   1	[      8]
70    	0     	      5	    NegSmallDark	    135.0078	   2234.38	    0.0	    00000000     00000000	   1	[      2]
71    	0     	      4	    NegLargeDark	    137.4727	   2464.84	    0.0	    00000000     00000000	   1	[      1]
72    	0     	      5	    NegSmallDark	    139.6758	   2203.12	    0.0	    00000000     00000000	   1	[      2]
73    	0     	      8	   NeutLargeDark	    142.1992	   2523.44	    0.0	    00000000     00000000	   1	[      5]
74    	0     	      6	  NegLargeBright	    144.5156	   2316.41	    0.0	    00000000     00000000	   1	[      3]
75    	0     	     11	 NeutSmallBright	    146.7500	   2234.38	    0.0	    00000000     00000000	   1	[      8]
76    	0     	     10	 NeutLargeBright	    149.1133	   2363.28	    0.0	    00000000     00000000	   1	[      7]
77    	0     	     10	 NeutLargeBright	    151.6172	   2503.91	    0.0	    00000000     00000000	   1	[      7]
78    	0     	      5	    NegSmallDark	    153.8516	   2234.38	    0.0	    00000000     00000000	   1	[      2]
79    	0     	      7	  NegSmallBright	    155.9766	   2125.00	    0.0	    00000000     00000000	   1	[      4]
80    	0     	      5	    NegSmallDark	    158.4609	   2484.38	    0.0	    00000000     00000000	   1	[      2]
81    	0     	    253	              ""	    160.4844	   2023.44	    0.0	    00000000     00000000	   1	[       ]
82    	0     	     15	     condition15	    161.4766	    992.19	    0.0	    00000000     00000000	   1	[       ]
83    	0     	      2	      condition2	    162.1641	    687.50	    0.0	    00000000     00000000	   1	[       ]
84    	0     	     12	     condition12	    163.8789	   1714.84	    0.0	    00000000     00000000	   1	[       ]
85    	0     	      2	      condition2	    164.3203	    441.41	    0.0	    00000000     00000000	   1	[       ]
86    	0     	      4	    NegLargeDark	    166.3047	   1984.38	    0.0	    00000000     00000000	   1	[      1]
87    	0     	      7	  NegSmallBright	    168.4180	   2113.28	    0.0	    00000000     00000000	   1	[      4]
88    	0     	      9	   NeutSmallDark	    170.4922	   2074.22	    0.0	    00000000     00000000	   1	[      6]
89    	0     	      9	   NeutSmallDark	    172.5742	   2082.03	    0.0	    00000000     00000000	   1	[      6]
90    	0     	      9	   NeutSmallDark	    174.8203	   2246.09	    0.0	    00000000     00000000	   1	[      6]
91    	0     	      4	    NegLargeDark	    176.9336	   2113.28	    0.0	    00000000     00000000	   1	[      1]
92    	0     	      8	   NeutLargeDark	    179.4258	   2492.19	    0.0	    00000000     00000000	   1	[      5]
93    	0     	     10	 NeutLargeBright	    181.7188	   2292.97	    0.0	    00000000     00000000	   1	[      7]
94    	0     	      6	  NegLargeBright	    184.1836	   2464.84	    0.0	    00000000     00000000	   1	[      3]
95    	0     	     14	     condition14	    186.4102	   2226.56	    0.0	    00000000     00000000	   1	[       ]
96    	0     	      2	      condition2	    187.1094	    699.22	    0.0	    00000000     00000000	   1	[       ]
97    	0     	      8	   NeutLargeDark	    188.5742	   1464.84	    0.0	    00000000     00000000	   1	[      5]
98    	0     	      9	   NeutSmallDark	    191.0859	   2511.72	    0.0	    00000000     00000000	   1	[      6]
99    	0     	     11	 NeutSmallBright	    193.1211	   2035.16	    0.0	    00000000     00000000	   1	[      8]
100   	0     	     11	 NeutSmallBright	    195.1758	   2054.69	    0.0	    00000000     00000000	   1	[      8]
101   	0     	      4	    NegLargeDark	    197.6484	   2472.66	    0.0	    00000000     00000000	   1	[      1]
102   	0     	     13	     condition13	    200.0430	   2394.53	    0.0	    00000000     00000000	   1	[       ]
103   	0     	      2	      condition2	    200.5469	    503.91	    0.0	    00000000     00000000	   1	[       ]
104   	0     	      7	  NegSmallBright	    202.3281	   1781.25	    0.0	    00000000     00000000	   1	[      4]
105   	0     	      7	  NegSmallBright	    204.6523	   2324.22	    0.0	    00000000     00000000	   1	[      4]
106   	0     	     10	 NeutLargeBright	    207.0156	   2363.28	    0.0	    00000000     00000000	   1	[      7]
107   	0     	      5	    NegSmallDark	    209.0898	   2074.22	    0.0	    00000000     00000000	   1	[      2]
108   	0     	     15	     condition15	    211.3711	   2281.25	    0.0	    00000000     00000000	   1	[       ]
109   	0     	      2	      condition2	    212.6406	   1269.53	    0.0	    00000000     00000000	   1	[       ]
110   	0     	     15	     condition15	    213.4453	    804.69	    0.0	    00000000     00000000	   1	[       ]
111   	0     	      2	      condition2	    213.9883	    542.97	    0.0	    00000000     00000000	   1	[       ]
112   	0     	     15	     condition15	    215.8516	   1863.28	    0.0	    00000000     00000000	   1	[       ]
113   	0     	      2	      condition2	    216.3438	    492.19	    0.0	    00000000     00000000	   1	[       ]
114   	0     	      8	   NeutLargeDark	    217.9648	   1621.09	    0.0	    00000000     00000000	   1	[      5]
115   	0     	      9	   NeutSmallDark	    220.3477	   2382.81	    0.0	    00000000     00000000	   1	[      6]
116   	0     	      4	    NegLargeDark	    222.8516	   2503.91	    0.0	    00000000     00000000	   1	[      1]
117   	0     	      8	   NeutLargeDark	    224.9648	   2113.28	    0.0	    00000000     00000000	   1	[      5]
118   	0     	     15	     condition15	    227.0820	   2117.19	    0.0	    00000000     00000000	   1	[       ]
119   	0     	      2	      condition2	    227.5938	    511.72	    0.0	    00000000     00000000	   1	[       ]
120   	0     	      8	   NeutLargeDark	    229.1328	   1539.06	    0.0	    00000000     00000000	   1	[      5]
121   	0     	      9	   NeutSmallDark	    231.1758	   2042.97	    0.0	    00000000     00000000	   1	[      6]
122   	0     	     14	     condition14	    233.4531	   2277.34	    0.0	    00000000     00000000	   1	[       ]
123   	0     	      2	      condition2	    234.0664	    613.28	    0.0	    00000000     00000000	   1	[       ]
124   	0     	     10	 NeutLargeBright	    235.9570	   1890.62	    0.0	    00000000     00000000	   1	[      7]
125   	0     	      7	  NegSmallBright	    238.4219	   2464.84	    0.0	    00000000     00000000	   1	[      4]
126   	0     	      6	  NegLargeBright	    240.8633	   2441.41	    0.0	    00000000     00000000	   1	[      3]
127   	0     	      5	    NegSmallDark	    243.3086	   2445.31	    0.0	    00000000     00000000	   1	[      2]
128   	0     	     11	 NeutSmallBright	    245.5039	   2195.31	    0.0	    00000000     00000000	   1	[      8]
129   	0     	     15	     condition15	    247.8984	   2394.53	    0.0	    00000000     00000000	   1	[       ]
130   	0     	      2	      condition2	    248.5039	    605.47	    0.0	    00000000     00000000	   1	[       ]
131   	0     	      6	  NegLargeBright	    250.0820	   1578.12	    0.0	    00000000     00000000	   1	[      3]
132   	0     	      4	    NegLargeDark	    252.4336	   2351.56	    0.0	    00000000     00000000	   1	[      1]
133   	0     	      8	   NeutLargeDark	    254.6602	   2226.56	    0.0	    00000000     00000000	   1	[      5]
134   	0     	     11	 NeutSmallBright	    256.8438	   2183.59	    0.0	    00000000     00000000	   1	[      8]
135   	0     	      5	    NegSmallDark	    258.9062	   2062.50	    0.0	    00000000     00000000	   1	[      2]
136   	0     	     15	     condition15	    261.1992	   2292.97	    0.0	    00000000     00000000	   1	[       ]
137   	0     	      2	      condition2	    261.8359	    636.72	    0.0	    00000000     00000000	   1	[       ]
138   	0     	      9	   NeutSmallDark	    263.2227	   1386.72	    0.0	    00000000     00000000	   1	[      6]
139   	0     	      4	    NegLargeDark	    265.3984	   2175.78	    0.0	    00000000     00000000	   1	[      1]
140   	0     	      7	  NegSmallBright	    267.8711	   2472.66	    0.0	    00000000     00000000	   1	[      4]
141   	0     	     10	 NeutLargeBright	    270.0977	   2226.56	    0.0	    00000000     00000000	   1	[      7]
142   	0     	      6	  NegLargeBright	    272.6289	   2531.25	    0.0	    00000000     00000000	   1	[      3]
143   	0     	     13	     condition13	    274.7930	   2164.06	    0.0	    00000000     00000000	   1	[       ]
144   	0     	      2	      condition2	    275.1992	    406.25	    0.0	    00000000     00000000	   1	[       ]
145   	0     	      7	  NegSmallBright	    277.0898	   1890.62	    0.0	    00000000     00000000	   1	[      4]
146   	0     	      7	  NegSmallBright	    279.2227	   2132.81	    0.0	    00000000     00000000	   1	[      4]
147   	0     	     10	 NeutLargeBright	    281.3359	   2113.28	    0.0	    00000000     00000000	   1	[      7]
148   	0     	     11	 NeutSmallBright	    283.8281	   2492.19	    0.0	    00000000     00000000	   1	[      8]
149   	0     	      6	  NegLargeBright	    286.2148	   2386.72	    0.0	    00000000     00000000	   1	[      3]
150   	0     	      4	    NegLargeDark	    288.2773	   2062.50	    0.0	    00000000     00000000	   1	[      1]
151   	0     	     10	 NeutLargeBright	    290.8008	   2523.44	    0.0	    00000000     00000000	   1	[      7]
152   	0     	      9	   NeutSmallDark	    292.9648	   2164.06	    0.0	    00000000     00000000	   1	[      6]
153   	0     	      5	    NegSmallDark	    295.0000	   2035.16	    0.0	    00000000     00000000	   1	[      2]
154   	0     	     12	     condition12	    297.1953	   2195.31	    0.0	    00000000     00000000	   1	[       ]
155   	0     	      2	      condition2	    297.7930	    597.66	    0.0	    00000000     00000000	   1	[       ]
156   	0     	      4	    NegLargeDark	    299.5391	   1746.09	    0.0	    00000000     00000000	   1	[      1]
157   	0     	      7	  NegSmallBright	    301.6602	   2121.09	    0.0	    00000000     00000000	   1	[      4]
158   	0     	      6	  NegLargeBright	    304.1250	   2464.84	    0.0	    00000000     00000000	   1	[      3]
159   	0     	     13	     condition13	    306.5508	   2425.78	    0.0	    00000000     00000000	   1	[       ]
160   	0     	      2	      condition2	    307.0820	    531.25	    0.0	    00000000     00000000	   1	[       ]
161   	0     	      4	    NegLargeDark	    308.5938	   1511.72	    0.0	    00000000     00000000	   1	[      1]
162   	0     	      4	    NegLargeDark	    311.1289	   2535.16	    0.0	    00000000     00000000	   1	[      1]
163   	0     	     11	 NeutSmallBright	    313.4102	   2281.25	    0.0	    00000000     00000000	   1	[      8]
164   	0     	     11	 NeutSmallBright	    315.5977	   2187.50	    0.0	    00000000     00000000	   1	[      8]
165   	0     	      5	    NegSmallDark	    318.0820	   2484.38	    0.0	    00000000     00000000	   1	[      2]
166   	0     	    253	              ""	    320.3125	   2230.47	    0.0	    00000000     00000000	   1	[       ]
167   	0     	     15	     condition15	    321.3125	   1000.00	    0.0	    00000000     00000000	   1	[       ]
168   	0     	      2	      condition2	    322.0898	    777.34	    0.0	    00000000     00000000	   1	[       ]
169   	0     	      5	    NegSmallDark	    323.4883	   1398.44	    0.0	    00000000     00000000	   1	[      2]
170   	0     	      9	   NeutSmallDark	    325.5508	   2062.50	    0.0	    00000000     00000000	   1	[      6]
171   	0     	      6	  NegLargeBright	    327.8633	   2312.50	    0.0	    00000000     00000000	   1	[      3]
172   	0     	      7	  NegSmallBright	    329.9688	   2105.47	    0.0	    00000000     00000000	   1	[      4]
173   	0     	      7	  NegSmallBright	    332.0703	   2101.56	    0.0	    00000000     00000000	   1	[      4]
174   	0     	      7	  NegSmallBright	    334.4141	   2343.75	    0.0	    00000000     00000000	   1	[      4]
175   	0     	      7	  NegSmallBright	    336.7891	   2375.00	    0.0	    00000000     00000000	   1	[      4]
176   	0     	      9	   NeutSmallDark	    338.9727	   2183.59	    0.0	    00000000     00000000	   1	[      6]
177   	0     	     11	 NeutSmallBright	    341.3672	   2394.53	    0.0	    00000000     00000000	   1	[      8]
178   	0     	      6	  NegLargeBright	    343.7812	   2414.06	    0.0	    00000000     00000000	   1	[      3]
179   	0     	      7	  NegSmallBright	    345.8672	   2085.94	    0.0	    00000000     00000000	   1	[      4]
180   	0     	     15	     condition15	    348.1016	   2234.38	    0.0	    00000000     00000000	   1	[       ]
181   	0     	      2	      condition2	    348.7109	    609.38	    0.0	    00000000     00000000	   1	[       ]
182   	0     	      7	  NegSmallBright	    350.4141	   1703.12	    0.0	    00000000     00000000	   1	[      4]
183   	0     	     10	 NeutLargeBright	    352.7383	   2324.22	    0.0	    00000000     00000000	   1	[      7]
184   	0     	      4	    NegLargeDark	    354.9336	   2195.31	    0.0	    00000000     00000000	   1	[      1]
185   	0     	     10	 NeutLargeBright	    357.3555	   2421.88	    0.0	    00000000     00000000	   1	[      7]
186   	0     	      8	   NeutLargeDark	    359.7422	   2386.72	    0.0	    00000000     00000000	   1	[      5]
187   	0     	      8	   NeutLargeDark	    362.2148	   2472.66	    0.0	    00000000     00000000	   1	[      5]
188   	0     	      4	    NegLargeDark	    364.4492	   2234.38	    0.0	    00000000     00000000	   1	[      1]
189   	0     	      6	  NegLargeBright	    366.7109	   2261.72	    0.0	    00000000     00000000	   1	[      3]
190   	0     	      7	  NegSmallBright	    369.0273	   2316.41	    0.0	    00000000     00000000	   1	[      4]
191   	0     	      5	    NegSmallDark	    371.2617	   2234.38	    0.0	    00000000     00000000	   1	[      2]
192   	0     	      8	   NeutLargeDark	    373.3047	   2042.97	    0.0	    00000000     00000000	   1	[      5]
193   	0     	      7	  NegSmallBright	    375.5781	   2273.44	    0.0	    00000000     00000000	   1	[      4]
194   	0     	      9	   NeutSmallDark	    377.9023	   2324.22	    0.0	    00000000     00000000	   1	[      6]
195   	0     	      7	  NegSmallBright	    380.2969	   2394.53	    0.0	    00000000     00000000	   1	[      4]
196   	0     	      9	   NeutSmallDark	    382.7695	   2472.66	    0.0	    00000000     00000000	   1	[      6]
197   	0     	      9	   NeutSmallDark	    384.9258	   2156.25	    0.0	    00000000     00000000	   1	[      6]
198   	0     	      6	  NegLargeBright	    387.4102	   2484.38	    0.0	    00000000     00000000	   1	[      3]
199   	0     	      5	    NegSmallDark	    389.5742	   2164.06	    0.0	    00000000     00000000	   1	[      2]
200   	0     	     12	     condition12	    392.0781	   2503.91	    0.0	    00000000     00000000	   1	[       ]
201   	0     	      2	      condition2	    392.5625	    484.38	    0.0	    00000000     00000000	   1	[       ]
202   	0     	      5	    NegSmallDark	    394.2812	   1718.75	    0.0	    00000000     00000000	   1	[      2]
203   	0     	      4	    NegLargeDark	    396.3555	   2074.22	    0.0	    00000000     00000000	   1	[      1]
204   	0     	      6	  NegLargeBright	    398.6875	   2332.03	    0.0	    00000000     00000000	   1	[      3]
205   	0     	      8	   NeutLargeDark	    400.9414	   2253.91	    0.0	    00000000     00000000	   1	[      5]
206   	0     	     11	 NeutSmallBright	    403.0352	   2093.75	    0.0	    00000000     00000000	   1	[      8]
207   	0     	     14	     condition14	    405.3516	   2316.41	    0.0	    00000000     00000000	   1	[       ]
208   	0     	      2	      condition2	    405.9805	    628.91	    0.0	    00000000     00000000	   1	[       ]
209   	0     	     10	 NeutLargeBright	    407.4844	   1503.91	    0.0	    00000000     00000000	   1	[      7]
210   	0     	      4	    NegLargeDark	    409.7695	   2285.16	    0.0	    00000000     00000000	   1	[      1]
211   	0     	      8	   NeutLargeDark	    411.9023	   2132.81	    0.0	    00000000     00000000	   1	[      5]
212   	0     	      4	    NegLargeDark	    414.2266	   2324.22	    0.0	    00000000     00000000	   1	[      1]
213   	0     	      9	   NeutSmallDark	    416.3008	   2074.22	    0.0	    00000000     00000000	   1	[      6]
214   	0     	     11	 NeutSmallBright	    418.5430	   2242.19	    0.0	    00000000     00000000	   1	[      8]
215   	0     	      9	   NeutSmallDark	    420.5977	   2054.69	    0.0	    00000000     00000000	   1	[      6]
216   	0     	      7	  NegSmallBright	    423.0898	   2492.19	    0.0	    00000000     00000000	   1	[      4]
217   	0     	      4	    NegLargeDark	    425.1758	   2085.94	    0.0	    00000000     00000000	   1	[      1]
218   	0     	      9	   NeutSmallDark	    427.4375	   2261.72	    0.0	    00000000     00000000	   1	[      6]
219   	0     	      5	    NegSmallDark	    429.9453	   2507.81	    0.0	    00000000     00000000	   1	[      2]
220   	0     	      6	  NegLargeBright	    432.0469	   2101.56	    0.0	    00000000     00000000	   1	[      3]
221   	0     	      8	   NeutLargeDark	    434.4922	   2445.31	    0.0	    00000000     00000000	   1	[      5]
222   	0     	      9	   NeutSmallDark	    436.6445	   2152.34	    0.0	    00000000     00000000	   1	[      6]
223   	0     	      6	  NegLargeBright	    439.1094	   2464.84	    0.0	    00000000     00000000	   1	[      3]
224   	0     	     14	     condition14	    441.4336	   2324.22	    0.0	    00000000     00000000	   1	[       ]
225   	0     	      2	      condition2	    442.1289	    695.31	    0.0	    00000000     00000000	   1	[       ]
226   	0     	     10	 NeutLargeBright	    443.9180	   1789.06	    0.0	    00000000     00000000	   1	[      7]
227   	0     	      4	    NegLargeDark	    446.4336	   2515.62	    0.0	    00000000     00000000	   1	[      1]
228   	0     	      4	    NegLargeDark	    448.8672	   2433.59	    0.0	    00000000     00000000	   1	[      1]
229   	0     	      6	  NegLargeBright	    451.1797	   2312.50	    0.0	    00000000     00000000	   1	[      3]
230   	0     	     10	 NeutLargeBright	    453.4648	   2285.16	    0.0	    00000000     00000000	   1	[      7]
231   	0     	      8	   NeutLargeDark	    455.7305	   2265.62	    0.0	    00000000     00000000	   1	[      5]
232   	0     	      6	  NegLargeBright	    458.1328	   2402.34	    0.0	    00000000     00000000	   1	[      3]
233   	0     	     13	     condition13	    460.6484	   2515.62	    0.0	    00000000     00000000	   1	[       ]
234   	0     	      2	      condition2	    461.2188	    570.31	    0.0	    00000000     00000000	   1	[       ]
235   	0     	      6	  NegLargeBright	    463.0938	   1875.00	    0.0	    00000000     00000000	   1	[      3]
236   	0     	      4	    NegLargeDark	    465.3672	   2273.44	    0.0	    00000000     00000000	   1	[      1]
237   	0     	      7	  NegSmallBright	    467.6719	   2304.69	    0.0	    00000000     00000000	   1	[      4]
238   	0     	     11	 NeutSmallBright	    469.7344	   2062.50	    0.0	    00000000     00000000	   1	[      8]
239   	0     	     14	     condition14	    471.8672	   2132.81	    0.0	    00000000     00000000	   1	[       ]
240   	0     	      2	      condition2	    472.4375	    570.31	    0.0	    00000000     00000000	   1	[       ]
241   	0     	     14	     condition14	    474.2500	   1812.50	    0.0	    00000000     00000000	   1	[       ]
242   	0     	      2	      condition2	    474.9570	    707.03	    0.0	    00000000     00000000	   1	[       ]
243   	0     	      4	    NegLargeDark	    476.4570	   1500.00	    0.0	    00000000     00000000	   1	[      1]
244   	0     	      8	   NeutLargeDark	    478.8711	   2414.06	    0.0	    00000000     00000000	   1	[      5]
245   	0     	    253	              ""	    481.0938	   2222.66	    0.0	    00000000     00000000	   1	[       ]
246   	0     	      8	   NeutLargeDark	    482.1016	   1007.81	    0.0	    00000000     00000000	   1	[      5]
247   	0     	     12	     condition12	    484.1445	   2042.97	    0.0	    00000000     00000000	   1	[       ]
248   	0     	      2	      condition2	    484.7227	    578.12	    0.0	    00000000     00000000	   1	[       ]
249   	0     	      5	    NegSmallDark	    486.2891	   1566.41	    0.0	    00000000     00000000	   1	[      2]
250   	0     	      6	  NegLargeBright	    488.5039	   2214.84	    0.0	    00000000     00000000	   1	[      3]
251   	0     	      9	   NeutSmallDark	    490.7969	   2292.97	    0.0	    00000000     00000000	   1	[      6]
252   	0     	      6	  NegLargeBright	    492.9609	   2164.06	    0.0	    00000000     00000000	   1	[      3]
253   	0     	      5	    NegSmallDark	    495.4141	   2453.12	    0.0	    00000000     00000000	   1	[      2]
254   	0     	      5	    NegSmallDark	    497.9297	   2515.62	    0.0	    00000000     00000000	   1	[      2]
255   	0     	      9	   NeutSmallDark	    500.1328	   2203.12	    0.0	    00000000     00000000	   1	[      6]
256   	0     	      6	  NegLargeBright	    502.5078	   2375.00	    0.0	    00000000     00000000	   1	[      3]
257   	0     	      9	   NeutSmallDark	    504.6523	   2144.53	    0.0	    00000000     00000000	   1	[      6]
258   	0     	     11	 NeutSmallBright	    506.8164	   2164.06	    0.0	    00000000     00000000	   1	[      8]
259   	0     	     11	 NeutSmallBright	    508.9570	   2140.62	    0.0	    00000000     00000000	   1	[      8]
260   	0     	      7	  NegSmallBright	    511.0312	   2074.22	    0.0	    00000000     00000000	   1	[      4]
261   	0     	      8	   NeutLargeDark	    513.3359	   2304.69	    0.0	    00000000     00000000	   1	[      5]
262   	0     	      5	    NegSmallDark	    515.8086	   2472.66	    0.0	    00000000     00000000	   1	[      2]
263   	0     	      7	  NegSmallBright	    517.8828	   2074.22	    0.0	    00000000     00000000	   1	[      4]
264   	0     	      5	    NegSmallDark	    520.4102	   2527.34	    0.0	    00000000     00000000	   1	[      2]
265   	0     	     10	 NeutLargeBright	    522.7344	   2324.22	    0.0	    00000000     00000000	   1	[      7]
266   	0     	      7	  NegSmallBright	    524.8164	   2082.03	    0.0	    00000000     00000000	   1	[      4]
267   	0     	      8	   NeutLargeDark	    527.2695	   2453.12	    0.0	    00000000     00000000	   1	[      5]
268   	0     	     11	 NeutSmallBright	    529.4961	   2226.56	    0.0	    00000000     00000000	   1	[      8]
269   	0     	      8	   NeutLargeDark	    531.9297	   2433.59	    0.0	    00000000     00000000	   1	[      5]
270   	0     	     15	     condition15	    534.1328	   2203.12	    0.0	    00000000     00000000	   1	[       ]
271   	0     	      7	  NegSmallBright	    536.3281	   2195.31	    0.0	    00000000     00000000	   1	[      4]
272   	0     	     11	 NeutSmallBright	    538.6992	   2371.09	    0.0	    00000000     00000000	   1	[      8]
273   	0     	      8	   NeutLargeDark	    540.7734	   2074.22	    0.0	    00000000     00000000	   1	[      5]
274   	0     	      6	  NegLargeBright	    542.9883	   2214.84	    0.0	    00000000     00000000	   1	[      3]
275   	0     	      7	  NegSmallBright	    545.0703	   2082.03	    0.0	    00000000     00000000	   1	[      4]
276   	0     	      6	  NegLargeBright	    547.3555	   2285.16	    0.0	    00000000     00000000	   1	[      3]
277   	0     	      4	    NegLargeDark	    549.4688	   2113.28	    0.0	    00000000     00000000	   1	[      1]
278   	0     	     15	     condition15	    551.7734	   2304.69	    0.0	    00000000     00000000	   1	[       ]
279   	0     	      2	      condition2	    552.3828	    609.38	    0.0	    00000000     00000000	   1	[       ]
280   	0     	      6	  NegLargeBright	    554.3164	   1933.59	    0.0	    00000000     00000000	   1	[      3]
281   	0     	      5	    NegSmallDark	    556.4727	   2156.25	    0.0	    00000000     00000000	   1	[      2]
282   	0     	      5	    NegSmallDark	    558.9648	   2492.19	    0.0	    00000000     00000000	   1	[      2]
283   	0     	      6	  NegLargeBright	    561.1992	   2234.38	    0.0	    00000000     00000000	   1	[      3]
284   	0     	     12	     condition12	    563.6641	   2464.84	    0.0	    00000000     00000000	   1	[       ]
285   	0     	      2	      condition2	    564.2227	    558.59	    0.0	    00000000     00000000	   1	[       ]
286   	0     	     11	 NeutSmallBright	    566.0078	   1785.16	    0.0	    00000000     00000000	   1	[      8]
287   	0     	      4	    NegLargeDark	    568.3242	   2316.41	    0.0	    00000000     00000000	   1	[      1]
288   	0     	     14	     condition14	    570.4258	   2101.56	    0.0	    00000000     00000000	   1	[       ]
289   	0     	      2	      condition2	    570.9766	    550.78	    0.0	    00000000     00000000	   1	[       ]
290   	0     	      9	   NeutSmallDark	    572.8203	   1843.75	    0.0	    00000000     00000000	   1	[      6]
291   	0     	      8	   NeutLargeDark	    574.8828	   2062.50	    0.0	    00000000     00000000	   1	[      5]
292   	0     	      7	  NegSmallBright	    577.1289	   2246.09	    0.0	    00000000     00000000	   1	[      4]
293   	0     	     14	     condition14	    579.5508	   2421.88	    0.0	    00000000     00000000	   1	[       ]
294   	0     	      2	      condition2	    580.2148	    664.06	    0.0	    00000000     00000000	   1	[       ]
295   	0     	      8	   NeutLargeDark	    581.6875	   1472.66	    0.0	    00000000     00000000	   1	[      5]
296   	0     	     11	 NeutSmallBright	    583.8203	   2132.81	    0.0	    00000000     00000000	   1	[      8]
297   	0     	     15	     condition15	    586.2227	   2402.34	    0.0	    00000000     00000000	   1	[       ]
298   	0     	      2	      condition2	    586.9844	    761.72	    0.0	    00000000     00000000	   1	[       ]
299   	0     	     10	 NeutLargeBright	    588.6875	   1703.12	    0.0	    00000000     00000000	   1	[      7]
300   	0     	      9	   NeutSmallDark	    590.7930	   2105.47	    0.0	    00000000     00000000	   1	[      6]
301   	0     	     12	     condition12	    593.2070	   2414.06	    0.0	    00000000     00000000	   1	[       ]
302   	0     	      2	      condition2	    593.7969	    589.84	    0.0	    00000000     00000000	   1	[       ]
303   	0     	     10	 NeutLargeBright	    595.6992	   1902.34	    0.0	    00000000     00000000	   1	[      7]
304   	0     	     14	     condition14	    598.0039	   2304.69	    0.0	    00000000     00000000	   1	[       ]
305   	0     	      2	      condition2	    598.5820	    578.12	    0.0	    00000000     00000000	   1	[       ]
306   	0     	      9	   NeutSmallDark	    600.2383	   1656.25	    0.0	    00000000     00000000	   1	[      6]
307   	0     	      7	  NegSmallBright	    602.3828	   2144.53	    0.0	    00000000     00000000	   1	[      4]
308   	0     	      7	  NegSmallBright	    604.6953	   2312.50	    0.0	    00000000     00000000	   1	[      4]
309   	0     	     10	 NeutLargeBright	    607.0625	   2367.19	    0.0	    00000000     00000000	   1	[      7]
310   	0     	     10	 NeutLargeBright	    609.4141	   2351.56	    0.0	    00000000     00000000	   1	[      7]
311   	0     	      6	  NegLargeBright	    611.7500	   2335.94	    0.0	    00000000     00000000	   1	[      3]
312   	0     	      5	    NegSmallDark	    614.1914	   2441.41	    0.0	    00000000     00000000	   1	[      2]
313   	0     	     11	 NeutSmallBright	    616.3984	   2207.03	    0.0	    00000000     00000000	   1	[      8]
314   	0     	     10	 NeutLargeBright	    618.4414	   2042.97	    0.0	    00000000     00000000	   1	[      7]
315   	0     	      5	    NegSmallDark	    620.8867	   2445.31	    0.0	    00000000     00000000	   1	[      2]
316   	0     	      5	    NegSmallDark	    623.0273	   2140.62	    0.0	    00000000     00000000	   1	[      2]
317   	0     	      6	  NegLargeBright	    625.1133	   2085.94	    0.0	    00000000     00000000	   1	[      3]
318   	0     	      7	  NegSmallBright	    627.2266	   2113.28	    0.0	    00000000     00000000	   1	[      4]
319   	0     	      7	  NegSmallBright	    629.6211	   2394.53	    0.0	    00000000     00000000	   1	[      4]
320   	0     	     11	 NeutSmallBright	    632.0352	   2414.06	    0.0	    00000000     00000000	   1	[      8]
321   	0     	      5	    NegSmallDark	    634.3867	   2351.56	    0.0	    00000000     00000000	   1	[      2]
322   	0     	      9	   NeutSmallDark	    636.4531	   2066.41	    0.0	    00000000     00000000	   1	[      6]
323   	0     	      9	   NeutSmallDark	    638.5352	   2082.03	    0.0	    00000000     00000000	   1	[      6]
324   	0     	      6	  NegLargeBright	    641.2227	   2687.50	    0.0	    00000000     00000000	   1	[      3]
325   	0     	      5	    NegSmallDark	    643.5352	   2312.50	    0.0	    00000000     00000000	   1	[      2]
326   	0     	      8	   NeutLargeDark	    646.0391	   2503.91	    0.0	    00000000     00000000	   1	[      5]
327   	0     	      5	    NegSmallDark	    648.3047	   2265.62	    0.0	    00000000     00000000	   1	[      2]
328   	0     	     11	 NeutSmallBright	    650.3359	   2031.25	    0.0	    00000000     00000000	   1	[      8]
329   	0     	      5	    NegSmallDark	    652.6719	   2335.94	    0.0	    00000000     00000000	   1	[      2]
330   	0     	      6	  NegLargeBright	    655.0547	   2382.81	    0.0	    00000000     00000000	   1	[      3]
331   	0     	      5	    NegSmallDark	    657.5703	   2515.62	    0.0	    00000000     00000000	   1	[      2]
332   	0     	      4	    NegLargeDark	    659.7734	   2203.12	    0.0	    00000000     00000000	   1	[      1]
333   	0     	     10	 NeutLargeBright	    662.2266	   2453.12	    0.0	    00000000     00000000	   1	[      7]
334   	0     	     10	 NeutLargeBright	    664.5234	   2296.88	    0.0	    00000000     00000000	   1	[      7]
335   	0     	      6	  NegLargeBright	    666.8359	   2312.50	    0.0	    00000000     00000000	   1	[      3]
336   	0     	     10	 NeutLargeBright	    669.3398	   2503.91	    0.0	    00000000     00000000	   1	[      7]
337   	0     	     13	     condition13	    671.7461	   2406.25	    0.0	    00000000     00000000	   1	[       ]
338   	0     	      2	      condition2	    672.3398	    593.75	    0.0	    00000000     00000000	   1	[       ]
339   	0     	      9	   NeutSmallDark	    674.1680	   1828.12	    0.0	    00000000     00000000	   1	[      6]
340   	0     	     10	 NeutLargeBright	    676.5117	   2343.75	    0.0	    00000000     00000000	   1	[      7]
341   	0     	     10	 NeutLargeBright	    678.5977	   2085.94	    0.0	    00000000     00000000	   1	[      7]
342   	0     	     11	 NeutSmallBright	    681.1016	   2503.91	    0.0	    00000000     00000000	   1	[      8]
343   	0     	      5	    NegSmallDark	    683.2539	   2152.34	    0.0	    00000000     00000000	   1	[      2]
344   	0     	     11	 NeutSmallBright	    685.3477	   2093.75	    0.0	    00000000     00000000	   1	[      8]
345   	0     	      8	   NeutLargeDark	    687.6641	   2316.41	    0.0	    00000000     00000000	   1	[      5]
346   	0     	     11	 NeutSmallBright	    689.9180	   2253.91	    0.0	    00000000     00000000	   1	[      8]
347   	0     	      9	   NeutSmallDark	    692.2305	   2312.50	    0.0	    00000000     00000000	   1	[      6]
348   	0     	     14	     condition14	    694.3633	   2132.81	    0.0	    00000000     00000000	   1	[       ]
349   	0     	      2	      condition2	    694.9102	    546.88	    0.0	    00000000     00000000	   1	[       ]
350   	0     	      7	  NegSmallBright	    696.3867	   1476.56	    0.0	    00000000     00000000	   1	[      4]
351   	0     	      9	   NeutSmallDark	    698.6836	   2296.88	    0.0	    00000000     00000000	   1	[      6]
352   	0     	     10	 NeutLargeBright	    701.0156	   2332.03	    0.0	    00000000     00000000	   1	[      7]
353   	0     	      8	   NeutLargeDark	    703.2695	   2253.91	    0.0	    00000000     00000000	   1	[      5]
354   	0     	      8	   NeutLargeDark	    705.6055	   2335.94	    0.0	    00000000     00000000	   1	[      5]
355   	0     	     12	     condition12	    707.6875	   2082.03	    0.0	    00000000     00000000	   1	[       ]
356   	0     	      2	      condition2	    708.2617	    574.22	    0.0	    00000000     00000000	   1	[       ]
357   	0     	     11	 NeutSmallBright	    709.7734	   1511.72	    0.0	    00000000     00000000	   1	[      8]
358   	0     	     10	 NeutLargeBright	    711.8359	   2062.50	    0.0	    00000000     00000000	   1	[      7]
359   	0     	     10	 NeutLargeBright	    714.0195	   2183.59	    0.0	    00000000     00000000	   1	[      7]
360   	0     	     14	     condition14	    716.1016	   2082.03	    0.0	    00000000     00000000	   1	[       ]
361   	0     	      2	      condition2	    716.6562	    554.69	    0.0	    00000000     00000000	   1	[       ]
362   	0     	     15	     condition15	    718.1250	   1468.75	    0.0	    00000000     00000000	   1	[       ]
363   	0     	      2	      condition2	    718.6445	    519.53	    0.0	    00000000     00000000	   1	[       ]
364   	0     	      8	   NeutLargeDark	    720.2109	   1566.41	    0.0	    00000000     00000000	   1	[      5]
365   	0     	      6	  NegLargeBright	    722.7461	   2535.16	    0.0	    00000000     00000000	   1	[      3]
366   	0     	      7	  NegSmallBright	    724.8281	   2082.03	    0.0	    00000000     00000000	   1	[      4]
367   	0     	     10	 NeutLargeBright	    726.9922	   2164.06	    0.0	    00000000     00000000	   1	[      7]
368   	0     	     12	     condition12	    729.5078	   2515.62	    0.0	    00000000     00000000	   1	[       ]
369   	0     	      2	      condition2	    730.1445	    636.72	    0.0	    00000000     00000000	   1	[       ]
370   	0     	      8	   NeutLargeDark	    731.9609	   1816.41	    0.0	    00000000     00000000	   1	[      5]
371   	0     	     11	 NeutSmallBright	    734.3242	   2363.28	    0.0	    00000000     00000000	   1	[      8]
372   	0     	      6	  NegLargeBright	    736.8477	   2523.44	    0.0	    00000000     00000000	   1	[      3]
373   	0     	      4	    NegLargeDark	    739.1133	   2265.62	    0.0	    00000000     00000000	   1	[      1]
374   	0     	      7	  NegSmallBright	    741.6094	   2496.09	    0.0	    00000000     00000000	   1	[      4]
375   	0     	      8	   NeutLargeDark	    743.7617	   2152.34	    0.0	    00000000     00000000	   1	[      5]
376   	0     	     10	 NeutLargeBright	    746.0469	   2285.16	    0.0	    00000000     00000000	   1	[      7]
377   	0     	      4	    NegLargeDark	    748.2695	   2222.66	    0.0	    00000000     00000000	   1	[      1]
378   	0     	      6	  NegLargeBright	    750.3516	   2082.03	    0.0	    00000000     00000000	   1	[      3]
379   	0     	     12	     condition12	    752.8555	   2503.91	    0.0	    00000000     00000000	   1	[       ]
380   	0     	      2	      condition2	    753.4492	    593.75	    0.0	    00000000     00000000	   1	[       ]
381   	0     	      9	   NeutSmallDark	    755.3008	   1851.56	    0.0	    00000000     00000000	   1	[      6]
382   	0     	      6	  NegLargeBright	    757.3359	   2035.16	    0.0	    00000000     00000000	   1	[      3]
383   	0     	     14	     condition14	    759.4375	   2101.56	    0.0	    00000000     00000000	   1	[       ]
384   	0     	      2	      condition2	    760.3086	    871.09	    0.0	    00000000     00000000	   1	[       ]
385   	0     	     15	     condition15	    761.5234	   1214.84	    0.0	    00000000     00000000	   1	[       ]
386   	0     	      2	      condition2	    762.2695	    746.09	    0.0	    00000000     00000000	   1	[       ]
387   	0     	      5	    NegSmallDark	    763.6953	   1425.78	    0.0	    00000000     00000000	   1	[      2]
388   	0     	     13	     condition13	    765.9805	   2285.16	    0.0	    00000000     00000000	   1	[       ]
389   	0     	      2	      condition2	    766.5312	    550.78	    0.0	    00000000     00000000	   1	[       ]
390   	0     	      5	    NegSmallDark	    768.4648	   1933.59	    0.0	    00000000     00000000	   1	[      2]
391   	0     	      4	    NegLargeDark	    770.9180	   2453.12	    0.0	    00000000     00000000	   1	[      1]
392   	0     	      9	   NeutSmallDark	    773.3125	   2394.53	    0.0	    00000000     00000000	   1	[      6]
393   	0     	     10	 NeutLargeBright	    775.7891	   2476.56	    0.0	    00000000     00000000	   1	[      7]
394   	0     	     14	     condition14	    778.0117	   2222.66	    0.0	    00000000     00000000	   1	[       ]
395   	0     	      2	      condition2	    778.6953	    683.59	    0.0	    00000000     00000000	   1	[       ]
396   	0     	      4	    NegLargeDark	    780.4062	   1710.94	    0.0	    00000000     00000000	   1	[      1]
397   	0     	      8	   NeutLargeDark	    782.8203	   2414.06	    0.0	    00000000     00000000	   1	[      5]
398   	0     	      8	   NeutLargeDark	    785.0430	   2222.66	    0.0	    00000000     00000000	   1	[      5]
399   	0     	     12	     condition12	    787.4883	   2445.31	    0.0	    00000000     00000000	   1	[       ]
400   	0     	      2	      condition2	    788.0781	    589.84	    0.0	    00000000     00000000	   1	[       ]
401   	0     	      7	  NegSmallBright	    789.9219	   1843.75	    0.0	    00000000     00000000	   1	[      4]
402   	0     	     13	     condition13	    792.3984	   2476.56	    0.0	    00000000     00000000	   1	[       ]
403   	0     	      2	      condition2	    792.9453	    546.88	    0.0	    00000000     00000000	   1	[       ]
404   	0     	      5	    NegSmallDark	    794.9023	   1957.03	    0.0	    00000000     00000000	   1	[      2]
405   	0     	      8	   NeutLargeDark	    797.3945	   2492.19	    0.0	    00000000     00000000	   1	[      5]
406   	0     	     15	     condition15	    799.8516	   2457.03	    0.0	    00000000     00000000	   1	[       ]
407   	0     	      2	      condition2	    800.5586	    707.03	    0.0	    00000000     00000000	   1	[       ]
408   	0     	     11	 NeutSmallBright	    803.3086	   2750.00	    0.0	    00000000     00000000	   1	[      8]
409   	0     	     10	 NeutLargeBright	    805.4922	   2183.59	    0.0	    00000000     00000000	   1	[      7]
410   	0     	      6	  NegLargeBright	    807.9062	   2414.06	    0.0	    00000000     00000000	   1	[      3]
411   	0     	      6	  NegLargeBright	    810.1211	   2214.84	    0.0	    00000000     00000000	   1	[      3]
412   	0     	      5	    NegSmallDark	    812.1758	   2054.69	    0.0	    00000000     00000000	   1	[      2]
413   	0     	      7	  NegSmallBright	    814.2305	   2054.69	    0.0	    00000000     00000000	   1	[      4]
414   	0     	      7	  NegSmallBright	    816.5039	   2273.44	    0.0	    00000000     00000000	   1	[      4]
415   	0     	      7	  NegSmallBright	    818.6680	   2164.06	    0.0	    00000000     00000000	   1	[      4]
416   	0     	     11	 NeutSmallBright	    821.1328	   2464.84	    0.0	    00000000     00000000	   1	[      8]
417   	0     	      4	    NegLargeDark	    823.2852	   2152.34	    0.0	    00000000     00000000	   1	[      1]
418   	0     	      6	  NegLargeBright	    825.4688	   2183.59	    0.0	    00000000     00000000	   1	[      3]
419   	0     	      8	   NeutLargeDark	    827.8633	   2394.53	    0.0	    00000000     00000000	   1	[      5]
420   	0     	     12	     condition12	    830.0664	   2203.12	    0.0	    00000000     00000000	   1	[       ]
421   	0     	      2	      condition2	    830.6172	    550.78	    0.0	    00000000     00000000	   1	[       ]
422   	0     	      6	  NegLargeBright	    832.4492	   1832.03	    0.0	    00000000     00000000	   1	[      3]
423   	0     	      5	    NegSmallDark	    834.6367	   2187.50	    0.0	    00000000     00000000	   1	[      2]
424   	0     	      9	   NeutSmallDark	    837.0703	   2433.59	    0.0	    00000000     00000000	   1	[      6]
425   	0     	     14	     condition14	    839.3516	   2281.25	    0.0	    00000000     00000000	   1	[       ]
426   	0     	      2	      condition2	    839.8828	    531.25	    0.0	    00000000     00000000	   1	[       ]
427   	0     	     11	 NeutSmallBright	    841.7461	   1863.28	    0.0	    00000000     00000000	   1	[      8]
428   	0     	     11	 NeutSmallBright	    844.2422	   2496.09	    0.0	    00000000     00000000	   1	[      8]
429   	0     	     11	 NeutSmallBright	    846.6758	   2433.59	    0.0	    00000000     00000000	   1	[      8]
430   	0     	      4	    NegLargeDark	    849.0898	   2414.06	    0.0	    00000000     00000000	   1	[      1]
431   	0     	      8	   NeutLargeDark	    851.1953	   2105.47	    0.0	    00000000     00000000	   1	[      5]
432   	0     	     10	 NeutLargeBright	    853.5391	   2343.75	    0.0	    00000000     00000000	   1	[      7]
433   	0     	     10	 NeutLargeBright	    856.0117	   2472.66	    0.0	    00000000     00000000	   1	[      7]
434   	0     	      9	   NeutSmallDark	    858.4258	   2414.06	    0.0	    00000000     00000000	   1	[      6]
435   	0     	      9	   NeutSmallDark	    860.5117	   2085.94	    0.0	    00000000     00000000	   1	[      6]
436   	0     	      9	   NeutSmallDark	    862.7461	   2234.38	    0.0	    00000000     00000000	   1	[      6]
437   	0     	      4	    NegLargeDark	    865.2305	   2484.38	    0.0	    00000000     00000000	   1	[      1]
438   	0     	      7	  NegSmallBright	    867.6211	   2390.62	    0.0	    00000000     00000000	   1	[      4]
439   	0     	      6	  NegLargeBright	    869.7461	   2125.00	    0.0	    00000000     00000000	   1	[      3]
440   	0     	      4	    NegLargeDark	    871.9297	   2183.59	    0.0	    00000000     00000000	   1	[      1]
441   	0     	     10	 NeutLargeBright	    874.0547	   2125.00	    0.0	    00000000     00000000	   1	[      7]
442   	0     	     10	 NeutLargeBright	    876.1875	   2132.81	    0.0	    00000000     00000000	   1	[      7]
443   	0     	     11	 NeutSmallBright	    878.3906	   2203.12	    0.0	    00000000     00000000	   1	[      8]
444   	0     	     13	     condition13	    880.6953	   2304.69	    0.0	    00000000     00000000	   1	[       ]
445   	0     	      2	      condition2	    881.3672	    671.88	    0.0	    00000000     00000000	   1	[       ]
446   	0     	      7	  NegSmallBright	    883.0703	   1703.12	    0.0	    00000000     00000000	   1	[      4]
447   	0     	      8	   NeutLargeDark	    885.1328	   2062.50	    0.0	    00000000     00000000	   1	[      5]
448   	0     	      4	    NegLargeDark	    887.4688	   2335.94	    0.0	    00000000     00000000	   1	[      1]
449   	0     	      5	    NegSmallDark	    889.8008	   2332.03	    0.0	    00000000     00000000	   1	[      2]
450   	0     	     10	 NeutLargeBright	    891.8555	   2054.69	    0.0	    00000000     00000000	   1	[      7]
451   	0     	     10	 NeutLargeBright	    894.2695	   2414.06	    0.0	    00000000     00000000	   1	[      7]
452   	0     	      9	   NeutSmallDark	    896.4453	   2175.78	    0.0	    00000000     00000000	   1	[      6]
453   	0     	      5	    NegSmallDark	    898.8594	   2414.06	    0.0	    00000000     00000000	   1	[      2]
454   	0     	     11	 NeutSmallBright	    901.2305	   2371.09	    0.0	    00000000     00000000	   1	[      8]
455   	0     	      9	   NeutSmallDark	    903.4961	   2265.62	    0.0	    00000000     00000000	   1	[      6]
456   	0     	     12	     condition12	    905.6992	   2203.12	    0.0	    00000000     00000000	   1	[       ]
457   	0     	      2	      condition2	    906.2617	    562.50	    0.0	    00000000     00000000	   1	[       ]
458   	0     	     10	 NeutLargeBright	    908.2031	   1941.41	    0.0	    00000000     00000000	   1	[      7]
459   	0     	      6	  NegLargeBright	    910.7070	   2503.91	    0.0	    00000000     00000000	   1	[      3]
460   	0     	      5	    NegSmallDark	    913.0625	   2355.47	    0.0	    00000000     00000000	   1	[      2]
461   	0     	      9	   NeutSmallDark	    915.2969	   2234.38	    0.0	    00000000     00000000	   1	[      6]
462   	0     	      6	  NegLargeBright	    917.3984	   2101.56	    0.0	    00000000     00000000	   1	[      3]
463   	0     	     12	     condition12	    919.8750	   2476.56	    0.0	    00000000     00000000	   1	[       ]
464   	0     	      2	      condition2	    920.4102	    535.16	    0.0	    00000000     00000000	   1	[       ]
465   	0     	      8	   NeutLargeDark	    922.2070	   1796.88	    0.0	    00000000     00000000	   1	[      5]
466   	0     	     15	     condition15	    924.7031	   2496.09	    0.0	    00000000     00000000	   1	[       ]
467   	0     	      2	      condition2	    925.3125	    609.38	    0.0	    00000000     00000000	   1	[       ]
468   	0     	      8	   NeutLargeDark	    927.0156	   1703.12	    0.0	    00000000     00000000	   1	[      5]
469   	0     	      7	  NegSmallBright	    929.4297	   2414.06	    0.0	    00000000     00000000	   1	[      4]
470   	0     	      8	   NeutLargeDark	    931.7969	   2367.19	    0.0	    00000000     00000000	   1	[      5]
471   	0     	      5	    NegSmallDark	    934.0586	   2261.72	    0.0	    00000000     00000000	   1	[      2]
472   	0     	      9	   NeutSmallDark	    936.5156	   2457.03	    0.0	    00000000     00000000	   1	[      6]
473   	0     	     11	 NeutSmallBright	    938.9297	   2414.06	    0.0	    00000000     00000000	   1	[      8]
474   	0     	      7	  NegSmallBright	    941.0312	   2101.56	    0.0	    00000000     00000000	   1	[      4]
475   	0     	      7	  NegSmallBright	    943.5469	   2515.62	    0.0	    00000000     00000000	   1	[      4]
476   	0     	      8	   NeutLargeDark	    945.9805	   2433.59	    0.0	    00000000     00000000	   1	[      5]
477   	0     	      5	    NegSmallDark	    948.1250	   2144.53	    0.0	    00000000     00000000	   1	[      2]
478   	0     	      4	    NegLargeDark	    950.4492	   2324.22	    0.0	    00000000     00000000	   1	[      1]
479   	0     	     12	     condition12	    952.7109	   2261.72	    0.0	    00000000     00000000	   1	[       ]
480   	0     	      2	      condition2	    953.3125	    601.56	    0.0	    00000000     00000000	   1	[       ]
481   	0     	      9	   NeutSmallDark	    955.0352	   1722.66	    0.0	    00000000     00000000	   1	[      6]
482   	0     	      5	    NegSmallDark	    957.3203	   2285.16	    0.0	    00000000     00000000	   1	[      2]
483   	0     	      5	    NegSmallDark	    959.8164	   2496.09	    0.0	    00000000     00000000	   1	[      2]
484   	0     	      5	    NegSmallDark	    962.1680	   2351.56	    0.0	    00000000     00000000	   1	[      2]
485   	0     	    253	              ""	    964.3281	   2160.16	    0.0	    00000000     00000000	   1	[       ]
486   	0     	     10	 NeutLargeBright	    965.3359	   1007.81	    0.0	    00000000     00000000	   1	[      7]
487   	0     	      7	  NegSmallBright	    967.4492	   2113.28	    0.0	    00000000     00000000	   1	[      4]
488   	0     	      5	    NegSmallDark	    969.8164	   2367.19	    0.0	    00000000     00000000	   1	[      2]
489   	0     	     14	     condition14	    972.1367	   2320.31	    0.0	    00000000     00000000	   1	[       ]
490   	0     	      2	      condition2	    972.7812	    644.53	    0.0	    00000000     00000000	   1	[       ]
491   	0     	      5	    NegSmallDark	    974.5117	   1730.47	    0.0	    00000000     00000000	   1	[      2]
492   	0     	     10	 NeutLargeBright	    977.0273	   2515.62	    0.0	    00000000     00000000	   1	[      7]
493   	0     	     11	 NeutSmallBright	    979.0820	   2054.69	    0.0	    00000000     00000000	   1	[      8]
494   	0     	      5	    NegSmallDark	    981.4141	   2332.03	    0.0	    00000000     00000000	   1	[      2]
495   	0     	      7	  NegSmallBright	    983.7773	   2363.28	    0.0	    00000000     00000000	   1	[      4]
496   	0     	     12	     condition12	    985.8633	   2085.94	    0.0	    00000000     00000000	   1	[       ]
497   	0     	      2	      condition2	    986.4297	    566.41	    0.0	    00000000     00000000	   1	[       ]
498   	0     	     10	 NeutLargeBright	    988.3477	   1917.97	    0.0	    00000000     00000000	   1	[      7]
499   	0     	      9	   NeutSmallDark	    990.7812	   2433.59	    0.0	    00000000     00000000	   1	[      6]
500   	0     	      4	    NegLargeDark	    993.1250	   2343.75	    0.0	    00000000     00000000	   1	[      1]
501   	0     	      9	   NeutSmallDark	    995.5312	   2406.25	    0.0	    00000000     00000000	   1	[      6]
502   	0     	     11	 NeutSmallBright	    997.5742	   2042.97	    0.0	    00000000     00000000	   1	[      8]
503   	0     	     10	 NeutLargeBright	    999.9375	   2363.28	    0.0	    00000000     00000000	   1	[      7]
504   	0     	      6	  NegLargeBright	   1002.1016	   2164.06	    0.0	    00000000     00000000	   1	[      3]
505   	0     	     14	     condition14	   1004.2344	   2132.81	    0.0	    00000000     00000000	   1	[       ]
506   	0     	      2	      condition2	   1004.8750	    640.62	    0.0	    00000000     00000000	   1	[       ]
507   	0     	      8	   NeutLargeDark	   1006.5273	   1652.34	    0.0	    00000000     00000000	   1	[      5]
508   	0     	      8	   NeutLargeDark	   1008.8516	   2324.22	    0.0	    00000000     00000000	   1	[      5]
509   	0     	     11	 NeutSmallBright	   1010.8867	   2035.16	    0.0	    00000000     00000000	   1	[      8]
510   	0     	      4	    NegLargeDark	   1013.3203	   2433.59	    0.0	    00000000     00000000	   1	[      1]
511   	0     	     14	     condition14	   1015.7852	   2464.84	    0.0	    00000000     00000000	   1	[       ]
512   	0     	      2	      condition2	   1016.3281	    542.97	    0.0	    00000000     00000000	   1	[       ]
513   	0     	      6	  NegLargeBright	   1018.0273	   1699.22	    0.0	    00000000     00000000	   1	[      3]
514   	0     	      4	    NegLargeDark	   1020.4453	   2417.97	    0.0	    00000000     00000000	   1	[      1]
515   	0     	      8	   NeutLargeDark	   1022.5664	   2121.09	    0.0	    00000000     00000000	   1	[      5]
516   	0     	      5	    NegSmallDark	   1024.9922	   2425.78	    0.0	    00000000     00000000	   1	[      2]
517   	0     	      8	   NeutLargeDark	   1027.3164	   2324.22	    0.0	    00000000     00000000	   1	[      5]
518   	0     	      9	   NeutSmallDark	   1029.3477	   2031.25	    0.0	    00000000     00000000	   1	[      6]
519   	0     	      6	  NegLargeBright	   1031.7148	   2367.19	    0.0	    00000000     00000000	   1	[      3]
520   	0     	      9	   NeutSmallDark	   1033.9766	   2261.72	    0.0	    00000000     00000000	   1	[      6]
521   	0     	      4	    NegLargeDark	   1036.4297	   2453.12	    0.0	    00000000     00000000	   1	[      1]
522   	0     	      9	   NeutSmallDark	   1038.8750	   2445.31	    0.0	    00000000     00000000	   1	[      6]
523   	0     	     13	     condition13	   1041.0312	   2156.25	    0.0	    00000000     00000000	   1	[       ]
524   	0     	      2	      condition2	   1041.5859	    554.69	    0.0	    00000000     00000000	   1	[       ]
525   	0     	      9	   NeutSmallDark	   1043.2930	   1707.03	    0.0	    00000000     00000000	   1	[      6]
526   	0     	      6	  NegLargeBright	   1045.7266	   2433.59	    0.0	    00000000     00000000	   1	[      3]
527   	0     	      4	    NegLargeDark	   1048.0703	   2343.75	    0.0	    00000000     00000000	   1	[      1]
528   	0     	      8	   NeutLargeDark	   1050.1172	   2046.88	    0.0	    00000000     00000000	   1	[      5]
529   	0     	      9	   NeutSmallDark	   1052.5195	   2402.34	    0.0	    00000000     00000000	   1	[      6]
530   	0     	      5	    NegSmallDark	   1054.6250	   2105.47	    0.0	    00000000     00000000	   1	[      2]
531   	0     	      8	   NeutLargeDark	   1056.9961	   2371.09	    0.0	    00000000     00000000	   1	[      5]
532   	0     	      6	  NegLargeBright	   1059.2305	   2234.38	    0.0	    00000000     00000000	   1	[      3]
533   	0     	      5	    NegSmallDark	   1061.6172	   2386.72	    0.0	    00000000     00000000	   1	[      2]
534   	0     	     10	 NeutLargeBright	   1063.9180	   2300.78	    0.0	    00000000     00000000	   1	[      7]
535   	0     	      6	  NegLargeBright	   1066.0547	   2136.72	    0.0	    00000000     00000000	   1	[      3]
536   	0     	      4	    NegLargeDark	   1068.5586	   2503.91	    0.0	    00000000     00000000	   1	[      1]
537   	0     	      6	  NegLargeBright	   1070.9609	   2402.34	    0.0	    00000000     00000000	   1	[      3]
538   	0     	     11	 NeutSmallBright	   1073.3750	   2414.06	    0.0	    00000000     00000000	   1	[      8]
539   	0     	      7	  NegSmallBright	   1075.8320	   2457.03	    0.0	    00000000     00000000	   1	[      4]
540   	0     	      6	  NegLargeBright	   1078.0938	   2261.72	    0.0	    00000000     00000000	   1	[      3]
541   	0     	      6	  NegLargeBright	   1080.2383	   2144.53	    0.0	    00000000     00000000	   1	[      3]
542   	0     	      6	  NegLargeBright	   1082.3828	   2144.53	    0.0	    00000000     00000000	   1	[      3]
543   	0     	     10	 NeutLargeBright	   1084.5547	   2171.88	    0.0	    00000000     00000000	   1	[      7]
544   	0     	      7	  NegSmallBright	   1086.9219	   2367.19	    0.0	    00000000     00000000	   1	[      4]
545   	0     	      4	    NegLargeDark	   1089.1836	   2261.72	    0.0	    00000000     00000000	   1	[      1]
546   	0     	     13	     condition13	   1091.3281	   2144.53	    0.0	    00000000     00000000	   1	[       ]
547   	0     	      2	      condition2	   1091.9141	    585.94	    0.0	    00000000     00000000	   1	[       ]
548   	0     	      8	   NeutLargeDark	   1093.5508	   1636.72	    0.0	    00000000     00000000	   1	[      5]
549   	0     	     11	 NeutSmallBright	   1096.0664	   2515.62	    0.0	    00000000     00000000	   1	[      8]
550   	0     	     10	 NeutLargeBright	   1098.3906	   2324.22	    0.0	    00000000     00000000	   1	[      7]
551   	0     	      6	  NegLargeBright	   1100.6836	   2292.97	    0.0	    00000000     00000000	   1	[      3]
552   	0     	     11	 NeutSmallBright	   1103.0078	   2324.22	    0.0	    00000000     00000000	   1	[      8]
553   	0     	      7	  NegSmallBright	   1105.3320	   2324.22	    0.0	    00000000     00000000	   1	[      4]
554   	0     	      4	    NegLargeDark	   1107.8555	   2523.44	    0.0	    00000000     00000000	   1	[      1]
555   	0     	      8	   NeutLargeDark	   1110.0000	   2144.53	    0.0	    00000000     00000000	   1	[      5]
556   	0     	     11	 NeutSmallBright	   1112.0352	   2035.16	    0.0	    00000000     00000000	   1	[      8]
557   	0     	      8	   NeutLargeDark	   1114.1289	   2093.75	    0.0	    00000000     00000000	   1	[      5]
558   	0     	     11	 NeutSmallBright	   1116.6328	   2503.91	    0.0	    00000000     00000000	   1	[      8]
559   	0     	     12	     condition12	   1119.0352	   2402.34	    0.0	    00000000     00000000	   1	[       ]
560   	0     	      2	      condition2	   1119.6133	    578.12	    0.0	    00000000     00000000	   1	[       ]
561   	0     	      9	   NeutSmallDark	   1121.3516	   1738.28	    0.0	    00000000     00000000	   1	[      6]
562   	0     	      4	    NegLargeDark	   1123.4844	   2132.81	    0.0	    00000000     00000000	   1	[      1]
563   	0     	    253	              ""	   1125.0938	   1609.38	    0.0	    00000000     00000000	   1	[       ]
564   	0     	      5	    NegSmallDark	   1126.0898	    996.09	    0.0	    00000000     00000000	   1	[      2]
565   	0     	      4	    NegLargeDark	   1128.1836	   2093.75	    0.0	    00000000     00000000	   1	[      1]
566   	0     	      5	    NegSmallDark	   1130.2891	   2105.47	    0.0	    00000000     00000000	   1	[      2]
567   	0     	      9	   NeutSmallDark	   1132.5000	   2210.94	    0.0	    00000000     00000000	   1	[      6]
568   	0     	     11	 NeutSmallBright	   1134.9961	   2496.09	    0.0	    00000000     00000000	   1	[      8]
569   	0     	     11	 NeutSmallBright	   1137.2812	   2285.16	    0.0	    00000000     00000000	   1	[      8]
570   	0     	      7	  NegSmallBright	   1139.3242	   2042.97	    0.0	    00000000     00000000	   1	[      4]
571   	0     	     12	     condition12	   1141.8477	   2523.44	    0.0	    00000000     00000000	   1	[       ]
572   	0     	      2	      condition2	   1142.4141	    566.41	    0.0	    00000000     00000000	   1	[       ]
573   	0     	      5	    NegSmallDark	   1144.3516	   1937.50	    0.0	    00000000     00000000	   1	[      2]
574   	0     	      4	    NegLargeDark	   1146.5547	   2203.12	    0.0	    00000000     00000000	   1	[      1]
575   	0     	      8	   NeutLargeDark	   1148.8398	   2285.16	    0.0	    00000000     00000000	   1	[      5]
576   	0     	      6	  NegLargeBright	   1150.9531	   2113.28	    0.0	    00000000     00000000	   1	[      3]
577   	0     	      9	   NeutSmallDark	   1153.3984	   2445.31	    0.0	    00000000     00000000	   1	[      6]
578   	0     	      6	  NegLargeBright	   1155.5820	   2183.59	    0.0	    00000000     00000000	   1	[      3]
579   	0     	      8	   NeutLargeDark	   1157.6641	   2082.03	    0.0	    00000000     00000000	   1	[      5]
580   	0     	     11	 NeutSmallBright	   1159.8008	   2136.72	    0.0	    00000000     00000000	   1	[      8]
581   	0     	     13	     condition13	   1162.1250	   2324.22	    0.0	    00000000     00000000	   1	[       ]
582   	0     	      2	      condition2	   1162.7070	    582.03	    0.0	    00000000     00000000	   1	[       ]
583   	0     	     10	 NeutLargeBright	   1164.3984	   1691.41	    0.0	    00000000     00000000	   1	[      7]
584   	0     	     14	     condition14	   1166.7734	   2375.00	    0.0	    00000000     00000000	   1	[       ]
585   	0     	      2	      condition2	   1167.4023	    628.91	    0.0	    00000000     00000000	   1	[       ]
586   	0     	      9	   NeutSmallDark	   1168.9570	   1554.69	    0.0	    00000000     00000000	   1	[      6]
587   	0     	      4	    NegLargeDark	   1171.4492	   2492.19	    0.0	    00000000     00000000	   1	[      1]
588   	0     	      9	   NeutSmallDark	   1173.6836	   2234.38	    0.0	    00000000     00000000	   1	[      6]
589   	0     	     10	 NeutLargeBright	   1175.7461	   2062.50	    0.0	    00000000     00000000	   1	[      7]
590   	0     	     11	 NeutSmallBright	   1178.2305	   2484.38	    0.0	    00000000     00000000	   1	[      8]
591   	0     	      9	   NeutSmallDark	   1180.4648	   2234.38	    0.0	    00000000     00000000	   1	[      6]
592   	0     	     10	 NeutLargeBright	   1182.8789	   2414.06	    0.0	    00000000     00000000	   1	[      7]
593   	0     	      8	   NeutLargeDark	   1185.2148	   2335.94	    0.0	    00000000     00000000	   1	[      5]
594   	0     	      8	   NeutLargeDark	   1187.3789	   2164.06	    0.0	    00000000     00000000	   1	[      5]
595   	0     	      4	    NegLargeDark	   1189.5508	   2171.88	    0.0	    00000000     00000000	   1	[      1]
596   	0     	     13	     condition13	   1191.9141	   2363.28	    0.0	    00000000     00000000	   1	[       ]
597   	0     	      2	      condition2	   1192.5078	    593.75	    0.0	    00000000     00000000	   1	[       ]
598   	0     	      9	   NeutSmallDark	   1194.3203	   1812.50	    0.0	    00000000     00000000	   1	[      6]
599   	0     	     11	 NeutSmallBright	   1196.7227	   2402.34	    0.0	    00000000     00000000	   1	[      8]
600   	0     	     11	 NeutSmallBright	   1199.0195	   2296.88	    0.0	    00000000     00000000	   1	[      8]
601   	0     	      6	  NegLargeBright	   1201.4336	   2414.06	    0.0	    00000000     00000000	   1	[      3]
602   	0     	     10	 NeutLargeBright	   1203.5273	   2093.75	    0.0	    00000000     00000000	   1	[      7]
603   	0     	     10	 NeutLargeBright	   1205.8594	   2332.03	    0.0	    00000000     00000000	   1	[      7]
604   	0     	     11	 NeutSmallBright	   1208.3164	   2457.03	    0.0	    00000000     00000000	   1	[      8]
605   	0     	      8	   NeutLargeDark	   1210.5391	   2222.66	    0.0	    00000000     00000000	   1	[      5]
606   	0     	      9	   NeutSmallDark	   1212.8438	   2304.69	    0.0	    00000000     00000000	   1	[      6]
607   	0     	      6	  NegLargeBright	   1215.1172	   2273.44	    0.0	    00000000     00000000	   1	[      3]
608   	0     	      4	    NegLargeDark	   1217.6016	   2484.38	    0.0	    00000000     00000000	   1	[      1]
609   	0     	      7	  NegSmallBright	   1219.6445	   2042.97	    0.0	    00000000     00000000	   1	[      4]
610   	0     	     11	 NeutSmallBright	   1221.7500	   2105.47	    0.0	    00000000     00000000	   1	[      8]
611   	0     	     15	     condition15	   1223.8906	   2140.62	    0.0	    00000000     00000000	   1	[       ]
612   	0     	      2	      condition2	   1224.5000	    609.38	    0.0	    00000000     00000000	   1	[       ]
613   	0     	     13	     condition13	   1226.1641	   1664.06	    0.0	    00000000     00000000	   1	[       ]
614   	0     	      2	      condition2	   1226.7266	    562.50	    0.0	    00000000     00000000	   1	[       ]
615   	0     	      9	   NeutSmallDark	   1228.5586	   1832.03	    0.0	    00000000     00000000	   1	[      6]
616   	0     	      8	   NeutLargeDark	   1230.7227	   2164.06	    0.0	    00000000     00000000	   1	[      5]
617   	0     	     13	     condition13	   1232.8477	   2125.00	    0.0	    00000000     00000000	   1	[       ]
618   	0     	      2	      condition2	   1233.3398	    492.19	    0.0	    00000000     00000000	   1	[       ]
619   	0     	      8	   NeutLargeDark	   1235.0820	   1742.19	    0.0	    00000000     00000000	   1	[      5]
620   	0     	      5	    NegSmallDark	   1237.5859	   2503.91	    0.0	    00000000     00000000	   1	[      2]
621   	0     	      5	    NegSmallDark	   1239.6602	   2074.22	    0.0	    00000000     00000000	   1	[      2]
622   	0     	      8	   NeutLargeDark	   1242.0039	   2343.75	    0.0	    00000000     00000000	   1	[      5]
623   	0     	      9	   NeutSmallDark	   1244.4297	   2425.78	    0.0	    00000000     00000000	   1	[      6]
624   	0     	     13	     condition13	   1246.7930	   2363.28	    0.0	    00000000     00000000	   1	[       ]
625   	0     	      2	      condition2	   1247.3281	    535.16	    0.0	    00000000     00000000	   1	[       ]
626   	0     	     10	 NeutLargeBright	   1249.1055	   1777.34	    0.0	    00000000     00000000	   1	[      7]
627   	0     	      7	  NegSmallBright	   1251.1914	   2085.94	    0.0	    00000000     00000000	   1	[      4]
628   	0     	      4	    NegLargeDark	   1253.6523	   2460.94	    0.0	    00000000     00000000	   1	[      1]
629   	0     	     13	     condition13	   1256.0977	   2445.31	    0.0	    00000000     00000000	   1	[       ]
630   	0     	      2	      condition2	   1256.7539	    656.25	    0.0	    00000000     00000000	   1	[       ]
631   	0     	     10	 NeutLargeBright	   1258.5234	   1769.53	    0.0	    00000000     00000000	   1	[      7]
632   	0     	      4	    NegLargeDark	   1260.9961	   2472.66	    0.0	    00000000     00000000	   1	[      1]
633   	0     	      5	    NegSmallDark	   1263.5117	   2515.62	    0.0	    00000000     00000000	   1	[      2]
634   	0     	     10	 NeutLargeBright	   1265.5742	   2062.50	    0.0	    00000000     00000000	   1	[      7]
635   	0     	      6	  NegLargeBright	   1268.0977	   2523.44	    0.0	    00000000     00000000	   1	[      3]
636   	0     	     11	 NeutSmallBright	   1270.5039	   2406.25	    0.0	    00000000     00000000	   1	[      8]
637   	0     	      8	   NeutLargeDark	   1272.5586	   2054.69	    0.0	    00000000     00000000	   1	[      5]
638   	0     	     11	 NeutSmallBright	   1274.9609	   2402.34	    0.0	    00000000     00000000	   1	[      8]
639   	0     	     14	     condition14	   1277.4766	   2515.62	    0.0	    00000000     00000000	   1	[       ]
640   	0     	      2	      condition2	   1278.0117	    535.16	    0.0	    00000000     00000000	   1	[       ]
641   	0     	      4	    NegLargeDark	   1280.0000	   1988.28	    0.0	    00000000     00000000	   1	[      1]
642   	0     	     10	 NeutLargeBright	   1282.1055	   2105.47	    0.0	    00000000     00000000	   1	[      7]
643   	0     	     12	     condition12	   1284.2578	   2152.34	    0.0	    00000000     00000000	   1	[       ]
644   	0     	      2	      condition2	   1284.8750	    617.19	    0.0	    00000000     00000000	   1	[       ]
