#  Non-editable header begin --------------------------------------------------------------------------------
# 
#  data format...............: continuous
#  setname...................: BDF file
#  filename..................: none_specified
#  filepath..................: none_specified
#  nchan.....................: 64
#  pnts......................: 328704
#  srate.....................: 256
#  nevents...................: 648
#  generated by (bdf)........: 
#  generated by (set)........: BDF file
#  reported in ..............: 
#  prog Version..............: 8.02
#  creation date.............: 18-Nov-2020 16:56:20
#  user Account..............: 
# 
#  Non-editable header end --------------------------------------------------------------------------------

	bin 1,	# 60,	NegLargeDark
	bin 2,	# 60,	NegSmallDark
	bin 3,	# 60,	NegLargeBright
	bin 4,	# 60,	NegSmallBright
	bin 5,	# 60,	NeutLargeDark
	bin 6,	# 60,	NeutSmallDark
	bin 7,	# 60,	NeutLargeBright
	bin 8,	# 60,	NeutSmallBright



# item	 bepoch	  ecode	            label	      onset	          diff	     dura	b_flags	   a_flags	  enable	    bin
#                                                 (sec)           (msec)     (msec)    (binary)   (binary)


1     	0     	    253	              ""	      0.4062	      0.00	    0.0	    00000000     00000000	   1	[       ]
2     	0     	      4	    NegLargeDark	      1.4062	   1000.00	    0.0	    00000000     00000000	   1	[      1]
3     	0     	      7	  NegSmallBright	      3.5625	   2156.25	    0.0	    00000000     00000000	   1	[      4]
4     	0     	      4	    NegLargeDark	      6.0742	   2511.72	    0.0	    00000000     00000000	   1	[      1]
5     	0     	     10	 NeutLargeBright	      8.5195	   2445.31	    0.0	    00000000     00000000	   1	[      7]
6     	0     	      6	  NegLargeBright	     11.0430	   2523.44	    0.0	    00000000     00000000	   1	[      3]
7     	0     	     10	 NeutLargeBright	     13.1367	   2093.75	    0.0	    00000000     00000000	   1	[      7]
8     	0     	      4	    NegLargeDark	     15.4336	   2296.88	    0.0	    00000000     00000000	   1	[      1]
9     	0     	      8	   NeutLargeDark	     17.5664	   2132.81	    0.0	    00000000     00000000	   1	[      5]
10    	0     	      6	  NegLargeBright	     20.0195	   2453.12	    0.0	    00000000     00000000	   1	[      3]
11    	0     	      9	   NeutSmallDark	     22.2344	   2214.84	    0.0	    00000000     00000000	   1	[      6]
12    	0     	     13	     condition13	     24.7305	   2496.09	    0.0	    00000000     00000000	   1	[       ]
13    	0     	      2	      condition2	     25.3203	    589.84	    0.0	    00000000     00000000	   1	[       ]
14    	0     	      6	  NegLargeBright	     26.8242	   1503.91	    0.0	    00000000     00000000	   1	[      3]
15    	0     	      8	   NeutLargeDark	     29.2070	   2382.81	    0.0	    00000000     00000000	   1	[      5]
16    	0     	      7	  NegSmallBright	     31.3008	   2093.75	    0.0	    00000000     00000000	   1	[      4]
17    	0     	      9	   NeutSmallDark	     33.4453	   2144.53	    0.0	    00000000     00000000	   1	[      6]
18    	0     	     13	     condition13	     35.6797	   2234.38	    0.0	    00000000     00000000	   1	[       ]
19    	0     	      2	      condition2	     36.4414	    761.72	    0.0	    00000000     00000000	   1	[       ]
20    	0     	     11	 NeutSmallBright	     38.1523	   1710.94	    0.0	    00000000     00000000	   1	[      8]
21    	0     	      6	  NegLargeBright	     40.1875	   2035.16	    0.0	    00000000     00000000	   1	[      3]
22    	0     	      9	   NeutSmallDark	     42.6992	   2511.72	    0.0	    00000000     00000000	   1	[      6]
23    	0     	     15	     condition15	     45.1133	   2414.06	    0.0	    00000000     00000000	   1	[       ]
24    	0     	      2	      condition2	     45.8320	    718.75	    0.0	    00000000     00000000	   1	[       ]
25    	0     	     10	 NeutLargeBright	     47.2266	   1394.53	    0.0	    00000000     00000000	   1	[      7]
26    	0     	     12	     condition12	     49.4531	   2226.56	    0.0	    00000000     00000000	   1	[       ]
27    	0     	      2	      condition2	     50.0234	    570.31	    0.0	    00000000     00000000	   1	[       ]
28    	0     	      8	   NeutLargeDark	     51.5469	   1523.44	    0.0	    00000000     00000000	   1	[      5]
29    	0     	      5	    NegSmallDark	     53.6406	   2093.75	    0.0	    00000000     00000000	   1	[      2]
30    	0     	     11	 NeutSmallBright	     55.9648	   2324.22	    0.0	    00000000     00000000	   1	[      8]
31    	0     	      5	    NegSmallDark	     58.0391	   2074.22	    0.0	    00000000     00000000	   1	[      2]
32    	0     	      4	    NegLargeDark	     60.3125	   2273.44	    0.0	    00000000     00000000	   1	[      1]
33    	0     	      5	    NegSmallDark	     62.8242	   2511.72	    0.0	    00000000     00000000	   1	[      2]
34    	0     	     10	 NeutLargeBright	     65.1719	   2347.66	    0.0	    00000000     00000000	   1	[      7]
35    	0     	     10	 NeutLargeBright	     67.6953	   2523.44	    0.0	    00000000     00000000	   1	[      7]
36    	0     	     11	 NeutSmallBright	     69.7969	   2101.56	    0.0	    00000000     00000000	   1	[      8]
37    	0     	      7	  NegSmallBright	     71.8320	   2035.16	    0.0	    00000000     00000000	   1	[      4]
38    	0     	     14	     condition14	     74.1172	   2285.16	    0.0	    00000000     00000000	   1	[       ]
39    	0     	      2	      condition2	     74.5586	    441.41	    0.0	    00000000     00000000	   1	[       ]
40    	0     	      5	    NegSmallDark	     76.3906	   1832.03	    0.0	    00000000     00000000	   1	[      2]
41    	0     	      6	  NegLargeBright	     78.6523	   2261.72	    0.0	    00000000     00000000	   1	[      3]
42    	0     	      7	  NegSmallBright	     80.8359	   2183.59	    0.0	    00000000     00000000	   1	[      4]
43    	0     	      8	   NeutLargeDark	     82.9219	   2085.94	    0.0	    00000000     00000000	   1	[      5]
44    	0     	     11	 NeutSmallBright	     85.0430	   2121.09	    0.0	    00000000     00000000	   1	[      8]
45    	0     	     10	 NeutLargeBright	     87.5703	   2527.34	    0.0	    00000000     00000000	   1	[      7]
46    	0     	     11	 NeutSmallBright	     90.0352	   2464.84	    0.0	    00000000     00000000	   1	[      8]
47    	0     	      5	    NegSmallDark	     92.4883	   2453.12	    0.0	    00000000     00000000	   1	[      2]
48    	0     	      4	    NegLargeDark	     94.7930	   2304.69	    0.0	    00000000     00000000	   1	[      1]
49    	0     	     15	     condition15	     97.1562	   2363.28	    0.0	    00000000     00000000	   1	[       ]
50    	0     	      2	      condition2	     97.9609	    804.69	    0.0	    00000000     00000000	   1	[       ]
51    	0     	     13	     condition13	     99.5820	   1621.09	    0.0	    00000000     00000000	   1	[       ]
52    	0     	      2	      condition2	     99.9961	    414.06	    0.0	    00000000     00000000	   1	[       ]
53    	0     	      7	  NegSmallBright	    101.7227	   1726.56	    0.0	    00000000     00000000	   1	[      4]
54    	0     	      8	   NeutLargeDark	    103.8477	   2125.00	    0.0	    00000000     00000000	   1	[      5]
55    	0     	      9	   NeutSmallDark	    106.1836	   2335.94	    0.0	    00000000     00000000	   1	[      6]
56    	0     	      8	   NeutLargeDark	    108.5664	   2382.81	    0.0	    00000000     00000000	   1	[      5]
57    	0     	      8	   NeutLargeDark	    110.9414	   2375.00	    0.0	    00000000     00000000	   1	[      5]
58    	0     	     11	 NeutSmallBright	    112.9922	   2050.78	    0.0	    00000000     00000000	   1	[      8]
59    	0     	     10	 NeutLargeBright	    115.4492	   2457.03	    0.0	    00000000     00000000	   1	[      7]
60    	0     	      8	   NeutLargeDark	    117.6016	   2152.34	    0.0	    00000000     00000000	   1	[      5]
61    	0     	     14	     condition14	    119.7578	   2156.25	    0.0	    00000000     00000000	   1	[       ]
62    	0     	      2	      condition2	    120.3086	    550.78	    0.0	    00000000     00000000	   1	[       ]
63    	0     	      6	  NegLargeBright	    121.8789	   1570.31	    0.0	    00000000     00000000	   1	[      3]
64    	0     	     13	     condition13	    124.1523	   2273.44	    0.0	    00000000     00000000	   1	[       ]
65    	0     	      2	      condition2	    124.5820	    429.69	    0.0	    00000000     00000000	   1	[       ]
66    	0     	      4	    NegLargeDark	    126.5977	   2015.62	    0.0	    00000000     00000000	   1	[      1]
67    	0     	      6	  NegLargeBright	    128.9414	   2343.75	    0.0	    00000000     00000000	   1	[      3]
68    	0     	      5	    NegSmallDark	    131.2969	   2355.47	    0.0	    00000000     00000000	   1	[      2]
69    	0     	     11	 NeutSmallBright	    133.6211	   2324.22	    0.0	    00000000     00000000	   1	[      8]
70    	0     	      7	  NegSmallBright	    135.8633	   2242.19	    0.0	    00000000     00000000	   1	[      4]
71    	0     	     13	     condition13	    138.1289	   2265.62	    0.0	    00000000     00000000	   1	[       ]
72    	0     	      2	      condition2	    138.5938	    464.84	    0.0	    00000000     00000000	   1	[       ]
73    	0     	      4	    NegLargeDark	    140.2734	   1679.69	    0.0	    00000000     00000000	   1	[      1]
74    	0     	     13	     condition13	    142.3438	   2070.31	    0.0	    00000000     00000000	   1	[       ]
75    	0     	      2	      condition2	    142.8359	    492.19	    0.0	    00000000     00000000	   1	[       ]
76    	0     	      6	  NegLargeBright	    144.8008	   1964.84	    0.0	    00000000     00000000	   1	[      3]
77    	0     	      6	  NegLargeBright	    147.2539	   2453.12	    0.0	    00000000     00000000	   1	[      3]
78    	0     	     10	 NeutLargeBright	    149.3164	   2062.50	    0.0	    00000000     00000000	   1	[      7]
79    	0     	      4	    NegLargeDark	    151.4414	   2125.00	    0.0	    00000000     00000000	   1	[      1]
80    	0     	      6	  NegLargeBright	    153.9648	   2523.44	    0.0	    00000000     00000000	   1	[      3]
81    	0     	      7	  NegSmallBright	    156.3086	   2343.75	    0.0	    00000000     00000000	   1	[      4]
82    	0     	      4	    NegLargeDark	    158.4453	   2136.72	    0.0	    00000000     00000000	   1	[      1]
83    	0     	    253	              ""	    160.5938	   2148.44	    0.0	    00000000     00000000	   1	[       ]
84    	0     	     12	     condition12	    161.5898	    996.09	    0.0	    00000000     00000000	   1	[       ]
85    	0     	      2	      condition2	    161.9805	    390.62	    0.0	    00000000     00000000	   1	[       ]
86    	0     	      4	    NegLargeDark	    163.7422	   1761.72	    0.0	    00000000     00000000	   1	[      1]
87    	0     	     11	 NeutSmallBright	    166.0078	   2265.62	    0.0	    00000000     00000000	   1	[      8]
88    	0     	      5	    NegSmallDark	    168.4609	   2453.12	    0.0	    00000000     00000000	   1	[      2]
89    	0     	     13	     condition13	    170.7734	   2312.50	    0.0	    00000000     00000000	   1	[       ]
90    	0     	      2	      condition2	    171.2969	    523.44	    0.0	    00000000     00000000	   1	[       ]
91    	0     	      6	  NegLargeBright	    173.2891	   1992.19	    0.0	    00000000     00000000	   1	[      3]
92    	0     	      9	   NeutSmallDark	    175.4844	   2195.31	    0.0	    00000000     00000000	   1	[      6]
93    	0     	     10	 NeutLargeBright	    178.0078	   2523.44	    0.0	    00000000     00000000	   1	[      7]
94    	0     	      9	   NeutSmallDark	    180.2500	   2242.19	    0.0	    00000000     00000000	   1	[      6]
95    	0     	     10	 NeutLargeBright	    182.4531	   2203.12	    0.0	    00000000     00000000	   1	[      7]
96    	0     	     14	     condition14	    184.5898	   2136.72	    0.0	    00000000     00000000	   1	[       ]
97    	0     	      2	      condition2	    185.1523	    562.50	    0.0	    00000000     00000000	   1	[       ]
98    	0     	     10	 NeutLargeBright	    186.7812	   1628.91	    0.0	    00000000     00000000	   1	[      7]
99    	0     	      7	  NegSmallBright	    188.9844	   2203.12	    0.0	    00000000     00000000	   1	[      4]
100   	0     	      8	   NeutLargeDark	    191.3711	   2386.72	    0.0	    00000000     00000000	   1	[      5]
101   	0     	      9	   NeutSmallDark	    193.4023	   2031.25	    0.0	    00000000     00000000	   1	[      6]
102   	0     	      4	    NegLargeDark	    195.5273	   2125.00	    0.0	    00000000     00000000	   1	[      1]
103   	0     	     11	 NeutSmallBright	    197.7930	   2265.62	    0.0	    00000000     00000000	   1	[      8]
104   	0     	      5	    NegSmallDark	    200.2148	   2421.88	    0.0	    00000000     00000000	   1	[      2]
105   	0     	     11	 NeutSmallBright	    202.5820	   2367.19	    0.0	    00000000     00000000	   1	[      8]
106   	0     	      4	    NegLargeDark	    205.1055	   2523.44	    0.0	    00000000     00000000	   1	[      1]
107   	0     	     10	 NeutLargeBright	    207.5391	   2433.59	    0.0	    00000000     00000000	   1	[      7]
108   	0     	     12	     condition12	    209.8242	   2285.16	    0.0	    00000000     00000000	   1	[       ]
109   	0     	      2	      condition2	    210.2930	    468.75	    0.0	    00000000     00000000	   1	[       ]
110   	0     	      6	  NegLargeBright	    212.0469	   1753.91	    0.0	    00000000     00000000	   1	[      3]
111   	0     	      9	   NeutSmallDark	    214.1602	   2113.28	    0.0	    00000000     00000000	   1	[      6]
112   	0     	      8	   NeutLargeDark	    216.2852	   2125.00	    0.0	    00000000     00000000	   1	[      5]
113   	0     	     11	 NeutSmallBright	    218.5391	   2253.91	    0.0	    00000000     00000000	   1	[      8]
114   	0     	      4	    NegLargeDark	    220.8438	   2304.69	    0.0	    00000000     00000000	   1	[      1]
115   	0     	      7	  NegSmallBright	    223.2266	   2382.81	    0.0	    00000000     00000000	   1	[      4]
116   	0     	     11	 NeutSmallBright	    225.3594	   2132.81	    0.0	    00000000     00000000	   1	[      8]
117   	0     	      9	   NeutSmallDark	    227.6953	   2335.94	    0.0	    00000000     00000000	   1	[      6]
118   	0     	      5	    NegSmallDark	    230.0195	   2324.22	    0.0	    00000000     00000000	   1	[      2]
119   	0     	      4	    NegLargeDark	    232.3906	   2371.09	    0.0	    00000000     00000000	   1	[      1]
120   	0     	      9	   NeutSmallDark	    234.6250	   2234.38	    0.0	    00000000     00000000	   1	[      6]
121   	0     	      4	    NegLargeDark	    236.7109	   2085.94	    0.0	    00000000     00000000	   1	[      1]
122   	0     	      4	    NegLargeDark	    238.8047	   2093.75	    0.0	    00000000     00000000	   1	[      1]
123   	0     	     10	 NeutLargeBright	    241.1094	   2304.69	    0.0	    00000000     00000000	   1	[      7]
124   	0     	     11	 NeutSmallBright	    243.3906	   2281.25	    0.0	    00000000     00000000	   1	[      8]
125   	0     	      6	  NegLargeBright	    245.6250	   2234.38	    0.0	    00000000     00000000	   1	[      3]
126   	0     	     11	 NeutSmallBright	    247.8984	   2273.44	    0.0	    00000000     00000000	   1	[      8]
127   	0     	      5	    NegSmallDark	    250.3125	   2414.06	    0.0	    00000000     00000000	   1	[      2]
128   	0     	      5	    NegSmallDark	    252.7266	   2414.06	    0.0	    00000000     00000000	   1	[      2]
129   	0     	      9	   NeutSmallDark	    255.0039	   2277.34	    0.0	    00000000     00000000	   1	[      6]
130   	0     	      6	  NegLargeBright	    257.3555	   2351.56	    0.0	    00000000     00000000	   1	[      3]
131   	0     	     14	     condition14	    259.4297	   2074.22	    0.0	    00000000     00000000	   1	[       ]
132   	0     	      2	      condition2	    259.9883	    558.59	    0.0	    00000000     00000000	   1	[       ]
133   	0     	      6	  NegLargeBright	    261.6250	   1636.72	    0.0	    00000000     00000000	   1	[      3]
134   	0     	      5	    NegSmallDark	    263.6992	   2074.22	    0.0	    00000000     00000000	   1	[      2]
135   	0     	     10	 NeutLargeBright	    265.9219	   2222.66	    0.0	    00000000     00000000	   1	[      7]
136   	0     	      5	    NegSmallDark	    268.3555	   2433.59	    0.0	    00000000     00000000	   1	[      2]
137   	0     	      8	   NeutLargeDark	    270.5312	   2175.78	    0.0	    00000000     00000000	   1	[      5]
138   	0     	     13	     condition13	    272.5938	   2062.50	    0.0	    00000000     00000000	   1	[       ]
139   	0     	      2	      condition2	    273.1367	    542.97	    0.0	    00000000     00000000	   1	[       ]
140   	0     	      7	  NegSmallBright	    274.8281	   1691.41	    0.0	    00000000     00000000	   1	[      4]
141   	0     	      7	  NegSmallBright	    277.2031	   2375.00	    0.0	    00000000     00000000	   1	[      4]
142   	0     	      5	    NegSmallDark	    279.5664	   2363.28	    0.0	    00000000     00000000	   1	[      2]
143   	0     	      9	   NeutSmallDark	    281.9414	   2375.00	    0.0	    00000000     00000000	   1	[      6]
144   	0     	      9	   NeutSmallDark	    283.9844	   2042.97	    0.0	    00000000     00000000	   1	[      6]
145   	0     	     14	     condition14	    286.1367	   2152.34	    0.0	    00000000     00000000	   1	[       ]
146   	0     	      2	      condition2	    286.6016	    464.84	    0.0	    00000000     00000000	   1	[       ]
147   	0     	      7	  NegSmallBright	    288.6094	   2007.81	    0.0	    00000000     00000000	   1	[      4]
148   	0     	      5	    NegSmallDark	    290.7734	   2164.06	    0.0	    00000000     00000000	   1	[      2]
149   	0     	     13	     condition13	    292.8984	   2125.00	    0.0	    00000000     00000000	   1	[       ]
150   	0     	      2	      condition2	    293.3203	    421.88	    0.0	    00000000     00000000	   1	[       ]
151   	0     	      7	  NegSmallBright	    295.4023	   2082.03	    0.0	    00000000     00000000	   1	[      4]
152   	0     	      4	    NegLargeDark	    297.7773	   2375.00	    0.0	    00000000     00000000	   1	[      1]
153   	0     	      8	   NeutLargeDark	    300.2734	   2496.09	    0.0	    00000000     00000000	   1	[      5]
154   	0     	      4	    NegLargeDark	    302.6758	   2402.34	    0.0	    00000000     00000000	   1	[      1]
155   	0     	     10	 NeutLargeBright	    305.0586	   2382.81	    0.0	    00000000     00000000	   1	[      7]
156   	0     	      5	    NegSmallDark	    307.1328	   2074.22	    0.0	    00000000     00000000	   1	[      2]
157   	0     	      8	   NeutLargeDark	    309.1992	   2066.41	    0.0	    00000000     00000000	   1	[      5]
158   	0     	     13	     condition13	    311.6602	   2460.94	    0.0	    00000000     00000000	   1	[       ]
159   	0     	      2	      condition2	    312.1719	    511.72	    0.0	    00000000     00000000	   1	[       ]
160   	0     	      6	  NegLargeBright	    314.1250	   1953.12	    0.0	    00000000     00000000	   1	[      3]
161   	0     	      6	  NegLargeBright	    316.3281	   2203.12	    0.0	    00000000     00000000	   1	[      3]
162   	0     	      8	   NeutLargeDark	    318.7930	   2464.84	    0.0	    00000000     00000000	   1	[      5]
163   	0     	    253	              ""	    320.5781	   1785.16	    0.0	    00000000     00000000	   1	[       ]
164   	0     	      6	  NegLargeBright	    321.5898	   1011.72	    0.0	    00000000     00000000	   1	[      3]
165   	0     	     10	 NeutLargeBright	    324.0625	   2472.66	    0.0	    00000000     00000000	   1	[      7]
166   	0     	     12	     condition12	    326.2266	   2164.06	    0.0	    00000000     00000000	   1	[       ]
167   	0     	      2	      condition2	    326.7344	    507.81	    0.0	    00000000     00000000	   1	[       ]
168   	0     	      7	  NegSmallBright	    328.2930	   1558.59	    0.0	    00000000     00000000	   1	[      4]
169   	0     	     12	     condition12	    330.5664	   2273.44	    0.0	    00000000     00000000	   1	[       ]
170   	0     	      2	      condition2	    330.9805	    414.06	    0.0	    00000000     00000000	   1	[       ]
171   	0     	     14	     condition14	    332.7812	   1800.78	    0.0	    00000000     00000000	   1	[       ]
172   	0     	      2	      condition2	    333.2539	    472.66	    0.0	    00000000     00000000	   1	[       ]
173   	0     	      8	   NeutLargeDark	    334.8242	   1570.31	    0.0	    00000000     00000000	   1	[      5]
174   	0     	      9	   NeutSmallDark	    337.2070	   2382.81	    0.0	    00000000     00000000	   1	[      6]
175   	0     	      5	    NegSmallDark	    339.4102	   2203.12	    0.0	    00000000     00000000	   1	[      2]
176   	0     	      6	  NegLargeBright	    341.5547	   2144.53	    0.0	    00000000     00000000	   1	[      3]
177   	0     	     14	     condition14	    344.0078	   2453.12	    0.0	    00000000     00000000	   1	[       ]
178   	0     	      2	      condition2	    344.4883	    480.47	    0.0	    00000000     00000000	   1	[       ]
179   	0     	     14	     condition14	    346.4531	   1964.84	    0.0	    00000000     00000000	   1	[       ]
180   	0     	      2	      condition2	    347.0078	    554.69	    0.0	    00000000     00000000	   1	[       ]
181   	0     	     11	 NeutSmallBright	    348.8086	   1800.78	    0.0	    00000000     00000000	   1	[      8]
182   	0     	      9	   NeutSmallDark	    351.0898	   2281.25	    0.0	    00000000     00000000	   1	[      6]
183   	0     	      6	  NegLargeBright	    353.5156	   2425.78	    0.0	    00000000     00000000	   1	[      3]
184   	0     	      4	    NegLargeDark	    355.5898	   2074.22	    0.0	    00000000     00000000	   1	[      1]
185   	0     	      9	   NeutSmallDark	    357.8633	   2273.44	    0.0	    00000000     00000000	   1	[      6]
186   	0     	     10	 NeutLargeBright	    360.1992	   2335.94	    0.0	    00000000     00000000	   1	[      7]
187   	0     	      6	  NegLargeBright	    362.3828	   2183.59	    0.0	    00000000     00000000	   1	[      3]
188   	0     	     10	 NeutLargeBright	    364.6758	   2292.97	    0.0	    00000000     00000000	   1	[      7]
189   	0     	     15	     condition15	    366.7695	   2093.75	    0.0	    00000000     00000000	   1	[       ]
190   	0     	      2	      condition2	    367.2656	    496.09	    0.0	    00000000     00000000	   1	[       ]
191   	0     	      7	  NegSmallBright	    369.0430	   1777.34	    0.0	    00000000     00000000	   1	[      4]
192   	0     	      7	  NegSmallBright	    371.3359	   2292.97	    0.0	    00000000     00000000	   1	[      4]
193   	0     	      6	  NegLargeBright	    373.6719	   2335.94	    0.0	    00000000     00000000	   1	[      3]
194   	0     	      5	    NegSmallDark	    376.0352	   2363.28	    0.0	    00000000     00000000	   1	[      2]
195   	0     	     13	     condition13	    378.1797	   2144.53	    0.0	    00000000     00000000	   1	[       ]
196   	0     	      2	      condition2	    378.6406	    460.94	    0.0	    00000000     00000000	   1	[       ]
197   	0     	      4	    NegLargeDark	    380.3047	   1664.06	    0.0	    00000000     00000000	   1	[      1]
198   	0     	     11	 NeutSmallBright	    382.5586	   2253.91	    0.0	    00000000     00000000	   1	[      8]
199   	0     	      5	    NegSmallDark	    384.7305	   2171.88	    0.0	    00000000     00000000	   1	[      2]
200   	0     	     12	     condition12	    386.9258	   2195.31	    0.0	    00000000     00000000	   1	[       ]
201   	0     	      2	      condition2	    387.3320	    406.25	    0.0	    00000000     00000000	   1	[       ]
202   	0     	     11	 NeutSmallBright	    389.3906	   2058.59	    0.0	    00000000     00000000	   1	[      8]
203   	0     	      7	  NegSmallBright	    391.8516	   2460.94	    0.0	    00000000     00000000	   1	[      4]
204   	0     	      5	    NegSmallDark	    394.0781	   2226.56	    0.0	    00000000     00000000	   1	[      2]
205   	0     	      5	    NegSmallDark	    396.2617	   2183.59	    0.0	    00000000     00000000	   1	[      2]
206   	0     	     10	 NeutLargeBright	    398.7266	   2464.84	    0.0	    00000000     00000000	   1	[      7]
207   	0     	      5	    NegSmallDark	    400.8008	   2074.22	    0.0	    00000000     00000000	   1	[      2]
208   	0     	      7	  NegSmallBright	    403.2227	   2421.88	    0.0	    00000000     00000000	   1	[      4]
209   	0     	      7	  NegSmallBright	    405.4883	   2265.62	    0.0	    00000000     00000000	   1	[      4]
210   	0     	      5	    NegSmallDark	    407.9102	   2421.88	    0.0	    00000000     00000000	   1	[      2]
211   	0     	     10	 NeutLargeBright	    410.2656	   2355.47	    0.0	    00000000     00000000	   1	[      7]
212   	0     	      7	  NegSmallBright	    412.5977	   2332.03	    0.0	    00000000     00000000	   1	[      4]
213   	0     	      9	   NeutSmallDark	    414.8555	   2257.81	    0.0	    00000000     00000000	   1	[      6]
214   	0     	      8	   NeutLargeDark	    417.1758	   2320.31	    0.0	    00000000     00000000	   1	[      5]
215   	0     	      4	    NegLargeDark	    419.2422	   2066.41	    0.0	    00000000     00000000	   1	[      1]
216   	0     	      9	   NeutSmallDark	    421.6172	   2375.00	    0.0	    00000000     00000000	   1	[      6]
217   	0     	      8	   NeutLargeDark	    423.6992	   2082.03	    0.0	    00000000     00000000	   1	[      5]
218   	0     	      8	   NeutLargeDark	    426.0820	   2382.81	    0.0	    00000000     00000000	   1	[      5]
219   	0     	     12	     condition12	    428.5586	   2476.56	    0.0	    00000000     00000000	   1	[       ]
220   	0     	      2	      condition2	    429.0664	    507.81	    0.0	    00000000     00000000	   1	[       ]
221   	0     	      5	    NegSmallDark	    430.8828	   1816.41	    0.0	    00000000     00000000	   1	[      2]
222   	0     	     10	 NeutLargeBright	    433.2969	   2414.06	    0.0	    00000000     00000000	   1	[      7]
223   	0     	      5	    NegSmallDark	    435.7812	   2484.38	    0.0	    00000000     00000000	   1	[      2]
224   	0     	     12	     condition12	    437.9727	   2191.41	    0.0	    00000000     00000000	   1	[       ]
225   	0     	      2	      condition2	    438.4297	    457.03	    0.0	    00000000     00000000	   1	[       ]
226   	0     	     11	 NeutSmallBright	    440.4805	   2050.78	    0.0	    00000000     00000000	   1	[      8]
227   	0     	     12	     condition12	    442.6914	   2210.94	    0.0	    00000000     00000000	   1	[       ]
228   	0     	      2	      condition2	    443.1016	    410.16	    0.0	    00000000     00000000	   1	[       ]
229   	0     	      9	   NeutSmallDark	    445.1172	   2015.62	    0.0	    00000000     00000000	   1	[      6]
230   	0     	      9	   NeutSmallDark	    447.3906	   2273.44	    0.0	    00000000     00000000	   1	[      6]
231   	0     	      8	   NeutLargeDark	    449.9062	   2515.62	    0.0	    00000000     00000000	   1	[      5]
232   	0     	     12	     condition12	    451.9688	   2062.50	    0.0	    00000000     00000000	   1	[       ]
233   	0     	      2	      condition2	    452.4844	    515.62	    0.0	    00000000     00000000	   1	[       ]
234   	0     	      8	   NeutLargeDark	    454.0742	   1589.84	    0.0	    00000000     00000000	   1	[      5]
235   	0     	      5	    NegSmallDark	    456.2773	   2203.12	    0.0	    00000000     00000000	   1	[      2]
236   	0     	      8	   NeutLargeDark	    458.8125	   2535.16	    0.0	    00000000     00000000	   1	[      5]
237   	0     	      9	   NeutSmallDark	    460.8438	   2031.25	    0.0	    00000000     00000000	   1	[      6]
238   	0     	      6	  NegLargeBright	    462.9688	   2125.00	    0.0	    00000000     00000000	   1	[      3]
239   	0     	     10	 NeutLargeBright	    465.1133	   2144.53	    0.0	    00000000     00000000	   1	[      7]
240   	0     	      5	    NegSmallDark	    467.5664	   2453.12	    0.0	    00000000     00000000	   1	[      2]
241   	0     	      8	   NeutLargeDark	    469.7695	   2203.12	    0.0	    00000000     00000000	   1	[      5]
242   	0     	     10	 NeutLargeBright	    471.8828	   2113.28	    0.0	    00000000     00000000	   1	[      7]
243   	0     	      4	    NegLargeDark	    474.1094	   2226.56	    0.0	    00000000     00000000	   1	[      1]
244   	0     	      7	  NegSmallBright	    476.6016	   2492.19	    0.0	    00000000     00000000	   1	[      4]
245   	0     	      9	   NeutSmallDark	    478.9961	   2394.53	    0.0	    00000000     00000000	   1	[      6]
246   	0     	    253	              ""	    481.3750	   2378.91	    0.0	    00000000     00000000	   1	[       ]
247   	0     	      8	   NeutLargeDark	    482.3789	   1003.91	    0.0	    00000000     00000000	   1	[      5]
248   	0     	      8	   NeutLargeDark	    484.7031	   2324.22	    0.0	    00000000     00000000	   1	[      5]
249   	0     	     15	     condition15	    486.9453	   2242.19	    0.0	    00000000     00000000	   1	[       ]
250   	0     	      2	      condition2	    487.5938	    648.44	    0.0	    00000000     00000000	   1	[       ]
251   	0     	     14	     condition14	    489.2188	   1625.00	    0.0	    00000000     00000000	   1	[       ]
252   	0     	      2	      condition2	    489.6445	    425.78	    0.0	    00000000     00000000	   1	[       ]
253   	0     	     15	     condition15	    491.7344	   2089.84	    0.0	    00000000     00000000	   1	[       ]
254   	0     	      2	      condition2	    492.1836	    449.22	    0.0	    00000000     00000000	   1	[       ]
255   	0     	     11	 NeutSmallBright	    493.7969	   1613.28	    0.0	    00000000     00000000	   1	[      8]
256   	0     	     14	     condition14	    496.1719	   2375.00	    0.0	    00000000     00000000	   1	[       ]
257   	0     	      2	      condition2	    496.6289	    457.03	    0.0	    00000000     00000000	   1	[       ]
258   	0     	      8	   NeutLargeDark	    498.6953	   2066.41	    0.0	    00000000     00000000	   1	[      5]
259   	0     	      8	   NeutLargeDark	    500.7617	   2066.41	    0.0	    00000000     00000000	   1	[      5]
260   	0     	      6	  NegLargeBright	    502.8555	   2093.75	    0.0	    00000000     00000000	   1	[      3]
261   	0     	      6	  NegLargeBright	    505.2266	   2371.09	    0.0	    00000000     00000000	   1	[      3]
262   	0     	      5	    NegSmallDark	    507.7539	   2527.34	    0.0	    00000000     00000000	   1	[      2]
263   	0     	      5	    NegSmallDark	    510.2578	   2503.91	    0.0	    00000000     00000000	   1	[      2]
264   	0     	      6	  NegLargeBright	    512.5703	   2312.50	    0.0	    00000000     00000000	   1	[      3]
265   	0     	     10	 NeutLargeBright	    514.8555	   2285.16	    0.0	    00000000     00000000	   1	[      7]
266   	0     	      9	   NeutSmallDark	    517.0000	   2144.53	    0.0	    00000000     00000000	   1	[      6]
267   	0     	     11	 NeutSmallBright	    519.2344	   2234.38	    0.0	    00000000     00000000	   1	[      8]
268   	0     	     12	     condition12	    521.4883	   2253.91	    0.0	    00000000     00000000	   1	[       ]
269   	0     	      2	      condition2	    521.9141	    425.78	    0.0	    00000000     00000000	   1	[       ]
270   	0     	     11	 NeutSmallBright	    523.7695	   1855.47	    0.0	    00000000     00000000	   1	[      8]
271   	0     	     10	 NeutLargeBright	    526.0039	   2234.38	    0.0	    00000000     00000000	   1	[      7]
272   	0     	     12	     condition12	    528.1094	   2105.47	    0.0	    00000000     00000000	   1	[       ]
273   	0     	      2	      condition2	    528.6055	    496.09	    0.0	    00000000     00000000	   1	[       ]
274   	0     	     11	 NeutSmallBright	    530.1836	   1578.12	    0.0	    00000000     00000000	   1	[      8]
275   	0     	      4	    NegLargeDark	    532.4648	   2281.25	    0.0	    00000000     00000000	   1	[      1]
276   	0     	     10	 NeutLargeBright	    534.6914	   2226.56	    0.0	    00000000     00000000	   1	[      7]
277   	0     	      5	    NegSmallDark	    536.8945	   2203.12	    0.0	    00000000     00000000	   1	[      2]
278   	0     	     13	     condition13	    539.0156	   2121.09	    0.0	    00000000     00000000	   1	[       ]
279   	0     	      2	      condition2	    539.5156	    500.00	    0.0	    00000000     00000000	   1	[       ]
280   	0     	      9	   NeutSmallDark	    541.5000	   1984.38	    0.0	    00000000     00000000	   1	[      6]
281   	0     	      5	    NegSmallDark	    543.8750	   2375.00	    0.0	    00000000     00000000	   1	[      2]
282   	0     	     13	     condition13	    546.3008	   2425.78	    0.0	    00000000     00000000	   1	[       ]
283   	0     	      2	      condition2	    546.8047	    503.91	    0.0	    00000000     00000000	   1	[       ]
284   	0     	     13	     condition13	    548.5039	   1699.22	    0.0	    00000000     00000000	   1	[       ]
285   	0     	      2	      condition2	    548.9570	    453.12	    0.0	    00000000     00000000	   1	[       ]
286   	0     	     11	 NeutSmallBright	    550.7969	   1839.84	    0.0	    00000000     00000000	   1	[      8]
287   	0     	      5	    NegSmallDark	    552.8906	   2093.75	    0.0	    00000000     00000000	   1	[      2]
288   	0     	      8	   NeutLargeDark	    555.3555	   2464.84	    0.0	    00000000     00000000	   1	[      5]
289   	0     	      6	  NegLargeBright	    557.7109	   2355.47	    0.0	    00000000     00000000	   1	[      3]
290   	0     	     15	     condition15	    560.1758	   2464.84	    0.0	    00000000     00000000	   1	[       ]
291   	0     	      2	      condition2	    560.7656	    589.84	    0.0	    00000000     00000000	   1	[       ]
292   	0     	     11	 NeutSmallBright	    562.4375	   1671.88	    0.0	    00000000     00000000	   1	[      8]
293   	0     	      9	   NeutSmallDark	    564.7031	   2265.62	    0.0	    00000000     00000000	   1	[      6]
294   	0     	      9	   NeutSmallDark	    566.8477	   2144.53	    0.0	    00000000     00000000	   1	[      6]
295   	0     	      6	  NegLargeBright	    569.2305	   2382.81	    0.0	    00000000     00000000	   1	[      3]
296   	0     	     12	     condition12	    571.4023	   2171.88	    0.0	    00000000     00000000	   1	[       ]
297   	0     	      2	      condition2	    571.8750	    472.66	    0.0	    00000000     00000000	   1	[       ]
298   	0     	      9	   NeutSmallDark	    573.8477	   1972.66	    0.0	    00000000     00000000	   1	[      6]
299   	0     	      7	  NegSmallBright	    575.9922	   2144.53	    0.0	    00000000     00000000	   1	[      4]
300   	0     	      6	  NegLargeBright	    578.4062	   2414.06	    0.0	    00000000     00000000	   1	[      3]
301   	0     	     10	 NeutLargeBright	    580.7305	   2324.22	    0.0	    00000000     00000000	   1	[      7]
302   	0     	     11	 NeutSmallBright	    583.2148	   2484.38	    0.0	    00000000     00000000	   1	[      8]
303   	0     	     12	     condition12	    585.2891	   2074.22	    0.0	    00000000     00000000	   1	[       ]
304   	0     	      2	      condition2	    585.7461	    457.03	    0.0	    00000000     00000000	   1	[       ]
305   	0     	      5	    NegSmallDark	    587.7734	   2027.34	    0.0	    00000000     00000000	   1	[      2]
306   	0     	      8	   NeutLargeDark	    589.9062	   2132.81	    0.0	    00000000     00000000	   1	[      5]
307   	0     	     10	 NeutLargeBright	    592.0117	   2105.47	    0.0	    00000000     00000000	   1	[      7]
308   	0     	      8	   NeutLargeDark	    594.1250	   2113.28	    0.0	    00000000     00000000	   1	[      5]
309   	0     	      7	  NegSmallBright	    596.1484	   2023.44	    0.0	    00000000     00000000	   1	[      4]
310   	0     	     13	     condition13	    598.3203	   2171.88	    0.0	    00000000     00000000	   1	[       ]
311   	0     	      2	      condition2	    598.7500	    429.69	    0.0	    00000000     00000000	   1	[       ]
312   	0     	     10	 NeutLargeBright	    600.7656	   2015.62	    0.0	    00000000     00000000	   1	[      7]
313   	0     	     11	 NeutSmallBright	    602.9297	   2164.06	    0.0	    00000000     00000000	   1	[      8]
314   	0     	     11	 NeutSmallBright	    604.9844	   2054.69	    0.0	    00000000     00000000	   1	[      8]
315   	0     	      4	    NegLargeDark	    607.4570	   2472.66	    0.0	    00000000     00000000	   1	[      1]
316   	0     	      7	  NegSmallBright	    609.5820	   2125.00	    0.0	    00000000     00000000	   1	[      4]
317   	0     	      8	   NeutLargeDark	    611.6133	   2031.25	    0.0	    00000000     00000000	   1	[      5]
318   	0     	     10	 NeutLargeBright	    614.0898	   2476.56	    0.0	    00000000     00000000	   1	[      7]
319   	0     	      7	  NegSmallBright	    616.4453	   2355.47	    0.0	    00000000     00000000	   1	[      4]
320   	0     	      4	    NegLargeDark	    618.6758	   2230.47	    0.0	    00000000     00000000	   1	[      1]
321   	0     	     13	     condition13	    621.1719	   2496.09	    0.0	    00000000     00000000	   1	[       ]
322   	0     	      2	      condition2	    621.6172	    445.31	    0.0	    00000000     00000000	   1	[       ]
323   	0     	     10	 NeutLargeBright	    623.2461	   1628.91	    0.0	    00000000     00000000	   1	[      7]
324   	0     	      9	   NeutSmallDark	    625.6406	   2394.53	    0.0	    00000000     00000000	   1	[      6]
325   	0     	      6	  NegLargeBright	    627.9531	   2312.50	    0.0	    00000000     00000000	   1	[      3]
326   	0     	      9	   NeutSmallDark	    630.1875	   2234.38	    0.0	    00000000     00000000	   1	[      6]
327   	0     	     10	 NeutLargeBright	    632.3906	   2203.12	    0.0	    00000000     00000000	   1	[      7]
328   	0     	     10	 NeutLargeBright	    634.7461	   2355.47	    0.0	    00000000     00000000	   1	[      7]
329   	0     	      4	    NegLargeDark	    637.1094	   2363.28	    0.0	    00000000     00000000	   1	[      1]
330   	0     	      8	   NeutLargeDark	    639.3555	   2246.09	    0.0	    00000000     00000000	   1	[      5]
331   	0     	    253	              ""	    641.9688	   2613.28	    0.0	    00000000     00000000	   1	[       ]
332   	0     	     13	     condition13	    642.9570	    988.28	    0.0	    00000000     00000000	   1	[       ]
333   	0     	      2	      condition2	    643.4727	    515.62	    0.0	    00000000     00000000	   1	[       ]
334   	0     	      8	   NeutLargeDark	    645.0312	   1558.59	    0.0	    00000000     00000000	   1	[      5]
335   	0     	     10	 NeutLargeBright	    647.4531	   2421.88	    0.0	    00000000     00000000	   1	[      7]
336   	0     	      4	    NegLargeDark	    649.8789	   2425.78	    0.0	    00000000     00000000	   1	[      1]
337   	0     	      5	    NegSmallDark	    652.1133	   2234.38	    0.0	    00000000     00000000	   1	[      2]
338   	0     	      4	    NegLargeDark	    654.4766	   2363.28	    0.0	    00000000     00000000	   1	[      1]
339   	0     	      7	  NegSmallBright	    656.5000	   2023.44	    0.0	    00000000     00000000	   1	[      4]
340   	0     	      4	    NegLargeDark	    658.8242	   2324.22	    0.0	    00000000     00000000	   1	[      1]
341   	0     	     12	     condition12	    661.2305	   2406.25	    0.0	    00000000     00000000	   1	[       ]
342   	0     	      2	      condition2	    661.7461	    515.62	    0.0	    00000000     00000000	   1	[       ]
343   	0     	      6	  NegLargeBright	    663.2930	   1546.88	    0.0	    00000000     00000000	   1	[      3]
344   	0     	     12	     condition12	    665.7773	   2484.38	    0.0	    00000000     00000000	   1	[       ]
345   	0     	      2	      condition2	    666.2227	    445.31	    0.0	    00000000     00000000	   1	[       ]
346   	0     	      4	    NegLargeDark	    667.8320	   1609.38	    0.0	    00000000     00000000	   1	[      1]
347   	0     	     11	 NeutSmallBright	    670.2344	   2402.34	    0.0	    00000000     00000000	   1	[      8]
348   	0     	      6	  NegLargeBright	    672.7109	   2476.56	    0.0	    00000000     00000000	   1	[      3]
349   	0     	     10	 NeutLargeBright	    674.8125	   2101.56	    0.0	    00000000     00000000	   1	[      7]
350   	0     	     11	 NeutSmallBright	    677.1250	   2312.50	    0.0	    00000000     00000000	   1	[      8]
351   	0     	      9	   NeutSmallDark	    679.5898	   2464.84	    0.0	    00000000     00000000	   1	[      6]
352   	0     	     10	 NeutLargeBright	    681.8438	   2253.91	    0.0	    00000000     00000000	   1	[      7]
353   	0     	     15	     condition15	    684.0195	   2175.78	    0.0	    00000000     00000000	   1	[       ]
354   	0     	      2	      condition2	    684.6016	    582.03	    0.0	    00000000     00000000	   1	[       ]
355   	0     	     10	 NeutLargeBright	    686.1719	   1570.31	    0.0	    00000000     00000000	   1	[      7]
356   	0     	      5	    NegSmallDark	    688.3164	   2144.53	    0.0	    00000000     00000000	   1	[      2]
357   	0     	      4	    NegLargeDark	    690.4688	   2152.34	    0.0	    00000000     00000000	   1	[      1]
358   	0     	      5	    NegSmallDark	    692.5430	   2074.22	    0.0	    00000000     00000000	   1	[      2]
359   	0     	     11	 NeutSmallBright	    694.7070	   2164.06	    0.0	    00000000     00000000	   1	[      8]
360   	0     	     10	 NeutLargeBright	    696.8906	   2183.59	    0.0	    00000000     00000000	   1	[      7]
361   	0     	      4	    NegLargeDark	    699.3867	   2496.09	    0.0	    00000000     00000000	   1	[      1]
362   	0     	      4	    NegLargeDark	    701.4297	   2042.97	    0.0	    00000000     00000000	   1	[      1]
363   	0     	      7	  NegSmallBright	    703.7930	   2363.28	    0.0	    00000000     00000000	   1	[      4]
364   	0     	     15	     condition15	    705.9492	   2156.25	    0.0	    00000000     00000000	   1	[       ]
365   	0     	      2	      condition2	    706.5430	    593.75	    0.0	    00000000     00000000	   1	[       ]
366   	0     	      9	   NeutSmallDark	    708.4219	   1878.91	    0.0	    00000000     00000000	   1	[      6]
367   	0     	      8	   NeutLargeDark	    710.6172	   2195.31	    0.0	    00000000     00000000	   1	[      5]
368   	0     	      6	  NegLargeBright	    712.8086	   2191.41	    0.0	    00000000     00000000	   1	[      3]
369   	0     	      4	    NegLargeDark	    715.2656	   2457.03	    0.0	    00000000     00000000	   1	[      1]
370   	0     	     10	 NeutLargeBright	    717.5469	   2281.25	    0.0	    00000000     00000000	   1	[      7]
371   	0     	     11	 NeutSmallBright	    719.9922	   2445.31	    0.0	    00000000     00000000	   1	[      8]
372   	0     	      8	   NeutLargeDark	    722.2344	   2242.19	    0.0	    00000000     00000000	   1	[      5]
373   	0     	      9	   NeutSmallDark	    724.5000	   2265.62	    0.0	    00000000     00000000	   1	[      6]
374   	0     	      6	  NegLargeBright	    726.8438	   2343.75	    0.0	    00000000     00000000	   1	[      3]
375   	0     	      4	    NegLargeDark	    729.0586	   2214.84	    0.0	    00000000     00000000	   1	[      1]
376   	0     	      9	   NeutSmallDark	    731.3203	   2261.72	    0.0	    00000000     00000000	   1	[      6]
377   	0     	      9	   NeutSmallDark	    733.5547	   2234.38	    0.0	    00000000     00000000	   1	[      6]
378   	0     	     12	     condition12	    735.8516	   2296.88	    0.0	    00000000     00000000	   1	[       ]
379   	0     	      2	      condition2	    736.4492	    597.66	    0.0	    00000000     00000000	   1	[       ]
380   	0     	     15	     condition15	    738.2031	   1753.91	    0.0	    00000000     00000000	   1	[       ]
381   	0     	      2	      condition2	    738.7188	    515.62	    0.0	    00000000     00000000	   1	[       ]
382   	0     	     14	     condition14	    740.4688	   1750.00	    0.0	    00000000     00000000	   1	[       ]
383   	0     	      2	      condition2	    740.9531	    484.38	    0.0	    00000000     00000000	   1	[       ]
384   	0     	      5	    NegSmallDark	    742.8242	   1871.09	    0.0	    00000000     00000000	   1	[      2]
385   	0     	     13	     condition13	    745.2461	   2421.88	    0.0	    00000000     00000000	   1	[       ]
386   	0     	      2	      condition2	    745.6367	    390.62	    0.0	    00000000     00000000	   1	[       ]
387   	0     	      8	   NeutLargeDark	    747.7305	   2093.75	    0.0	    00000000     00000000	   1	[      5]
388   	0     	      8	   NeutLargeDark	    749.9062	   2175.78	    0.0	    00000000     00000000	   1	[      5]
389   	0     	      5	    NegSmallDark	    752.2070	   2300.78	    0.0	    00000000     00000000	   1	[      2]
390   	0     	      8	   NeutLargeDark	    754.4727	   2265.62	    0.0	    00000000     00000000	   1	[      5]
391   	0     	      8	   NeutLargeDark	    756.7969	   2324.22	    0.0	    00000000     00000000	   1	[      5]
392   	0     	     15	     condition15	    758.8789	   2082.03	    0.0	    00000000     00000000	   1	[       ]
393   	0     	      2	      condition2	    759.4023	    523.44	    0.0	    00000000     00000000	   1	[       ]
394   	0     	      6	  NegLargeBright	    761.3359	   1933.59	    0.0	    00000000     00000000	   1	[      3]
395   	0     	     15	     condition15	    763.7500	   2414.06	    0.0	    00000000     00000000	   1	[       ]
396   	0     	      2	      condition2	    764.2617	    511.72	    0.0	    00000000     00000000	   1	[       ]
397   	0     	      4	    NegLargeDark	    765.8242	   1562.50	    0.0	    00000000     00000000	   1	[      1]
398   	0     	      7	  NegSmallBright	    768.1562	   2332.03	    0.0	    00000000     00000000	   1	[      4]
399   	0     	      6	  NegLargeBright	    770.3516	   2195.31	    0.0	    00000000     00000000	   1	[      3]
400   	0     	      5	    NegSmallDark	    772.6133	   2261.72	    0.0	    00000000     00000000	   1	[      2]
401   	0     	     10	 NeutLargeBright	    775.0078	   2394.53	    0.0	    00000000     00000000	   1	[      7]
402   	0     	      9	   NeutSmallDark	    777.4727	   2464.84	    0.0	    00000000     00000000	   1	[      6]
403   	0     	     11	 NeutSmallBright	    779.8984	   2425.78	    0.0	    00000000     00000000	   1	[      8]
404   	0     	      5	    NegSmallDark	    782.2500	   2351.56	    0.0	    00000000     00000000	   1	[      2]
405   	0     	      8	   NeutLargeDark	    784.3750	   2125.00	    0.0	    00000000     00000000	   1	[      5]
406   	0     	      9	   NeutSmallDark	    786.7578	   2382.81	    0.0	    00000000     00000000	   1	[      6]
407   	0     	      9	   NeutSmallDark	    788.9727	   2214.84	    0.0	    00000000     00000000	   1	[      6]
408   	0     	      9	   NeutSmallDark	    791.3789	   2406.25	    0.0	    00000000     00000000	   1	[      6]
409   	0     	      7	  NegSmallBright	    793.6602	   2281.25	    0.0	    00000000     00000000	   1	[      4]
410   	0     	      9	   NeutSmallDark	    795.8438	   2183.59	    0.0	    00000000     00000000	   1	[      6]
411   	0     	      6	  NegLargeBright	    798.0586	   2214.84	    0.0	    00000000     00000000	   1	[      3]
412   	0     	      6	  NegLargeBright	    800.3945	   2335.94	    0.0	    00000000     00000000	   1	[      3]
413   	0     	    253	              ""	    802.3750	   1980.47	    0.0	    00000000     00000000	   1	[       ]
414   	0     	      8	   NeutLargeDark	    803.3750	   1000.00	    0.0	    00000000     00000000	   1	[      5]
415   	0     	      6	  NegLargeBright	    805.6602	   2285.16	    0.0	    00000000     00000000	   1	[      3]
416   	0     	      7	  NegSmallBright	    807.9648	   2304.69	    0.0	    00000000     00000000	   1	[      4]
417   	0     	      7	  NegSmallBright	    810.4375	   2472.66	    0.0	    00000000     00000000	   1	[      4]
418   	0     	     15	     condition15	    812.5508	   2113.28	    0.0	    00000000     00000000	   1	[       ]
419   	0     	      2	      condition2	    813.1562	    605.47	    0.0	    00000000     00000000	   1	[       ]
420   	0     	      9	   NeutSmallDark	    814.6875	   1531.25	    0.0	    00000000     00000000	   1	[      6]
421   	0     	      4	    NegLargeDark	    816.9492	   2261.72	    0.0	    00000000     00000000	   1	[      1]
422   	0     	     10	 NeutLargeBright	    819.0742	   2125.00	    0.0	    00000000     00000000	   1	[      7]
423   	0     	      7	  NegSmallBright	    821.4375	   2363.28	    0.0	    00000000     00000000	   1	[      4]
424   	0     	     11	 NeutSmallBright	    823.7227	   2285.16	    0.0	    00000000     00000000	   1	[      8]
425   	0     	     12	     condition12	    825.9570	   2234.38	    0.0	    00000000     00000000	   1	[       ]
426   	0     	      2	      condition2	    826.4336	    476.56	    0.0	    00000000     00000000	   1	[       ]
427   	0     	      6	  NegLargeBright	    828.0391	   1605.47	    0.0	    00000000     00000000	   1	[      3]
428   	0     	     15	     condition15	    830.3945	   2355.47	    0.0	    00000000     00000000	   1	[       ]
429   	0     	      2	      condition2	    830.9883	    593.75	    0.0	    00000000     00000000	   1	[       ]
430   	0     	      4	    NegLargeDark	    832.6094	   1621.09	    0.0	    00000000     00000000	   1	[      1]
431   	0     	      4	    NegLargeDark	    834.6914	   2082.03	    0.0	    00000000     00000000	   1	[      1]
432   	0     	     10	 NeutLargeBright	    837.0469	   2355.47	    0.0	    00000000     00000000	   1	[      7]
433   	0     	      7	  NegSmallBright	    839.4492	   2402.34	    0.0	    00000000     00000000	   1	[      4]
434   	0     	      6	  NegLargeBright	    841.8438	   2394.53	    0.0	    00000000     00000000	   1	[      3]
435   	0     	      8	   NeutLargeDark	    844.2266	   2382.81	    0.0	    00000000     00000000	   1	[      5]
436   	0     	      5	    NegSmallDark	    846.5820	   2355.47	    0.0	    00000000     00000000	   1	[      2]
437   	0     	      7	  NegSmallBright	    848.6445	   2062.50	    0.0	    00000000     00000000	   1	[      4]
438   	0     	     11	 NeutSmallBright	    850.8984	   2253.91	    0.0	    00000000     00000000	   1	[      8]
439   	0     	      7	  NegSmallBright	    853.1328	   2234.38	    0.0	    00000000     00000000	   1	[      4]
440   	0     	      8	   NeutLargeDark	    855.3672	   2234.38	    0.0	    00000000     00000000	   1	[      5]
441   	0     	      6	  NegLargeBright	    857.7930	   2425.78	    0.0	    00000000     00000000	   1	[      3]
442   	0     	      9	   NeutSmallDark	    860.2344	   2441.41	    0.0	    00000000     00000000	   1	[      6]
443   	0     	      5	    NegSmallDark	    862.3203	   2085.94	    0.0	    00000000     00000000	   1	[      2]
444   	0     	     11	 NeutSmallBright	    864.4922	   2171.88	    0.0	    00000000     00000000	   1	[      8]
445   	0     	      5	    NegSmallDark	    866.5352	   2042.97	    0.0	    00000000     00000000	   1	[      2]
446   	0     	      6	  NegLargeBright	    868.6406	   2105.47	    0.0	    00000000     00000000	   1	[      3]
447   	0     	      9	   NeutSmallDark	    871.0039	   2363.28	    0.0	    00000000     00000000	   1	[      6]
448   	0     	      5	    NegSmallDark	    873.4492	   2445.31	    0.0	    00000000     00000000	   1	[      2]
449   	0     	     11	 NeutSmallBright	    875.8125	   2363.28	    0.0	    00000000     00000000	   1	[      8]
450   	0     	      5	    NegSmallDark	    878.2773	   2464.84	    0.0	    00000000     00000000	   1	[      2]
451   	0     	      9	   NeutSmallDark	    880.5430	   2265.62	    0.0	    00000000     00000000	   1	[      6]
452   	0     	     10	 NeutLargeBright	    883.0078	   2464.84	    0.0	    00000000     00000000	   1	[      7]
453   	0     	      5	    NegSmallDark	    885.4922	   2484.38	    0.0	    00000000     00000000	   1	[      2]
454   	0     	     10	 NeutLargeBright	    887.5625	   2070.31	    0.0	    00000000     00000000	   1	[      7]
455   	0     	      4	    NegLargeDark	    890.0391	   2476.56	    0.0	    00000000     00000000	   1	[      1]
456   	0     	      8	   NeutLargeDark	    892.3438	   2304.69	    0.0	    00000000     00000000	   1	[      5]
457   	0     	      7	  NegSmallBright	    894.4570	   2113.28	    0.0	    00000000     00000000	   1	[      4]
458   	0     	      7	  NegSmallBright	    896.9414	   2484.38	    0.0	    00000000     00000000	   1	[      4]
459   	0     	     15	     condition15	    899.0859	   2144.53	    0.0	    00000000     00000000	   1	[       ]
460   	0     	      2	      condition2	    899.6172	    531.25	    0.0	    00000000     00000000	   1	[       ]
461   	0     	      4	    NegLargeDark	    901.5977	   1980.47	    0.0	    00000000     00000000	   1	[      1]
462   	0     	      8	   NeutLargeDark	    903.9727	   2375.00	    0.0	    00000000     00000000	   1	[      5]
463   	0     	      6	  NegLargeBright	    906.0352	   2062.50	    0.0	    00000000     00000000	   1	[      3]
464   	0     	     11	 NeutSmallBright	    908.5391	   2503.91	    0.0	    00000000     00000000	   1	[      8]
465   	0     	     11	 NeutSmallBright	    910.5742	   2035.16	    0.0	    00000000     00000000	   1	[      8]
466   	0     	     15	     condition15	    913.0273	   2453.12	    0.0	    00000000     00000000	   1	[       ]
467   	0     	      2	      condition2	    913.5586	    531.25	    0.0	    00000000     00000000	   1	[       ]
468   	0     	      6	  NegLargeBright	    915.2930	   1734.38	    0.0	    00000000     00000000	   1	[      3]
469   	0     	      7	  NegSmallBright	    917.7188	   2425.78	    0.0	    00000000     00000000	   1	[      4]
470   	0     	      5	    NegSmallDark	    920.0430	   2324.22	    0.0	    00000000     00000000	   1	[      2]
471   	0     	      9	   NeutSmallDark	    922.2656	   2222.66	    0.0	    00000000     00000000	   1	[      6]
472   	0     	     10	 NeutLargeBright	    924.6094	   2343.75	    0.0	    00000000     00000000	   1	[      7]
473   	0     	      4	    NegLargeDark	    926.7734	   2164.06	    0.0	    00000000     00000000	   1	[      1]
474   	0     	      7	  NegSmallBright	    928.8672	   2093.75	    0.0	    00000000     00000000	   1	[      4]
475   	0     	      6	  NegLargeBright	    931.3516	   2484.38	    0.0	    00000000     00000000	   1	[      3]
476   	0     	      9	   NeutSmallDark	    933.7031	   2351.56	    0.0	    00000000     00000000	   1	[      6]
477   	0     	     10	 NeutLargeBright	    935.8477	   2144.53	    0.0	    00000000     00000000	   1	[      7]
478   	0     	      7	  NegSmallBright	    938.0430	   2195.31	    0.0	    00000000     00000000	   1	[      4]
479   	0     	      4	    NegLargeDark	    940.3750	   2332.03	    0.0	    00000000     00000000	   1	[      1]
480   	0     	     12	     condition12	    942.5898	   2214.84	    0.0	    00000000     00000000	   1	[       ]
481   	0     	      2	      condition2	    943.1953	    605.47	    0.0	    00000000     00000000	   1	[       ]
482   	0     	      6	  NegLargeBright	    944.8164	   1621.09	    0.0	    00000000     00000000	   1	[      3]
483   	0     	      5	    NegSmallDark	    947.2891	   2472.66	    0.0	    00000000     00000000	   1	[      2]
484   	0     	      4	    NegLargeDark	    949.3320	   2042.97	    0.0	    00000000     00000000	   1	[      1]
485   	0     	      7	  NegSmallBright	    951.5078	   2175.78	    0.0	    00000000     00000000	   1	[      4]
486   	0     	     11	 NeutSmallBright	    953.6406	   2132.81	    0.0	    00000000     00000000	   1	[      8]
487   	0     	      9	   NeutSmallDark	    955.8750	   2234.38	    0.0	    00000000     00000000	   1	[      6]
488   	0     	     11	 NeutSmallBright	    958.3789	   2503.91	    0.0	    00000000     00000000	   1	[      8]
489   	0     	      4	    NegLargeDark	    960.7734	   2394.53	    0.0	    00000000     00000000	   1	[      1]
490   	0     	    253	              ""	    963.2500	   2476.56	    0.0	    00000000     00000000	   1	[       ]
491   	0     	      9	   NeutSmallDark	    964.2500	   1000.00	    0.0	    00000000     00000000	   1	[      6]
492   	0     	      5	    NegSmallDark	    966.4336	   2183.59	    0.0	    00000000     00000000	   1	[      2]
493   	0     	      7	  NegSmallBright	    968.5156	   2082.03	    0.0	    00000000     00000000	   1	[      4]
494   	0     	     14	     condition14	    970.6992	   2183.59	    0.0	    00000000     00000000	   1	[       ]
495   	0     	      2	      condition2	    971.1758	    476.56	    0.0	    00000000     00000000	   1	[       ]
496   	0     	      6	  NegLargeBright	    973.0234	   1847.66	    0.0	    00000000     00000000	   1	[      3]
497   	0     	     11	 NeutSmallBright	    975.3281	   2304.69	    0.0	    00000000     00000000	   1	[      8]
498   	0     	     10	 NeutLargeBright	    977.4805	   2152.34	    0.0	    00000000     00000000	   1	[      7]
499   	0     	      7	  NegSmallBright	    979.7148	   2234.38	    0.0	    00000000     00000000	   1	[      4]
500   	0     	      4	    NegLargeDark	    981.9297	   2214.84	    0.0	    00000000     00000000	   1	[      1]
501   	0     	      6	  NegLargeBright	    984.0820	   2152.34	    0.0	    00000000     00000000	   1	[      3]
502   	0     	     10	 NeutLargeBright	    986.3359	   2253.91	    0.0	    00000000     00000000	   1	[      7]
503   	0     	      8	   NeutLargeDark	    988.6328	   2296.88	    0.0	    00000000     00000000	   1	[      5]
504   	0     	      7	  NegSmallBright	    990.7656	   2132.81	    0.0	    00000000     00000000	   1	[      4]
505   	0     	      6	  NegLargeBright	    992.8477	   2082.03	    0.0	    00000000     00000000	   1	[      3]
506   	0     	      9	   NeutSmallDark	    995.3516	   2503.91	    0.0	    00000000     00000000	   1	[      6]
507   	0     	      6	  NegLargeBright	    997.5352	   2183.59	    0.0	    00000000     00000000	   1	[      3]
508   	0     	      7	  NegSmallBright	    999.9727	   2437.50	    0.0	    00000000     00000000	   1	[      4]
509   	0     	      6	  NegLargeBright	   1002.4570	   2484.38	    0.0	    00000000     00000000	   1	[      3]
510   	0     	     10	 NeutLargeBright	   1004.9883	   2531.25	    0.0	    00000000     00000000	   1	[      7]
511   	0     	     11	 NeutSmallBright	   1007.5039	   2515.62	    0.0	    00000000     00000000	   1	[      8]
512   	0     	     15	     condition15	   1009.5898	   2085.94	    0.0	    00000000     00000000	   1	[       ]
513   	0     	      2	      condition2	   1010.1914	    601.56	    0.0	    00000000     00000000	   1	[       ]
514   	0     	      5	    NegSmallDark	   1012.0742	   1882.81	    0.0	    00000000     00000000	   1	[      2]
515   	0     	     11	 NeutSmallBright	   1014.3867	   2312.50	    0.0	    00000000     00000000	   1	[      8]
516   	0     	      5	    NegSmallDark	   1016.5586	   2171.88	    0.0	    00000000     00000000	   1	[      2]
517   	0     	     10	 NeutLargeBright	   1019.0156	   2457.03	    0.0	    00000000     00000000	   1	[      7]
518   	0     	      7	  NegSmallBright	   1021.2500	   2234.38	    0.0	    00000000     00000000	   1	[      4]
519   	0     	      6	  NegLargeBright	   1023.5938	   2343.75	    0.0	    00000000     00000000	   1	[      3]
520   	0     	      5	    NegSmallDark	   1025.6445	   2050.78	    0.0	    00000000     00000000	   1	[      2]
521   	0     	      7	  NegSmallBright	   1027.9688	   2324.22	    0.0	    00000000     00000000	   1	[      4]
522   	0     	      5	    NegSmallDark	   1030.2227	   2253.91	    0.0	    00000000     00000000	   1	[      2]
523   	0     	     11	 NeutSmallBright	   1032.5586	   2335.94	    0.0	    00000000     00000000	   1	[      8]
524   	0     	      9	   NeutSmallDark	   1034.7812	   2222.66	    0.0	    00000000     00000000	   1	[      6]
525   	0     	     11	 NeutSmallBright	   1037.2773	   2496.09	    0.0	    00000000     00000000	   1	[      8]
526   	0     	     14	     condition14	   1039.7930	   2515.62	    0.0	    00000000     00000000	   1	[       ]
527   	0     	      2	      condition2	   1040.2148	    421.88	    0.0	    00000000     00000000	   1	[       ]
528   	0     	      9	   NeutSmallDark	   1041.8359	   1621.09	    0.0	    00000000     00000000	   1	[      6]
529   	0     	      8	   NeutLargeDark	   1044.2578	   2421.88	    0.0	    00000000     00000000	   1	[      5]
530   	0     	     11	 NeutSmallBright	   1046.7852	   2527.34	    0.0	    00000000     00000000	   1	[      8]
531   	0     	     10	 NeutLargeBright	   1049.1562	   2371.09	    0.0	    00000000     00000000	   1	[      7]
532   	0     	      4	    NegLargeDark	   1051.3516	   2195.31	    0.0	    00000000     00000000	   1	[      1]
533   	0     	      6	  NegLargeBright	   1053.8242	   2472.66	    0.0	    00000000     00000000	   1	[      3]
534   	0     	     11	 NeutSmallBright	   1056.0078	   2183.59	    0.0	    00000000     00000000	   1	[      8]
535   	0     	     13	     condition13	   1058.5156	   2507.81	    0.0	    00000000     00000000	   1	[       ]
536   	0     	      2	      condition2	   1059.1758	    660.16	    0.0	    00000000     00000000	   1	[       ]
537   	0     	     11	 NeutSmallBright	   1060.9297	   1753.91	    0.0	    00000000     00000000	   1	[      8]
538   	0     	     14	     condition14	   1063.0117	   2082.03	    0.0	    00000000     00000000	   1	[       ]
539   	0     	      2	      condition2	   1063.5391	    527.34	    0.0	    00000000     00000000	   1	[       ]
540   	0     	     15	     condition15	   1065.1953	   1656.25	    0.0	    00000000     00000000	   1	[       ]
541   	0     	      2	      condition2	   1065.6992	    503.91	    0.0	    00000000     00000000	   1	[       ]
542   	0     	      5	    NegSmallDark	   1067.4180	   1718.75	    0.0	    00000000     00000000	   1	[      2]
543   	0     	      4	    NegLargeDark	   1069.5352	   2117.19	    0.0	    00000000     00000000	   1	[      1]
544   	0     	      4	    NegLargeDark	   1071.6172	   2082.03	    0.0	    00000000     00000000	   1	[      1]
545   	0     	     10	 NeutLargeBright	   1073.8594	   2242.19	    0.0	    00000000     00000000	   1	[      7]
546   	0     	      7	  NegSmallBright	   1075.9258	   2066.41	    0.0	    00000000     00000000	   1	[      4]
547   	0     	     15	     condition15	   1078.1797	   2253.91	    0.0	    00000000     00000000	   1	[       ]
548   	0     	      2	      condition2	   1078.7383	    558.59	    0.0	    00000000     00000000	   1	[       ]
549   	0     	      4	    NegLargeDark	   1080.2422	   1503.91	    0.0	    00000000     00000000	   1	[      1]
550   	0     	     11	 NeutSmallBright	   1082.5156	   2273.44	    0.0	    00000000     00000000	   1	[      8]
551   	0     	      7	  NegSmallBright	   1084.7383	   2222.66	    0.0	    00000000     00000000	   1	[      4]
552   	0     	      8	   NeutLargeDark	   1087.2539	   2515.62	    0.0	    00000000     00000000	   1	[      5]
553   	0     	      8	   NeutLargeDark	   1089.6289	   2375.00	    0.0	    00000000     00000000	   1	[      5]
554   	0     	      9	   NeutSmallDark	   1091.8516	   2222.66	    0.0	    00000000     00000000	   1	[      6]
555   	0     	      9	   NeutSmallDark	   1094.0078	   2156.25	    0.0	    00000000     00000000	   1	[      6]
556   	0     	     12	     condition12	   1096.1719	   2164.06	    0.0	    00000000     00000000	   1	[       ]
557   	0     	      2	      condition2	   1096.6953	    523.44	    0.0	    00000000     00000000	   1	[       ]
558   	0     	      9	   NeutSmallDark	   1098.5859	   1890.62	    0.0	    00000000     00000000	   1	[      6]
559   	0     	      8	   NeutLargeDark	   1100.7383	   2152.34	    0.0	    00000000     00000000	   1	[      5]
560   	0     	      9	   NeutSmallDark	   1102.9805	   2242.19	    0.0	    00000000     00000000	   1	[      6]
561   	0     	      6	  NegLargeBright	   1105.0469	   2066.41	    0.0	    00000000     00000000	   1	[      3]
562   	0     	      4	    NegLargeDark	   1107.2500	   2203.12	    0.0	    00000000     00000000	   1	[      1]
563   	0     	     11	 NeutSmallBright	   1109.5234	   2273.44	    0.0	    00000000     00000000	   1	[      8]
564   	0     	      7	  NegSmallBright	   1111.7461	   2222.66	    0.0	    00000000     00000000	   1	[      4]
565   	0     	     13	     condition13	   1114.2422	   2496.09	    0.0	    00000000     00000000	   1	[       ]
566   	0     	      2	      condition2	   1114.7617	    519.53	    0.0	    00000000     00000000	   1	[       ]
567   	0     	      8	   NeutLargeDark	   1116.2852	   1523.44	    0.0	    00000000     00000000	   1	[      5]
568   	0     	      4	    NegLargeDark	   1118.6484	   2363.28	    0.0	    00000000     00000000	   1	[      1]
569   	0     	      8	   NeutLargeDark	   1121.0547	   2406.25	    0.0	    00000000     00000000	   1	[      5]
570   	0     	    253	              ""	   1123.8438	   2789.06	    0.0	    00000000     00000000	   1	[       ]
571   	0     	      7	  NegSmallBright	   1124.8359	    992.19	    0.0	    00000000     00000000	   1	[      4]
572   	0     	     11	 NeutSmallBright	   1127.0898	   2253.91	    0.0	    00000000     00000000	   1	[      8]
573   	0     	     11	 NeutSmallBright	   1129.2539	   2164.06	    0.0	    00000000     00000000	   1	[      8]
574   	0     	      5	    NegSmallDark	   1131.6758	   2421.88	    0.0	    00000000     00000000	   1	[      2]
575   	0     	     11	 NeutSmallBright	   1134.1797	   2503.91	    0.0	    00000000     00000000	   1	[      8]
576   	0     	      8	   NeutLargeDark	   1136.3359	   2156.25	    0.0	    00000000     00000000	   1	[      5]
577   	0     	     10	 NeutLargeBright	   1138.4062	   2070.31	    0.0	    00000000     00000000	   1	[      7]
578   	0     	      8	   NeutLargeDark	   1140.9219	   2515.62	    0.0	    00000000     00000000	   1	[      5]
579   	0     	     11	 NeutSmallBright	   1143.2070	   2285.16	    0.0	    00000000     00000000	   1	[      8]
580   	0     	      5	    NegSmallDark	   1145.4492	   2242.19	    0.0	    00000000     00000000	   1	[      2]
581   	0     	      7	  NegSmallBright	   1147.7148	   2265.62	    0.0	    00000000     00000000	   1	[      4]
582   	0     	      9	   NeutSmallDark	   1149.9102	   2195.31	    0.0	    00000000     00000000	   1	[      6]
583   	0     	     10	 NeutLargeBright	   1152.0039	   2093.75	    0.0	    00000000     00000000	   1	[      7]
584   	0     	     11	 NeutSmallBright	   1154.3750	   2371.09	    0.0	    00000000     00000000	   1	[      8]
585   	0     	      6	  NegLargeBright	   1156.7305	   2355.47	    0.0	    00000000     00000000	   1	[      3]
586   	0     	     10	 NeutLargeBright	   1158.9727	   2242.19	    0.0	    00000000     00000000	   1	[      7]
587   	0     	      7	  NegSmallBright	   1161.3398	   2367.19	    0.0	    00000000     00000000	   1	[      4]
588   	0     	     14	     condition14	   1163.8516	   2511.72	    0.0	    00000000     00000000	   1	[       ]
589   	0     	      2	      condition2	   1164.3789	    527.34	    0.0	    00000000     00000000	   1	[       ]
590   	0     	      9	   NeutSmallDark	   1166.1562	   1777.34	    0.0	    00000000     00000000	   1	[      6]
591   	0     	      7	  NegSmallBright	   1168.2188	   2062.50	    0.0	    00000000     00000000	   1	[      4]
592   	0     	      4	    NegLargeDark	   1170.3828	   2164.06	    0.0	    00000000     00000000	   1	[      1]
593   	0     	     15	     condition15	   1172.4688	   2085.94	    0.0	    00000000     00000000	   1	[       ]
594   	0     	      2	      condition2	   1172.9492	    480.47	    0.0	    00000000     00000000	   1	[       ]
595   	0     	      6	  NegLargeBright	   1174.7617	   1812.50	    0.0	    00000000     00000000	   1	[      3]
596   	0     	      8	   NeutLargeDark	   1177.2773	   2515.62	    0.0	    00000000     00000000	   1	[      5]
597   	0     	      8	   NeutLargeDark	   1179.5508	   2273.44	    0.0	    00000000     00000000	   1	[      5]
598   	0     	      5	    NegSmallDark	   1181.9141	   2363.28	    0.0	    00000000     00000000	   1	[      2]
599   	0     	     14	     condition14	   1184.1602	   2246.09	    0.0	    00000000     00000000	   1	[       ]
600   	0     	      2	      condition2	   1184.7031	    542.97	    0.0	    00000000     00000000	   1	[       ]
601   	0     	      5	    NegSmallDark	   1186.5820	   1878.91	    0.0	    00000000     00000000	   1	[      2]
602   	0     	      4	    NegLargeDark	   1189.0977	   2515.62	    0.0	    00000000     00000000	   1	[      1]
603   	0     	      6	  NegLargeBright	   1191.5703	   2472.66	    0.0	    00000000     00000000	   1	[      3]
604   	0     	      7	  NegSmallBright	   1193.9961	   2425.78	    0.0	    00000000     00000000	   1	[      4]
605   	0     	     10	 NeutLargeBright	   1196.0703	   2074.22	    0.0	    00000000     00000000	   1	[      7]
606   	0     	      4	    NegLargeDark	   1198.4727	   2402.34	    0.0	    00000000     00000000	   1	[      1]
607   	0     	      8	   NeutLargeDark	   1200.7773	   2304.69	    0.0	    00000000     00000000	   1	[      5]
608   	0     	      4	    NegLargeDark	   1203.2422	   2464.84	    0.0	    00000000     00000000	   1	[      1]
609   	0     	      8	   NeutLargeDark	   1205.6953	   2453.12	    0.0	    00000000     00000000	   1	[      5]
610   	0     	     14	     condition14	   1207.7383	   2042.97	    0.0	    00000000     00000000	   1	[       ]
611   	0     	      2	      condition2	   1208.2852	    546.88	    0.0	    00000000     00000000	   1	[       ]
612   	0     	     10	 NeutLargeBright	   1210.2539	   1968.75	    0.0	    00000000     00000000	   1	[      7]
613   	0     	     10	 NeutLargeBright	   1212.3164	   2062.50	    0.0	    00000000     00000000	   1	[      7]
614   	0     	     14	     condition14	   1214.4023	   2085.94	    0.0	    00000000     00000000	   1	[       ]
615   	0     	      2	      condition2	   1214.8750	    472.66	    0.0	    00000000     00000000	   1	[       ]
616   	0     	     11	 NeutSmallBright	   1216.6172	   1742.19	    0.0	    00000000     00000000	   1	[      8]
617   	0     	      7	  NegSmallBright	   1218.7188	   2101.56	    0.0	    00000000     00000000	   1	[      4]
618   	0     	     10	 NeutLargeBright	   1221.1719	   2453.12	    0.0	    00000000     00000000	   1	[      7]
619   	0     	      8	   NeutLargeDark	   1223.4766	   2304.69	    0.0	    00000000     00000000	   1	[      5]
620   	0     	      5	    NegSmallDark	   1225.6914	   2214.84	    0.0	    00000000     00000000	   1	[      2]
621   	0     	      9	   NeutSmallDark	   1227.9766	   2285.16	    0.0	    00000000     00000000	   1	[      6]
622   	0     	      7	  NegSmallBright	   1230.0000	   2023.44	    0.0	    00000000     00000000	   1	[      4]
623   	0     	     14	     condition14	   1232.1641	   2164.06	    0.0	    00000000     00000000	   1	[       ]
624   	0     	      2	      condition2	   1232.7109	    546.88	    0.0	    00000000     00000000	   1	[       ]
625   	0     	      4	    NegLargeDark	   1234.6172	   1906.25	    0.0	    00000000     00000000	   1	[      1]
626   	0     	      6	  NegLargeBright	   1236.9922	   2375.00	    0.0	    00000000     00000000	   1	[      3]
627   	0     	     11	 NeutSmallBright	   1239.3555	   2363.28	    0.0	    00000000     00000000	   1	[      8]
628   	0     	      9	   NeutSmallDark	   1241.8086	   2453.12	    0.0	    00000000     00000000	   1	[      6]
629   	0     	      8	   NeutLargeDark	   1244.0039	   2195.31	    0.0	    00000000     00000000	   1	[      5]
630   	0     	      5	    NegSmallDark	   1246.1992	   2195.31	    0.0	    00000000     00000000	   1	[      2]
631   	0     	      7	  NegSmallBright	   1248.5117	   2312.50	    0.0	    00000000     00000000	   1	[      4]
632   	0     	      9	   NeutSmallDark	   1250.6953	   2183.59	    0.0	    00000000     00000000	   1	[      6]
633   	0     	     11	 NeutSmallBright	   1252.8672	   2171.88	    0.0	    00000000     00000000	   1	[      8]
634   	0     	      8	   NeutLargeDark	   1254.9141	   2046.88	    0.0	    00000000     00000000	   1	[      5]
635   	0     	      4	    NegLargeDark	   1257.0859	   2171.88	    0.0	    00000000     00000000	   1	[      1]
636   	0     	     11	 NeutSmallBright	   1259.4922	   2406.25	    0.0	    00000000     00000000	   1	[      8]
637   	0     	      9	   NeutSmallDark	   1261.5859	   2093.75	    0.0	    00000000     00000000	   1	[      6]
638   	0     	      6	  NegLargeBright	   1263.6367	   2050.78	    0.0	    00000000     00000000	   1	[      3]
639   	0     	      7	  NegSmallBright	   1266.1523	   2515.62	    0.0	    00000000     00000000	   1	[      4]
640   	0     	      7	  NegSmallBright	   1268.5078	   2355.47	    0.0	    00000000     00000000	   1	[      4]
641   	0     	     11	 NeutSmallBright	   1270.8516	   2343.75	    0.0	    00000000     00000000	   1	[      8]
642   	0     	     14	     condition14	   1273.2969	   2445.31	    0.0	    00000000     00000000	   1	[       ]
643   	0     	      2	      condition2	   1273.7852	    488.28	    0.0	    00000000     00000000	   1	[       ]
644   	0     	     10	 NeutLargeBright	   1275.6406	   1855.47	    0.0	    00000000     00000000	   1	[      7]
645   	0     	     15	     condition15	   1277.8945	   2253.91	    0.0	    00000000     00000000	   1	[       ]
646   	0     	      2	      condition2	   1278.3477	    453.12	    0.0	    00000000     00000000	   1	[       ]
647   	0     	      4	    NegLargeDark	   1280.1758	   1828.12	    0.0	    00000000     00000000	   1	[      1]
648   	0     	      4	    NegLargeDark	   1282.6602	   2484.38	    0.0	    00000000     00000000	   1	[      1]
