#  Non-editable header begin --------------------------------------------------------------------------------
# 
#  data format...............: continuous
#  setname...................: BDF file
#  filename..................: none_specified
#  filepath..................: none_specified
#  nchan.....................: 64
#  pnts......................: 326656
#  srate.....................: 256
#  nevents...................: 650
#  generated by (bdf)........: 
#  generated by (set)........: BDF file
#  reported in ..............: 
#  prog Version..............: 8.02
#  creation date.............: 16-Nov-2020 14:27:59
#  user Account..............: 
# 
#  Non-editable header end --------------------------------------------------------------------------------

	bin 1,	# 60,	NegLargeDark
	bin 2,	# 60,	NegSmallDark
	bin 3,	# 60,	NegLargeBright
	bin 4,	# 60,	NegSmallBright
	bin 5,	# 60,	NeutLargeDark
	bin 6,	# 60,	NeutSmallDark
	bin 7,	# 60,	NeutLargeBright
	bin 8,	# 60,	NeutSmallBright



# item	 bepoch	  ecode	            label	      onset	          diff	     dura	b_flags	   a_flags	  enable	    bin
#                                                 (sec)           (msec)     (msec)    (binary)   (binary)


1     	0     	    253	              ""	      0.4844	      0.00	    0.0	    00000000     00000000	   1	[       ]
2     	0     	     15	     condition15	      1.4844	   1000.00	    0.0	    00000000     00000000	   1	[       ]
3     	0     	      2	      condition2	      2.2031	    718.75	    0.0	    00000000     00000000	   1	[       ]
4     	0     	     12	     condition12	      3.6914	   1488.28	    0.0	    00000000     00000000	   1	[       ]
5     	0     	      2	      condition2	      4.3008	    609.38	    0.0	    00000000     00000000	   1	[       ]
6     	0     	     13	     condition13	      5.7227	   1421.88	    0.0	    00000000     00000000	   1	[       ]
7     	0     	      2	      condition2	      6.5117	    789.06	    0.0	    00000000     00000000	   1	[       ]
8     	0     	      5	    NegSmallDark	      7.8477	   1335.94	    0.0	    00000000     00000000	   1	[      2]
9     	0     	     10	 NeutLargeBright	     10.1602	   2312.50	    0.0	    00000000     00000000	   1	[      7]
10    	0     	      6	  NegLargeBright	     12.5352	   2375.00	    0.0	    00000000     00000000	   1	[      3]
11    	0     	      4	    NegLargeDark	     14.6094	   2074.22	    0.0	    00000000     00000000	   1	[      1]
12    	0     	     10	 NeutLargeBright	     16.8633	   2253.91	    0.0	    00000000     00000000	   1	[      7]
13    	0     	      9	   NeutSmallDark	     18.9766	   2113.28	    0.0	    00000000     00000000	   1	[      6]
14    	0     	      6	  NegLargeBright	     21.0195	   2042.97	    0.0	    00000000     00000000	   1	[      3]
15    	0     	      5	    NegSmallDark	     23.2930	   2273.44	    0.0	    00000000     00000000	   1	[      2]
16    	0     	      9	   NeutSmallDark	     25.3594	   2066.41	    0.0	    00000000     00000000	   1	[      6]
17    	0     	      5	    NegSmallDark	     27.6406	   2281.25	    0.0	    00000000     00000000	   1	[      2]
18    	0     	      9	   NeutSmallDark	     30.1367	   2496.09	    0.0	    00000000     00000000	   1	[      6]
19    	0     	     10	 NeutLargeBright	     32.3320	   2195.31	    0.0	    00000000     00000000	   1	[      7]
20    	0     	     15	     condition15	     34.7734	   2441.41	    0.0	    00000000     00000000	   1	[       ]
21    	0     	      2	      condition2	     35.6641	    890.62	    0.0	    00000000     00000000	   1	[       ]
22    	0     	      7	  NegSmallBright	     37.0898	   1425.78	    0.0	    00000000     00000000	   1	[      4]
23    	0     	      7	  NegSmallBright	     39.1133	   2023.44	    0.0	    00000000     00000000	   1	[      4]
24    	0     	      5	    NegSmallDark	     41.1367	   2023.44	    0.0	    00000000     00000000	   1	[      2]
25    	0     	      8	   NeutLargeDark	     43.6484	   2511.72	    0.0	    00000000     00000000	   1	[      5]
26    	0     	     15	     condition15	     46.1562	   2507.81	    0.0	    00000000     00000000	   1	[       ]
27    	0     	      2	      condition2	     47.0547	    898.44	    0.0	    00000000     00000000	   1	[       ]
28    	0     	      9	   NeutSmallDark	     48.2383	   1183.59	    0.0	    00000000     00000000	   1	[      6]
29    	0     	      8	   NeutLargeDark	     50.3438	   2105.47	    0.0	    00000000     00000000	   1	[      5]
30    	0     	      7	  NegSmallBright	     52.3945	   2050.78	    0.0	    00000000     00000000	   1	[      4]
31    	0     	      6	  NegLargeBright	     54.6914	   2296.88	    0.0	    00000000     00000000	   1	[      3]
32    	0     	     10	 NeutLargeBright	     56.9844	   2292.97	    0.0	    00000000     00000000	   1	[      7]
33    	0     	     15	     condition15	     59.4570	   2472.66	    0.0	    00000000     00000000	   1	[       ]
34    	0     	      2	      condition2	     60.0703	    613.28	    0.0	    00000000     00000000	   1	[       ]
35    	0     	     11	 NeutSmallBright	     61.8438	   1773.44	    0.0	    00000000     00000000	   1	[      8]
36    	0     	     11	 NeutSmallBright	     64.2344	   2390.62	    0.0	    00000000     00000000	   1	[      8]
37    	0     	      6	  NegLargeBright	     66.4219	   2187.50	    0.0	    00000000     00000000	   1	[      3]
38    	0     	     11	 NeutSmallBright	     68.5820	   2160.16	    0.0	    00000000     00000000	   1	[      8]
39    	0     	      4	    NegLargeDark	     70.7266	   2144.53	    0.0	    00000000     00000000	   1	[      1]
40    	0     	     15	     condition15	     72.9922	   2265.62	    0.0	    00000000     00000000	   1	[       ]
41    	0     	      6	  NegLargeBright	     75.2070	   2214.84	    0.0	    00000000     00000000	   1	[      3]
42    	0     	     10	 NeutLargeBright	     77.6680	   2460.94	    0.0	    00000000     00000000	   1	[      7]
43    	0     	      5	    NegSmallDark	     79.8750	   2207.03	    0.0	    00000000     00000000	   1	[      2]
44    	0     	      5	    NegSmallDark	     82.3789	   2503.91	    0.0	    00000000     00000000	   1	[      2]
45    	0     	     14	     condition14	     84.8945	   2515.62	    0.0	    00000000     00000000	   1	[       ]
46    	0     	      2	      condition2	     85.4336	    539.06	    0.0	    00000000     00000000	   1	[       ]
47    	0     	      7	  NegSmallBright	     86.9453	   1511.72	    0.0	    00000000     00000000	   1	[      4]
48    	0     	      4	    NegLargeDark	     89.2383	   2292.97	    0.0	    00000000     00000000	   1	[      1]
49    	0     	      5	    NegSmallDark	     91.4727	   2234.38	    0.0	    00000000     00000000	   1	[      2]
50    	0     	     12	     condition12	     93.7695	   2296.88	    0.0	    00000000     00000000	   1	[       ]
51    	0     	      2	      condition2	     94.3828	    613.28	    0.0	    00000000     00000000	   1	[       ]
52    	0     	      6	  NegLargeBright	     96.0234	   1640.62	    0.0	    00000000     00000000	   1	[      3]
53    	0     	     13	     condition13	     98.5469	   2523.44	    0.0	    00000000     00000000	   1	[       ]
54    	0     	      2	      condition2	     99.0430	    496.09	    0.0	    00000000     00000000	   1	[       ]
55    	0     	      9	   NeutSmallDark	    100.6992	   1656.25	    0.0	    00000000     00000000	   1	[      6]
56    	0     	      5	    NegSmallDark	    102.8047	   2105.47	    0.0	    00000000     00000000	   1	[      2]
57    	0     	     10	 NeutLargeBright	    105.2070	   2402.34	    0.0	    00000000     00000000	   1	[      7]
58    	0     	      6	  NegLargeBright	    107.5234	   2316.41	    0.0	    00000000     00000000	   1	[      3]
59    	0     	      6	  NegLargeBright	    109.9648	   2441.41	    0.0	    00000000     00000000	   1	[      3]
60    	0     	      6	  NegLargeBright	    112.2188	   2253.91	    0.0	    00000000     00000000	   1	[      3]
61    	0     	      4	    NegLargeDark	    114.4258	   2207.03	    0.0	    00000000     00000000	   1	[      1]
62    	0     	      5	    NegSmallDark	    116.6484	   2222.66	    0.0	    00000000     00000000	   1	[      2]
63    	0     	     14	     condition14	    118.9727	   2324.22	    0.0	    00000000     00000000	   1	[       ]
64    	0     	      2	      condition2	    119.5625	    589.84	    0.0	    00000000     00000000	   1	[       ]
65    	0     	     11	 NeutSmallBright	    121.0977	   1535.16	    0.0	    00000000     00000000	   1	[      8]
66    	0     	      7	  NegSmallBright	    123.1914	   2093.75	    0.0	    00000000     00000000	   1	[      4]
67    	0     	     11	 NeutSmallBright	    125.5742	   2382.81	    0.0	    00000000     00000000	   1	[      8]
68    	0     	      6	  NegLargeBright	    128.0898	   2515.62	    0.0	    00000000     00000000	   1	[      3]
69    	0     	      4	    NegLargeDark	    130.6133	   2523.44	    0.0	    00000000     00000000	   1	[      1]
70    	0     	      4	    NegLargeDark	    133.0977	   2484.38	    0.0	    00000000     00000000	   1	[      1]
71    	0     	     13	     condition13	    135.1406	   2042.97	    0.0	    00000000     00000000	   1	[       ]
72    	0     	      2	      condition2	    135.8242	    683.59	    0.0	    00000000     00000000	   1	[       ]
73    	0     	     14	     condition14	    137.4141	   1589.84	    0.0	    00000000     00000000	   1	[       ]
74    	0     	      2	      condition2	    137.9258	    511.72	    0.0	    00000000     00000000	   1	[       ]
75    	0     	      7	  NegSmallBright	    139.6289	   1703.12	    0.0	    00000000     00000000	   1	[      4]
76    	0     	      5	    NegSmallDark	    141.9531	   2324.22	    0.0	    00000000     00000000	   1	[      2]
77    	0     	      4	    NegLargeDark	    144.1367	   2183.59	    0.0	    00000000     00000000	   1	[      1]
78    	0     	      8	   NeutLargeDark	    146.3516	   2214.84	    0.0	    00000000     00000000	   1	[      5]
79    	0     	      9	   NeutSmallDark	    148.4727	   2121.09	    0.0	    00000000     00000000	   1	[      6]
80    	0     	      6	  NegLargeBright	    150.6367	   2164.06	    0.0	    00000000     00000000	   1	[      3]
81    	0     	      8	   NeutLargeDark	    153.0117	   2375.00	    0.0	    00000000     00000000	   1	[      5]
82    	0     	     14	     condition14	    155.1055	   2093.75	    0.0	    00000000     00000000	   1	[       ]
83    	0     	      2	      condition2	    155.6602	    554.69	    0.0	    00000000     00000000	   1	[       ]
84    	0     	      7	  NegSmallBright	    157.3711	   1710.94	    0.0	    00000000     00000000	   1	[      4]
85    	0     	    253	              ""	    159.6562	   2285.16	    0.0	    00000000     00000000	   1	[       ]
86    	0     	      4	    NegLargeDark	    160.6680	   1011.72	    0.0	    00000000     00000000	   1	[      1]
87    	0     	     10	 NeutLargeBright	    162.9531	   2285.16	    0.0	    00000000     00000000	   1	[      7]
88    	0     	     12	     condition12	    164.9961	   2042.97	    0.0	    00000000     00000000	   1	[       ]
89    	0     	      2	      condition2	    165.4883	    492.19	    0.0	    00000000     00000000	   1	[       ]
90    	0     	      4	    NegLargeDark	    167.0625	   1574.22	    0.0	    00000000     00000000	   1	[      1]
91    	0     	     12	     condition12	    169.4766	   2414.06	    0.0	    00000000     00000000	   1	[       ]
92    	0     	      2	      condition2	    169.8945	    417.97	    0.0	    00000000     00000000	   1	[       ]
93    	0     	      8	   NeutLargeDark	    172.0000	   2105.47	    0.0	    00000000     00000000	   1	[      5]
94    	0     	      6	  NegLargeBright	    174.4141	   2414.06	    0.0	    00000000     00000000	   1	[      3]
95    	0     	     10	 NeutLargeBright	    176.8398	   2425.78	    0.0	    00000000     00000000	   1	[      7]
96    	0     	      9	   NeutSmallDark	    178.9219	   2082.03	    0.0	    00000000     00000000	   1	[      6]
97    	0     	     11	 NeutSmallBright	    181.1367	   2214.84	    0.0	    00000000     00000000	   1	[      8]
98    	0     	      5	    NegSmallDark	    183.3398	   2203.12	    0.0	    00000000     00000000	   1	[      2]
99    	0     	      7	  NegSmallBright	    185.8242	   2484.38	    0.0	    00000000     00000000	   1	[      4]
100   	0     	      4	    NegLargeDark	    188.0781	   2253.91	    0.0	    00000000     00000000	   1	[      1]
101   	0     	      5	    NegSmallDark	    190.1211	   2042.97	    0.0	    00000000     00000000	   1	[      2]
102   	0     	     13	     condition13	    192.4648	   2343.75	    0.0	    00000000     00000000	   1	[       ]
103   	0     	      2	      condition2	    193.0352	    570.31	    0.0	    00000000     00000000	   1	[       ]
104   	0     	      8	   NeutLargeDark	    194.6875	   1652.34	    0.0	    00000000     00000000	   1	[      5]
105   	0     	      7	  NegSmallBright	    197.0234	   2335.94	    0.0	    00000000     00000000	   1	[      4]
106   	0     	     10	 NeutLargeBright	    199.4297	   2406.25	    0.0	    00000000     00000000	   1	[      7]
107   	0     	     10	 NeutLargeBright	    201.6016	   2171.88	    0.0	    00000000     00000000	   1	[      7]
108   	0     	     10	 NeutLargeBright	    203.7852	   2183.59	    0.0	    00000000     00000000	   1	[      7]
109   	0     	      7	  NegSmallBright	    206.0195	   2234.38	    0.0	    00000000     00000000	   1	[      4]
110   	0     	     10	 NeutLargeBright	    208.4648	   2445.31	    0.0	    00000000     00000000	   1	[      7]
111   	0     	     12	     condition12	    210.5977	   2132.81	    0.0	    00000000     00000000	   1	[       ]
112   	0     	      2	      condition2	    211.0938	    496.09	    0.0	    00000000     00000000	   1	[       ]
113   	0     	      5	    NegSmallDark	    212.9805	   1886.72	    0.0	    00000000     00000000	   1	[      2]
114   	0     	      7	  NegSmallBright	    215.2344	   2253.91	    0.0	    00000000     00000000	   1	[      4]
115   	0     	     10	 NeutLargeBright	    217.3906	   2156.25	    0.0	    00000000     00000000	   1	[      7]
116   	0     	     11	 NeutSmallBright	    219.5312	   2140.62	    0.0	    00000000     00000000	   1	[      8]
117   	0     	      6	  NegLargeBright	    221.8867	   2355.47	    0.0	    00000000     00000000	   1	[      3]
118   	0     	      5	    NegSmallDark	    224.2930	   2406.25	    0.0	    00000000     00000000	   1	[      2]
119   	0     	     14	     condition14	    226.4570	   2164.06	    0.0	    00000000     00000000	   1	[       ]
120   	0     	      2	      condition2	    227.1133	    656.25	    0.0	    00000000     00000000	   1	[       ]
121   	0     	      9	   NeutSmallDark	    228.7109	   1597.66	    0.0	    00000000     00000000	   1	[      6]
122   	0     	      5	    NegSmallDark	    230.7539	   2042.97	    0.0	    00000000     00000000	   1	[      2]
123   	0     	     10	 NeutLargeBright	    232.9883	   2234.38	    0.0	    00000000     00000000	   1	[      7]
124   	0     	      9	   NeutSmallDark	    235.1523	   2164.06	    0.0	    00000000     00000000	   1	[      6]
125   	0     	      7	  NegSmallBright	    237.5430	   2390.62	    0.0	    00000000     00000000	   1	[      4]
126   	0     	      8	   NeutLargeDark	    239.8789	   2335.94	    0.0	    00000000     00000000	   1	[      5]
127   	0     	     11	 NeutSmallBright	    242.0508	   2171.88	    0.0	    00000000     00000000	   1	[      8]
128   	0     	     10	 NeutLargeBright	    244.3359	   2285.16	    0.0	    00000000     00000000	   1	[      7]
129   	0     	      4	    NegLargeDark	    246.8594	   2523.44	    0.0	    00000000     00000000	   1	[      1]
130   	0     	      4	    NegLargeDark	    249.0547	   2195.31	    0.0	    00000000     00000000	   1	[      1]
131   	0     	      7	  NegSmallBright	    251.3984	   2343.75	    0.0	    00000000     00000000	   1	[      4]
132   	0     	     10	 NeutLargeBright	    253.6836	   2285.16	    0.0	    00000000     00000000	   1	[      7]
133   	0     	      5	    NegSmallDark	    256.0781	   2394.53	    0.0	    00000000     00000000	   1	[      2]
134   	0     	     10	 NeutLargeBright	    258.5234	   2445.31	    0.0	    00000000     00000000	   1	[      7]
135   	0     	      9	   NeutSmallDark	    260.6953	   2171.88	    0.0	    00000000     00000000	   1	[      6]
136   	0     	     11	 NeutSmallBright	    262.7188	   2023.44	    0.0	    00000000     00000000	   1	[      8]
137   	0     	      6	  NegLargeBright	    265.1914	   2472.66	    0.0	    00000000     00000000	   1	[      3]
138   	0     	      8	   NeutLargeDark	    267.3281	   2136.72	    0.0	    00000000     00000000	   1	[      5]
139   	0     	      7	  NegSmallBright	    269.8008	   2472.66	    0.0	    00000000     00000000	   1	[      4]
140   	0     	     15	     condition15	    272.0742	   2273.44	    0.0	    00000000     00000000	   1	[       ]
141   	0     	      2	      condition2	    272.9219	    847.66	    0.0	    00000000     00000000	   1	[       ]
142   	0     	      4	    NegLargeDark	    274.3984	   1476.56	    0.0	    00000000     00000000	   1	[      1]
143   	0     	      9	   NeutSmallDark	    276.4727	   2074.22	    0.0	    00000000     00000000	   1	[      6]
144   	0     	      2	      condition2	    277.3633	    890.62	    0.0	    00000000     00000000	   1	[       ]
145   	0     	      4	    NegLargeDark	    278.5078	   1144.53	    0.0	    00000000     00000000	   1	[      1]
146   	0     	      7	  NegSmallBright	    280.8789	   2371.09	    0.0	    00000000     00000000	   1	[      4]
147   	0     	     13	     condition13	    283.0156	   2136.72	    0.0	    00000000     00000000	   1	[       ]
148   	0     	      2	      condition2	    283.5117	    496.09	    0.0	    00000000     00000000	   1	[       ]
149   	0     	     10	 NeutLargeBright	    285.2500	   1738.28	    0.0	    00000000     00000000	   1	[      7]
150   	0     	      5	    NegSmallDark	    287.5938	   2343.75	    0.0	    00000000     00000000	   1	[      2]
151   	0     	     13	     condition13	    290.1055	   2511.72	    0.0	    00000000     00000000	   1	[       ]
152   	0     	      2	      condition2	    290.6094	    503.91	    0.0	    00000000     00000000	   1	[       ]
153   	0     	      7	  NegSmallBright	    292.2891	   1679.69	    0.0	    00000000     00000000	   1	[      4]
154   	0     	      4	    NegLargeDark	    294.4766	   2187.50	    0.0	    00000000     00000000	   1	[      1]
155   	0     	      4	    NegLargeDark	    296.7578	   2281.25	    0.0	    00000000     00000000	   1	[      1]
156   	0     	      6	  NegLargeBright	    298.8906	   2132.81	    0.0	    00000000     00000000	   1	[      3]
157   	0     	      6	  NegLargeBright	    301.0781	   2187.50	    0.0	    00000000     00000000	   1	[      3]
158   	0     	      4	    NegLargeDark	    303.3008	   2222.66	    0.0	    00000000     00000000	   1	[      1]
159   	0     	      8	   NeutLargeDark	    305.5742	   2273.44	    0.0	    00000000     00000000	   1	[      5]
160   	0     	     15	     condition15	    307.7266	   2152.34	    0.0	    00000000     00000000	   1	[       ]
161   	0     	      2	      condition2	    308.8984	   1171.88	    0.0	    00000000     00000000	   1	[       ]
162   	0     	     10	 NeutLargeBright	    310.1523	   1253.91	    0.0	    00000000     00000000	   1	[      7]
163   	0     	      9	   NeutSmallDark	    312.4883	   2335.94	    0.0	    00000000     00000000	   1	[      6]
164   	0     	      6	  NegLargeBright	    314.7695	   2281.25	    0.0	    00000000     00000000	   1	[      3]
165   	0     	      6	  NegLargeBright	    317.1445	   2375.00	    0.0	    00000000     00000000	   1	[      3]
166   	0     	      6	  NegLargeBright	    320.8438	   3699.22	    0.0	    00000000     00000000	   1	[      3]
167   	0     	      8	   NeutLargeDark	    323.3477	   2503.91	    0.0	    00000000     00000000	   1	[      5]
168   	0     	      7	  NegSmallBright	    325.8320	   2484.38	    0.0	    00000000     00000000	   1	[      4]
169   	0     	      6	  NegLargeBright	    328.2852	   2453.12	    0.0	    00000000     00000000	   1	[      3]
170   	0     	     10	 NeutLargeBright	    330.3203	   2035.16	    0.0	    00000000     00000000	   1	[      7]
171   	0     	     10	 NeutLargeBright	    332.6641	   2343.75	    0.0	    00000000     00000000	   1	[      7]
172   	0     	     15	     condition15	    334.8984	   2234.38	    0.0	    00000000     00000000	   1	[       ]
173   	0     	      2	      condition2	    336.0234	   1125.00	    0.0	    00000000     00000000	   1	[       ]
174   	0     	     15	     condition15	    337.1094	   1085.94	    0.0	    00000000     00000000	   1	[       ]
175   	0     	      2	      condition2	    337.8438	    734.38	    0.0	    00000000     00000000	   1	[       ]
176   	0     	     10	 NeutLargeBright	    339.2031	   1359.38	    0.0	    00000000     00000000	   1	[      7]
177   	0     	     13	     condition13	    341.3672	   2164.06	    0.0	    00000000     00000000	   1	[       ]
178   	0     	      2	      condition2	    341.9492	    582.03	    0.0	    00000000     00000000	   1	[       ]
179   	0     	     11	 NeutSmallBright	    343.6523	   1703.12	    0.0	    00000000     00000000	   1	[      8]
180   	0     	      9	   NeutSmallDark	    345.7344	   2082.03	    0.0	    00000000     00000000	   1	[      6]
181   	0     	      7	  NegSmallBright	    347.8789	   2144.53	    0.0	    00000000     00000000	   1	[      4]
182   	0     	     15	     condition15	    349.9336	   2054.69	    0.0	    00000000     00000000	   1	[       ]
183   	0     	      2	      condition2	    350.6016	    667.97	    0.0	    00000000     00000000	   1	[       ]
184   	0     	     15	     condition15	    352.0273	   1425.78	    0.0	    00000000     00000000	   1	[       ]
185   	0     	      2	      condition2	    352.7227	    695.31	    0.0	    00000000     00000000	   1	[       ]
186   	0     	      9	   NeutSmallDark	    354.2305	   1507.81	    0.0	    00000000     00000000	   1	[      6]
187   	0     	     12	     condition12	    356.4648	   2234.38	    0.0	    00000000     00000000	   1	[       ]
188   	0     	      2	      condition2	    356.9062	    441.41	    0.0	    00000000     00000000	   1	[       ]
189   	0     	     12	     condition12	    358.6992	   1792.97	    0.0	    00000000     00000000	   1	[       ]
190   	0     	      2	      condition2	    359.1914	    492.19	    0.0	    00000000     00000000	   1	[       ]
191   	0     	      8	   NeutLargeDark	    360.7422	   1550.78	    0.0	    00000000     00000000	   1	[      5]
192   	0     	      7	  NegSmallBright	    362.8945	   2152.34	    0.0	    00000000     00000000	   1	[      4]
193   	0     	     12	     condition12	    365.1289	   2234.38	    0.0	    00000000     00000000	   1	[       ]
194   	0     	      2	      condition2	    365.6875	    558.59	    0.0	    00000000     00000000	   1	[       ]
195   	0     	     11	 NeutSmallBright	    367.4141	   1726.56	    0.0	    00000000     00000000	   1	[      8]
196   	0     	      5	    NegSmallDark	    369.7695	   2355.47	    0.0	    00000000     00000000	   1	[      2]
197   	0     	     10	 NeutLargeBright	    371.9727	   2203.12	    0.0	    00000000     00000000	   1	[      7]
198   	0     	     15	     condition15	    374.1758	   2203.12	    0.0	    00000000     00000000	   1	[       ]
199   	0     	      2	      condition2	    374.8203	    644.53	    0.0	    00000000     00000000	   1	[       ]
200   	0     	      7	  NegSmallBright	    376.3477	   1527.34	    0.0	    00000000     00000000	   1	[      4]
201   	0     	      8	   NeutLargeDark	    378.4531	   2105.47	    0.0	    00000000     00000000	   1	[      5]
202   	0     	     14	     condition14	    380.7578	   2304.69	    0.0	    00000000     00000000	   1	[       ]
203   	0     	      2	      condition2	    381.5117	    753.91	    0.0	    00000000     00000000	   1	[       ]
204   	0     	      5	    NegSmallDark	    382.8711	   1359.38	    0.0	    00000000     00000000	   1	[      2]
205   	0     	      9	   NeutSmallDark	    385.0430	   2171.88	    0.0	    00000000     00000000	   1	[      6]
206   	0     	      8	   NeutLargeDark	    387.1680	   2125.00	    0.0	    00000000     00000000	   1	[      5]
207   	0     	      9	   NeutSmallDark	    389.6445	   2476.56	    0.0	    00000000     00000000	   1	[      6]
208   	0     	      8	   NeutLargeDark	    392.1172	   2472.66	    0.0	    00000000     00000000	   1	[      5]
209   	0     	      9	   NeutSmallDark	    394.5430	   2425.78	    0.0	    00000000     00000000	   1	[      6]
210   	0     	      7	  NegSmallBright	    396.9141	   2371.09	    0.0	    00000000     00000000	   1	[      4]
211   	0     	      7	  NegSmallBright	    399.1602	   2246.09	    0.0	    00000000     00000000	   1	[      4]
212   	0     	     15	     condition15	    401.1914	   2031.25	    0.0	    00000000     00000000	   1	[       ]
213   	0     	      2	      condition2	    402.1016	    910.16	    0.0	    00000000     00000000	   1	[       ]
214   	0     	     11	 NeutSmallBright	    403.2383	   1136.72	    0.0	    00000000     00000000	   1	[      8]
215   	0     	     15	     condition15	    405.6016	   2363.28	    0.0	    00000000     00000000	   1	[       ]
216   	0     	      2	      condition2	    406.3906	    789.06	    0.0	    00000000     00000000	   1	[       ]
217   	0     	      4	    NegLargeDark	    407.6445	   1253.91	    0.0	    00000000     00000000	   1	[      1]
218   	0     	      6	  NegLargeBright	    409.8867	   2242.19	    0.0	    00000000     00000000	   1	[      3]
219   	0     	      6	  NegLargeBright	    411.9336	   2046.88	    0.0	    00000000     00000000	   1	[      3]
220   	0     	      6	  NegLargeBright	    414.0547	   2121.09	    0.0	    00000000     00000000	   1	[      3]
221   	0     	      7	  NegSmallBright	    416.3203	   2265.62	    0.0	    00000000     00000000	   1	[      4]
222   	0     	      6	  NegLargeBright	    418.5938	   2273.44	    0.0	    00000000     00000000	   1	[      3]
223   	0     	     10	 NeutLargeBright	    420.8359	   2242.19	    0.0	    00000000     00000000	   1	[      7]
224   	0     	      5	    NegSmallDark	    422.9805	   2144.53	    0.0	    00000000     00000000	   1	[      2]
225   	0     	      8	   NeutLargeDark	    425.1562	   2175.78	    0.0	    00000000     00000000	   1	[      5]
226   	0     	     13	     condition13	    427.5977	   2441.41	    0.0	    00000000     00000000	   1	[       ]
227   	0     	      2	      condition2	    428.3008	    703.12	    0.0	    00000000     00000000	   1	[       ]
228   	0     	     11	 NeutSmallBright	    430.0625	   1761.72	    0.0	    00000000     00000000	   1	[      8]
229   	0     	      9	   NeutSmallDark	    432.1484	   2085.94	    0.0	    00000000     00000000	   1	[      6]
230   	0     	      5	    NegSmallDark	    434.5234	   2375.00	    0.0	    00000000     00000000	   1	[      2]
231   	0     	      7	  NegSmallBright	    436.6172	   2093.75	    0.0	    00000000     00000000	   1	[      4]
232   	0     	     10	 NeutLargeBright	    438.9297	   2312.50	    0.0	    00000000     00000000	   1	[      7]
233   	0     	      6	  NegLargeBright	    441.1016	   2171.88	    0.0	    00000000     00000000	   1	[      3]
234   	0     	      8	   NeutLargeDark	    443.4883	   2386.72	    0.0	    00000000     00000000	   1	[      5]
235   	0     	      4	    NegLargeDark	    445.7617	   2273.44	    0.0	    00000000     00000000	   1	[      1]
236   	0     	      8	   NeutLargeDark	    448.0234	   2261.72	    0.0	    00000000     00000000	   1	[      5]
237   	0     	     11	 NeutSmallBright	    450.2812	   2257.81	    0.0	    00000000     00000000	   1	[      8]
238   	0     	     15	     condition15	    452.5625	   2281.25	    0.0	    00000000     00000000	   1	[       ]
239   	0     	      2	      condition2	    453.3555	    792.97	    0.0	    00000000     00000000	   1	[       ]
240   	0     	      8	   NeutLargeDark	    454.7891	   1433.59	    0.0	    00000000     00000000	   1	[      5]
241   	0     	      4	    NegLargeDark	    456.8711	   2082.03	    0.0	    00000000     00000000	   1	[      1]
242   	0     	      9	   NeutSmallDark	    459.2344	   2363.28	    0.0	    00000000     00000000	   1	[      6]
243   	0     	     11	 NeutSmallBright	    461.5273	   2292.97	    0.0	    00000000     00000000	   1	[      8]
244   	0     	     11	 NeutSmallBright	    463.6016	   2074.22	    0.0	    00000000     00000000	   1	[      8]
245   	0     	      2	      condition2	    464.0859	    484.38	    0.0	    00000000     00000000	   1	[       ]
246   	0     	     11	 NeutSmallBright	    466.0469	   1960.94	    0.0	    00000000     00000000	   1	[      8]
247   	0     	      8	   NeutLargeDark	    468.3906	   2343.75	    0.0	    00000000     00000000	   1	[      5]
248   	0     	      5	    NegSmallDark	    470.4453	   2054.69	    0.0	    00000000     00000000	   1	[      2]
249   	0     	     14	     condition14	    472.9805	   2535.16	    0.0	    00000000     00000000	   1	[       ]
250   	0     	      2	      condition2	    473.5156	    535.16	    0.0	    00000000     00000000	   1	[       ]
251   	0     	     14	     condition14	    475.2539	   1738.28	    0.0	    00000000     00000000	   1	[       ]
252   	0     	      2	      condition2	    476.2500	    996.09	    0.0	    00000000     00000000	   1	[       ]
253   	0     	    253	              ""	    477.4219	   1171.88	    0.0	    00000000     00000000	   1	[       ]
254   	0     	      6	  NegLargeBright	    478.4141	    992.19	    0.0	    00000000     00000000	   1	[      3]
255   	0     	      4	    NegLargeDark	    480.8867	   2472.66	    0.0	    00000000     00000000	   1	[      1]
256   	0     	     11	 NeutSmallBright	    482.9727	   2085.94	    0.0	    00000000     00000000	   1	[      8]
257   	0     	      9	   NeutSmallDark	    485.3672	   2394.53	    0.0	    00000000     00000000	   1	[      6]
258   	0     	      5	    NegSmallDark	    487.7891	   2421.88	    0.0	    00000000     00000000	   1	[      2]
259   	0     	      5	    NegSmallDark	    490.1953	   2406.25	    0.0	    00000000     00000000	   1	[      2]
260   	0     	      4	    NegLargeDark	    492.3281	   2132.81	    0.0	    00000000     00000000	   1	[      1]
261   	0     	      9	   NeutSmallDark	    494.7617	   2433.59	    0.0	    00000000     00000000	   1	[      6]
262   	0     	      8	   NeutLargeDark	    496.8750	   2113.28	    0.0	    00000000     00000000	   1	[      5]
263   	0     	      7	  NegSmallBright	    499.3203	   2445.31	    0.0	    00000000     00000000	   1	[      4]
264   	0     	      5	    NegSmallDark	    501.7148	   2394.53	    0.0	    00000000     00000000	   1	[      2]
265   	0     	      6	  NegLargeBright	    504.2188	   2503.91	    0.0	    00000000     00000000	   1	[      3]
266   	0     	      6	  NegLargeBright	    506.6016	   2382.81	    0.0	    00000000     00000000	   1	[      3]
267   	0     	      4	    NegLargeDark	    508.6680	   2066.41	    0.0	    00000000     00000000	   1	[      1]
268   	0     	     11	 NeutSmallBright	    510.7109	   2042.97	    0.0	    00000000     00000000	   1	[      8]
269   	0     	      5	    NegSmallDark	    513.1055	   2394.53	    0.0	    00000000     00000000	   1	[      2]
270   	0     	      6	  NegLargeBright	    515.1875	   2082.03	    0.0	    00000000     00000000	   1	[      3]
271   	0     	      8	   NeutLargeDark	    517.5703	   2382.81	    0.0	    00000000     00000000	   1	[      5]
272   	0     	      8	   NeutLargeDark	    519.6953	   2125.00	    0.0	    00000000     00000000	   1	[      5]
273   	0     	     11	 NeutSmallBright	    522.1484	   2453.12	    0.0	    00000000     00000000	   1	[      8]
274   	0     	      8	   NeutLargeDark	    524.4922	   2343.75	    0.0	    00000000     00000000	   1	[      5]
275   	0     	      8	   NeutLargeDark	    526.6875	   2195.31	    0.0	    00000000     00000000	   1	[      5]
276   	0     	      6	  NegLargeBright	    528.7930	   2105.47	    0.0	    00000000     00000000	   1	[      3]
277   	0     	      9	   NeutSmallDark	    531.0156	   2222.66	    0.0	    00000000     00000000	   1	[      6]
278   	0     	      8	   NeutLargeDark	    533.0781	   2062.50	    0.0	    00000000     00000000	   1	[      5]
279   	0     	      7	  NegSmallBright	    535.5117	   2433.59	    0.0	    00000000     00000000	   1	[      4]
280   	0     	      4	    NegLargeDark	    537.5469	   2035.16	    0.0	    00000000     00000000	   1	[      1]
281   	0     	     12	     condition12	    539.6094	   2062.50	    0.0	    00000000     00000000	   1	[       ]
282   	0     	      2	      condition2	    540.1211	    511.72	    0.0	    00000000     00000000	   1	[       ]
283   	0     	     10	 NeutLargeBright	    541.8945	   1773.44	    0.0	    00000000     00000000	   1	[      7]
284   	0     	     11	 NeutSmallBright	    544.3398	   2445.31	    0.0	    00000000     00000000	   1	[      8]
285   	0     	     10	 NeutLargeBright	    546.8125	   2472.66	    0.0	    00000000     00000000	   1	[      7]
286   	0     	     12	     condition12	    548.9961	   2183.59	    0.0	    00000000     00000000	   1	[       ]
287   	0     	      2	      condition2	    549.4805	    484.38	    0.0	    00000000     00000000	   1	[       ]
288   	0     	     11	 NeutSmallBright	    551.1406	   1660.16	    0.0	    00000000     00000000	   1	[      8]
289   	0     	      2	      condition2	    552.3281	   1187.50	    0.0	    00000000     00000000	   1	[       ]
290   	0     	      8	   NeutLargeDark	    553.6367	   1308.59	    0.0	    00000000     00000000	   1	[      5]
291   	0     	     12	     condition12	    555.7773	   2140.62	    0.0	    00000000     00000000	   1	[       ]
292   	0     	      2	      condition2	    556.2461	    468.75	    0.0	    00000000     00000000	   1	[       ]
293   	0     	     11	 NeutSmallBright	    557.8008	   1554.69	    0.0	    00000000     00000000	   1	[      8]
294   	0     	      5	    NegSmallDark	    560.1758	   2375.00	    0.0	    00000000     00000000	   1	[      2]
295   	0     	     11	 NeutSmallBright	    562.2891	   2113.28	    0.0	    00000000     00000000	   1	[      8]
296   	0     	      9	   NeutSmallDark	    564.5547	   2265.62	    0.0	    00000000     00000000	   1	[      6]
297   	0     	      6	  NegLargeBright	    567.0508	   2496.09	    0.0	    00000000     00000000	   1	[      3]
298   	0     	      8	   NeutLargeDark	    569.5742	   2523.44	    0.0	    00000000     00000000	   1	[      5]
299   	0     	      6	  NegLargeBright	    571.8359	   2261.72	    0.0	    00000000     00000000	   1	[      3]
300   	0     	     12	     condition12	    574.2500	   2414.06	    0.0	    00000000     00000000	   1	[       ]
301   	0     	      2	      condition2	    574.9922	    742.19	    0.0	    00000000     00000000	   1	[       ]
302   	0     	      7	  NegSmallBright	    576.3555	   1363.28	    0.0	    00000000     00000000	   1	[      4]
303   	0     	     11	 NeutSmallBright	    578.4883	   2132.81	    0.0	    00000000     00000000	   1	[      8]
304   	0     	     10	 NeutLargeBright	    580.8828	   2394.53	    0.0	    00000000     00000000	   1	[      7]
305   	0     	     11	 NeutSmallBright	    583.3477	   2464.84	    0.0	    00000000     00000000	   1	[      8]
306   	0     	     14	     condition14	    585.4414	   2093.75	    0.0	    00000000     00000000	   1	[       ]
307   	0     	      2	      condition2	    586.2539	    812.50	    0.0	    00000000     00000000	   1	[       ]
308   	0     	     11	 NeutSmallBright	    587.7266	   1472.66	    0.0	    00000000     00000000	   1	[      8]
309   	0     	     14	     condition14	    589.8789	   2152.34	    0.0	    00000000     00000000	   1	[       ]
310   	0     	      2	      condition2	    590.7969	    917.97	    0.0	    00000000     00000000	   1	[       ]
311   	0     	      8	   NeutLargeDark	    592.3828	   1585.94	    0.0	    00000000     00000000	   1	[      5]
312   	0     	     11	 NeutSmallBright	    594.5078	   2125.00	    0.0	    00000000     00000000	   1	[      8]
313   	0     	      5	    NegSmallDark	    596.6602	   2152.34	    0.0	    00000000     00000000	   1	[      2]
314   	0     	     12	     condition12	    598.7734	   2113.28	    0.0	    00000000     00000000	   1	[       ]
315   	0     	      2	      condition2	    599.3164	    542.97	    0.0	    00000000     00000000	   1	[       ]
316   	0     	     13	     condition13	    600.8984	   1582.03	    0.0	    00000000     00000000	   1	[       ]
317   	0     	      2	      condition2	    601.4453	    546.88	    0.0	    00000000     00000000	   1	[       ]
318   	0     	      4	    NegLargeDark	    603.3945	   1949.22	    0.0	    00000000     00000000	   1	[      1]
319   	0     	      8	   NeutLargeDark	    605.7969	   2402.34	    0.0	    00000000     00000000	   1	[      5]
320   	0     	     10	 NeutLargeBright	    608.3320	   2535.16	    0.0	    00000000     00000000	   1	[      7]
321   	0     	      8	   NeutLargeDark	    610.6367	   2304.69	    0.0	    00000000     00000000	   1	[      5]
322   	0     	      9	   NeutSmallDark	    612.9688	   2332.03	    0.0	    00000000     00000000	   1	[      6]
323   	0     	      5	    NegSmallDark	    615.0039	   2035.16	    0.0	    00000000     00000000	   1	[      2]
324   	0     	      4	    NegLargeDark	    617.4766	   2472.66	    0.0	    00000000     00000000	   1	[      1]
325   	0     	      9	   NeutSmallDark	    619.7227	   2246.09	    0.0	    00000000     00000000	   1	[      6]
326   	0     	      7	  NegSmallBright	    621.8633	   2140.62	    0.0	    00000000     00000000	   1	[      4]
327   	0     	      8	   NeutLargeDark	    624.0195	   2156.25	    0.0	    00000000     00000000	   1	[      5]
328   	0     	     10	 NeutLargeBright	    626.2422	   2222.66	    0.0	    00000000     00000000	   1	[      7]
329   	0     	      7	  NegSmallBright	    628.3867	   2144.53	    0.0	    00000000     00000000	   1	[      4]
330   	0     	     11	 NeutSmallBright	    630.5195	   2132.81	    0.0	    00000000     00000000	   1	[      8]
331   	0     	     10	 NeutLargeBright	    632.6836	   2164.06	    0.0	    00000000     00000000	   1	[      7]
332   	0     	      9	   NeutSmallDark	    635.0273	   2343.75	    0.0	    00000000     00000000	   1	[      6]
333   	0     	    253	              ""	    637.9062	   2878.91	    0.0	    00000000     00000000	   1	[       ]
334   	0     	      9	   NeutSmallDark	    638.9102	   1003.91	    0.0	    00000000     00000000	   1	[      6]
335   	0     	      9	   NeutSmallDark	    640.9805	   2070.31	    0.0	    00000000     00000000	   1	[      6]
336   	0     	      9	   NeutSmallDark	    643.1367	   2156.25	    0.0	    00000000     00000000	   1	[      6]
337   	0     	     11	 NeutSmallBright	    645.3203	   2183.59	    0.0	    00000000     00000000	   1	[      8]
338   	0     	     14	     condition14	    647.5742	   2253.91	    0.0	    00000000     00000000	   1	[       ]
339   	0     	      2	      condition2	    648.1992	    625.00	    0.0	    00000000     00000000	   1	[       ]
340   	0     	     10	 NeutLargeBright	    649.6289	   1429.69	    0.0	    00000000     00000000	   1	[      7]
341   	0     	      7	  NegSmallBright	    651.8203	   2191.41	    0.0	    00000000     00000000	   1	[      4]
342   	0     	     11	 NeutSmallBright	    653.9648	   2144.53	    0.0	    00000000     00000000	   1	[      8]
343   	0     	      9	   NeutSmallDark	    656.2070	   2242.19	    0.0	    00000000     00000000	   1	[      6]
344   	0     	      5	    NegSmallDark	    658.3633	   2156.25	    0.0	    00000000     00000000	   1	[      2]
345   	0     	     11	 NeutSmallBright	    660.8555	   2492.19	    0.0	    00000000     00000000	   1	[      8]
346   	0     	      9	   NeutSmallDark	    663.0703	   2214.84	    0.0	    00000000     00000000	   1	[      6]
347   	0     	     11	 NeutSmallBright	    665.5039	   2433.59	    0.0	    00000000     00000000	   1	[      8]
348   	0     	      6	  NegLargeBright	    667.7383	   2234.38	    0.0	    00000000     00000000	   1	[      3]
349   	0     	      9	   NeutSmallDark	    670.0430	   2304.69	    0.0	    00000000     00000000	   1	[      6]
350   	0     	     13	     condition13	    672.1484	   2105.47	    0.0	    00000000     00000000	   1	[       ]
351   	0     	      2	      condition2	    673.8516	   1703.12	    0.0	    00000000     00000000	   1	[       ]
352   	0     	      5	    NegSmallDark	    674.2891	    437.50	    0.0	    00000000     00000000	   1	[      2]
353   	0     	      5	    NegSmallDark	    676.4844	   2195.31	    0.0	    00000000     00000000	   1	[      2]
354   	0     	      4	    NegLargeDark	    678.8477	   2363.28	    0.0	    00000000     00000000	   1	[      1]
355   	0     	     11	 NeutSmallBright	    681.1914	   2343.75	    0.0	    00000000     00000000	   1	[      8]
356   	0     	      5	    NegSmallDark	    683.4062	   2214.84	    0.0	    00000000     00000000	   1	[      2]
357   	0     	      5	    NegSmallDark	    685.9023	   2496.09	    0.0	    00000000     00000000	   1	[      2]
358   	0     	      6	  NegLargeBright	    688.2266	   2324.22	    0.0	    00000000     00000000	   1	[      3]
359   	0     	      8	   NeutLargeDark	    690.5508	   2324.22	    0.0	    00000000     00000000	   1	[      5]
360   	0     	      6	  NegLargeBright	    693.0352	   2484.38	    0.0	    00000000     00000000	   1	[      3]
361   	0     	     10	 NeutLargeBright	    695.1289	   2093.75	    0.0	    00000000     00000000	   1	[      7]
362   	0     	      5	    NegSmallDark	    697.1719	   2042.97	    0.0	    00000000     00000000	   1	[      2]
363   	0     	      4	    NegLargeDark	    699.6250	   2453.12	    0.0	    00000000     00000000	   1	[      1]
364   	0     	      5	    NegSmallDark	    702.1484	   2523.44	    0.0	    00000000     00000000	   1	[      2]
365   	0     	      4	    NegLargeDark	    704.6328	   2484.38	    0.0	    00000000     00000000	   1	[      1]
366   	0     	     10	 NeutLargeBright	    707.0273	   2394.53	    0.0	    00000000     00000000	   1	[      7]
367   	0     	      7	  NegSmallBright	    709.2227	   2195.31	    0.0	    00000000     00000000	   1	[      4]
368   	0     	      7	  NegSmallBright	    711.5547	   2332.03	    0.0	    00000000     00000000	   1	[      4]
369   	0     	     13	     condition13	    713.9805	   2425.78	    0.0	    00000000     00000000	   1	[       ]
370   	0     	      2	      condition2	    714.7266	    746.09	    0.0	    00000000     00000000	   1	[       ]
371   	0     	      7	  NegSmallBright	    716.3164	   1589.84	    0.0	    00000000     00000000	   1	[      4]
372   	0     	      6	  NegLargeBright	    718.7891	   2472.66	    0.0	    00000000     00000000	   1	[      3]
373   	0     	      8	   NeutLargeDark	    721.0039	   2214.84	    0.0	    00000000     00000000	   1	[      5]
374   	0     	      5	    NegSmallDark	    723.2656	   2261.72	    0.0	    00000000     00000000	   1	[      2]
375   	0     	      7	  NegSmallBright	    725.5391	   2273.44	    0.0	    00000000     00000000	   1	[      4]
376   	0     	     11	 NeutSmallBright	    727.8242	   2285.16	    0.0	    00000000     00000000	   1	[      8]
377   	0     	     15	     condition15	    730.1289	   2304.69	    0.0	    00000000     00000000	   1	[       ]
378   	0     	      2	      condition2	    730.7305	    601.56	    0.0	    00000000     00000000	   1	[       ]
379   	0     	      4	    NegLargeDark	    732.3945	   1664.06	    0.0	    00000000     00000000	   1	[      1]
380   	0     	      4	    NegLargeDark	    734.8984	   2503.91	    0.0	    00000000     00000000	   1	[      1]
381   	0     	      4	    NegLargeDark	    737.0312	   2132.81	    0.0	    00000000     00000000	   1	[      1]
382   	0     	     11	 NeutSmallBright	    739.1328	   2101.56	    0.0	    00000000     00000000	   1	[      8]
383   	0     	      4	    NegLargeDark	    741.1797	   2046.88	    0.0	    00000000     00000000	   1	[      1]
384   	0     	     14	     condition14	    743.5234	   2343.75	    0.0	    00000000     00000000	   1	[       ]
385   	0     	      2	      condition2	    744.2227	    699.22	    0.0	    00000000     00000000	   1	[       ]
386   	0     	      4	    NegLargeDark	    745.5664	   1343.75	    0.0	    00000000     00000000	   1	[      1]
387   	0     	     10	 NeutLargeBright	    747.6602	   2093.75	    0.0	    00000000     00000000	   1	[      7]
388   	0     	      9	   NeutSmallDark	    749.9453	   2285.16	    0.0	    00000000     00000000	   1	[      6]
389   	0     	      4	    NegLargeDark	    752.1875	   2242.19	    0.0	    00000000     00000000	   1	[      1]
390   	0     	     11	 NeutSmallBright	    754.5508	   2363.28	    0.0	    00000000     00000000	   1	[      8]
391   	0     	      7	  NegSmallBright	    756.9375	   2386.72	    0.0	    00000000     00000000	   1	[      4]
392   	0     	      9	   NeutSmallDark	    759.3398	   2402.34	    0.0	    00000000     00000000	   1	[      6]
393   	0     	     10	 NeutLargeBright	    761.4727	   2132.81	    0.0	    00000000     00000000	   1	[      7]
394   	0     	      4	    NegLargeDark	    763.7383	   2265.62	    0.0	    00000000     00000000	   1	[      1]
395   	0     	      6	  NegLargeBright	    766.1016	   2363.28	    0.0	    00000000     00000000	   1	[      3]
396   	0     	      8	   NeutLargeDark	    768.2344	   2132.81	    0.0	    00000000     00000000	   1	[      5]
397   	0     	      4	    NegLargeDark	    770.3906	   2156.25	    0.0	    00000000     00000000	   1	[      1]
398   	0     	     11	 NeutSmallBright	    772.7344	   2343.75	    0.0	    00000000     00000000	   1	[      8]
399   	0     	     13	     condition13	    774.9961	   2261.72	    0.0	    00000000     00000000	   1	[       ]
400   	0     	      2	      condition2	    775.5039	    507.81	    0.0	    00000000     00000000	   1	[       ]
401   	0     	      7	  NegSmallBright	    777.2227	   1718.75	    0.0	    00000000     00000000	   1	[      4]
402   	0     	     14	     condition14	    779.3242	   2101.56	    0.0	    00000000     00000000	   1	[       ]
403   	0     	      2	      condition2	    779.8984	    574.22	    0.0	    00000000     00000000	   1	[       ]
404   	0     	     10	 NeutLargeBright	    781.3984	   1500.00	    0.0	    00000000     00000000	   1	[      7]
405   	0     	     13	     condition13	    783.4336	   2035.16	    0.0	    00000000     00000000	   1	[       ]
406   	0     	      2	      condition2	    783.8789	    445.31	    0.0	    00000000     00000000	   1	[       ]
407   	0     	      6	  NegLargeBright	    785.4766	   1597.66	    0.0	    00000000     00000000	   1	[      3]
408   	0     	     11	 NeutSmallBright	    787.5391	   2062.50	    0.0	    00000000     00000000	   1	[      8]
409   	0     	     11	 NeutSmallBright	    789.7852	   2246.09	    0.0	    00000000     00000000	   1	[      8]
410   	0     	     10	 NeutLargeBright	    792.0078	   2222.66	    0.0	    00000000     00000000	   1	[      7]
411   	0     	      6	  NegLargeBright	    794.4023	   2394.53	    0.0	    00000000     00000000	   1	[      3]
412   	0     	    253	              ""	    796.5781	   2175.78	    0.0	    00000000     00000000	   1	[       ]
413   	0     	      8	   NeutLargeDark	    797.5820	   1003.91	    0.0	    00000000     00000000	   1	[      5]
414   	0     	      8	   NeutLargeDark	    799.6250	   2042.97	    0.0	    00000000     00000000	   1	[      5]
415   	0     	      9	   NeutSmallDark	    802.1523	   2527.34	    0.0	    00000000     00000000	   1	[      6]
416   	0     	      5	    NegSmallDark	    804.5156	   2363.28	    0.0	    00000000     00000000	   1	[      2]
417   	0     	      9	   NeutSmallDark	    807.0078	   2492.19	    0.0	    00000000     00000000	   1	[      6]
418   	0     	      8	   NeutLargeDark	    809.5234	   2515.62	    0.0	    00000000     00000000	   1	[      5]
419   	0     	      7	  NegSmallBright	    811.7461	   2222.66	    0.0	    00000000     00000000	   1	[      4]
420   	0     	     12	     condition12	    814.1914	   2445.31	    0.0	    00000000     00000000	   1	[       ]
421   	0     	      2	      condition2	    814.7695	    578.12	    0.0	    00000000     00000000	   1	[       ]
422   	0     	     12	     condition12	    816.4570	   1687.50	    0.0	    00000000     00000000	   1	[       ]
423   	0     	      2	      condition2	    817.0703	    613.28	    0.0	    00000000     00000000	   1	[       ]
424   	0     	     13	     condition13	    818.5078	   1437.50	    0.0	    00000000     00000000	   1	[       ]
425   	0     	      2	      condition2	    819.0273	    519.53	    0.0	    00000000     00000000	   1	[       ]
426   	0     	      4	    NegLargeDark	    820.5820	   1554.69	    0.0	    00000000     00000000	   1	[      1]
427   	0     	      4	    NegLargeDark	    823.0078	   2425.78	    0.0	    00000000     00000000	   1	[      1]
428   	0     	      4	    NegLargeDark	    825.5430	   2535.16	    0.0	    00000000     00000000	   1	[      1]
429   	0     	      6	  NegLargeBright	    827.9570	   2414.06	    0.0	    00000000     00000000	   1	[      3]
430   	0     	      7	  NegSmallBright	    830.0977	   2140.62	    0.0	    00000000     00000000	   1	[      4]
431   	0     	      8	   NeutLargeDark	    832.5234	   2425.78	    0.0	    00000000     00000000	   1	[      5]
432   	0     	     14	     condition14	    834.6094	   2085.94	    0.0	    00000000     00000000	   1	[       ]
433   	0     	      2	      condition2	    835.1484	    539.06	    0.0	    00000000     00000000	   1	[       ]
434   	0     	      9	   NeutSmallDark	    836.7695	   1621.09	    0.0	    00000000     00000000	   1	[      6]
435   	0     	     13	     condition13	    839.2539	   2484.38	    0.0	    00000000     00000000	   1	[       ]
436   	0     	      2	      condition2	    839.9141	    660.16	    0.0	    00000000     00000000	   1	[       ]
437   	0     	      4	    NegLargeDark	    841.6094	   1695.31	    0.0	    00000000     00000000	   1	[      1]
438   	0     	     13	     condition13	    843.6523	   2042.97	    0.0	    00000000     00000000	   1	[       ]
439   	0     	      2	      condition2	    844.2188	    566.41	    0.0	    00000000     00000000	   1	[       ]
440   	0     	      7	  NegSmallBright	    845.6953	   1476.56	    0.0	    00000000     00000000	   1	[      4]
441   	0     	      5	    NegSmallDark	    847.8320	   2136.72	    0.0	    00000000     00000000	   1	[      2]
442   	0     	      5	    NegSmallDark	    850.3555	   2523.44	    0.0	    00000000     00000000	   1	[      2]
443   	0     	      4	    NegLargeDark	    852.8008	   2445.31	    0.0	    00000000     00000000	   1	[      1]
444   	0     	     11	 NeutSmallBright	    854.8828	   2082.03	    0.0	    00000000     00000000	   1	[      8]
445   	0     	      8	   NeutLargeDark	    857.1055	   2222.66	    0.0	    00000000     00000000	   1	[      5]
446   	0     	      5	    NegSmallDark	    859.1406	   2035.16	    0.0	    00000000     00000000	   1	[      2]
447   	0     	      6	  NegLargeBright	    861.4336	   2292.97	    0.0	    00000000     00000000	   1	[      3]
448   	0     	     12	     condition12	    863.6367	   2203.12	    0.0	    00000000     00000000	   1	[       ]
449   	0     	      2	      condition2	    864.2461	    609.38	    0.0	    00000000     00000000	   1	[       ]
450   	0     	     10	 NeutLargeBright	    865.8320	   1585.94	    0.0	    00000000     00000000	   1	[      7]
451   	0     	      9	   NeutSmallDark	    868.1875	   2355.47	    0.0	    00000000     00000000	   1	[      6]
452   	0     	      8	   NeutLargeDark	    870.6289	   2441.41	    0.0	    00000000     00000000	   1	[      5]
453   	0     	      9	   NeutSmallDark	    873.0352	   2406.25	    0.0	    00000000     00000000	   1	[      6]
454   	0     	     12	     condition12	    875.1406	   2105.47	    0.0	    00000000     00000000	   1	[       ]
455   	0     	      2	      condition2	    875.6367	    496.09	    0.0	    00000000     00000000	   1	[       ]
456   	0     	      6	  NegLargeBright	    877.4414	   1804.69	    0.0	    00000000     00000000	   1	[      3]
457   	0     	      8	   NeutLargeDark	    879.8672	   2425.78	    0.0	    00000000     00000000	   1	[      5]
458   	0     	     13	     condition13	    881.9609	   2093.75	    0.0	    00000000     00000000	   1	[       ]
459   	0     	      2	      condition2	    882.5977	    636.72	    0.0	    00000000     00000000	   1	[       ]
460   	0     	     11	 NeutSmallBright	    884.1641	   1566.41	    0.0	    00000000     00000000	   1	[      8]
461   	0     	     10	 NeutLargeBright	    886.2773	   2113.28	    0.0	    00000000     00000000	   1	[      7]
462   	0     	     11	 NeutSmallBright	    888.4023	   2125.00	    0.0	    00000000     00000000	   1	[      8]
463   	0     	      5	    NegSmallDark	    890.7656	   2363.28	    0.0	    00000000     00000000	   1	[      2]
464   	0     	      6	  NegLargeBright	    893.0820	   2316.41	    0.0	    00000000     00000000	   1	[      3]
465   	0     	      9	   NeutSmallDark	    895.3828	   2300.78	    0.0	    00000000     00000000	   1	[      6]
466   	0     	     12	     condition12	    897.6289	   2246.09	    0.0	    00000000     00000000	   1	[       ]
467   	0     	      2	      condition2	    898.1797	    550.78	    0.0	    00000000     00000000	   1	[       ]
468   	0     	      7	  NegSmallBright	    899.9609	   1781.25	    0.0	    00000000     00000000	   1	[      4]
469   	0     	      4	    NegLargeDark	    902.3047	   2343.75	    0.0	    00000000     00000000	   1	[      1]
470   	0     	      5	    NegSmallDark	    904.6523	   2347.66	    0.0	    00000000     00000000	   1	[      2]
471   	0     	     11	 NeutSmallBright	    907.0430	   2390.62	    0.0	    00000000     00000000	   1	[      8]
472   	0     	      5	    NegSmallDark	    909.1602	   2117.19	    0.0	    00000000     00000000	   1	[      2]
473   	0     	      7	  NegSmallBright	    911.4336	   2273.44	    0.0	    00000000     00000000	   1	[      4]
474   	0     	      7	  NegSmallBright	    913.6055	   2171.88	    0.0	    00000000     00000000	   1	[      4]
475   	0     	      6	  NegLargeBright	    915.9805	   2375.00	    0.0	    00000000     00000000	   1	[      3]
476   	0     	      6	  NegLargeBright	    918.4336	   2453.12	    0.0	    00000000     00000000	   1	[      3]
477   	0     	     10	 NeutLargeBright	    920.5586	   2125.00	    0.0	    00000000     00000000	   1	[      7]
478   	0     	      9	   NeutSmallDark	    922.6133	   2054.69	    0.0	    00000000     00000000	   1	[      6]
479   	0     	     10	 NeutLargeBright	    924.6875	   2074.22	    0.0	    00000000     00000000	   1	[      7]
480   	0     	      6	  NegLargeBright	    926.7578	   2070.31	    0.0	    00000000     00000000	   1	[      3]
481   	0     	     11	 NeutSmallBright	    929.0625	   2304.69	    0.0	    00000000     00000000	   1	[      8]
482   	0     	      9	   NeutSmallDark	    931.2266	   2164.06	    0.0	    00000000     00000000	   1	[      6]
483   	0     	     11	 NeutSmallBright	    933.6133	   2386.72	    0.0	    00000000     00000000	   1	[      8]
484   	0     	      4	    NegLargeDark	    935.8164	   2203.12	    0.0	    00000000     00000000	   1	[      1]
485   	0     	      8	   NeutLargeDark	    938.1094	   2292.97	    0.0	    00000000     00000000	   1	[      5]
486   	0     	      6	  NegLargeBright	    940.2344	   2125.00	    0.0	    00000000     00000000	   1	[      3]
487   	0     	     14	     condition14	    942.3750	   2140.62	    0.0	    00000000     00000000	   1	[       ]
488   	0     	      2	      condition2	    943.0977	    722.66	    0.0	    00000000     00000000	   1	[       ]
489   	0     	     10	 NeutLargeBright	    944.6211	   1523.44	    0.0	    00000000     00000000	   1	[      7]
490   	0     	      9	   NeutSmallDark	    947.0469	   2425.78	    0.0	    00000000     00000000	   1	[      6]
491   	0     	      4	    NegLargeDark	    949.5586	   2511.72	    0.0	    00000000     00000000	   1	[      1]
492   	0     	     13	     condition13	    951.9141	   2355.47	    0.0	    00000000     00000000	   1	[       ]
493   	0     	      2	      condition2	    952.5820	    667.97	    0.0	    00000000     00000000	   1	[       ]
494   	0     	      9	   NeutSmallDark	    954.4180	   1835.94	    0.0	    00000000     00000000	   1	[      6]
495   	0     	    253	              ""	    956.0938	   1675.78	    0.0	    00000000     00000000	   1	[       ]
496   	0     	      4	    NegLargeDark	    957.0938	   1000.00	    0.0	    00000000     00000000	   1	[      1]
497   	0     	     15	     condition15	    959.1758	   2082.03	    0.0	    00000000     00000000	   1	[       ]
498   	0     	      2	      condition2	    959.8281	    652.34	    0.0	    00000000     00000000	   1	[       ]
499   	0     	      4	    NegLargeDark	    961.4297	   1601.56	    0.0	    00000000     00000000	   1	[      1]
500   	0     	      6	  NegLargeBright	    963.6836	   2253.91	    0.0	    00000000     00000000	   1	[      3]
501   	0     	      9	   NeutSmallDark	    966.0898	   2406.25	    0.0	    00000000     00000000	   1	[      6]
502   	0     	     11	 NeutSmallBright	    968.4023	   2312.50	    0.0	    00000000     00000000	   1	[      8]
503   	0     	      8	   NeutLargeDark	    970.6445	   2242.19	    0.0	    00000000     00000000	   1	[      5]
504   	0     	      8	   NeutLargeDark	    972.8984	   2253.91	    0.0	    00000000     00000000	   1	[      5]
505   	0     	     11	 NeutSmallBright	    974.9648	   2066.41	    0.0	    00000000     00000000	   1	[      8]
506   	0     	     10	 NeutLargeBright	    977.3867	   2421.88	    0.0	    00000000     00000000	   1	[      7]
507   	0     	      8	   NeutLargeDark	    979.8828	   2496.09	    0.0	    00000000     00000000	   1	[      5]
508   	0     	      9	   NeutSmallDark	    982.2852	   2402.34	    0.0	    00000000     00000000	   1	[      6]
509   	0     	     10	 NeutLargeBright	    984.6719	   2386.72	    0.0	    00000000     00000000	   1	[      7]
510   	0     	     13	     condition13	    986.9453	   2273.44	    0.0	    00000000     00000000	   1	[       ]
511   	0     	      2	      condition2	    987.6250	    679.69	    0.0	    00000000     00000000	   1	[       ]
512   	0     	     10	 NeutLargeBright	    989.0586	   1433.59	    0.0	    00000000     00000000	   1	[      7]
513   	0     	      8	   NeutLargeDark	    991.2109	   2152.34	    0.0	    00000000     00000000	   1	[      5]
514   	0     	     14	     condition14	    993.5469	   2335.94	    0.0	    00000000     00000000	   1	[       ]
515   	0     	      2	      condition2	    994.0625	    515.62	    0.0	    00000000     00000000	   1	[       ]
516   	0     	      5	    NegSmallDark	    995.7617	   1699.22	    0.0	    00000000     00000000	   1	[      2]
517   	0     	     11	 NeutSmallBright	    997.9531	   2191.41	    0.0	    00000000     00000000	   1	[      8]
518   	0     	      6	  NegLargeBright	    999.9961	   2042.97	    0.0	    00000000     00000000	   1	[      3]
519   	0     	      8	   NeutLargeDark	   1002.3203	   2324.22	    0.0	    00000000     00000000	   1	[      5]
520   	0     	      5	    NegSmallDark	   1004.6875	   2367.19	    0.0	    00000000     00000000	   1	[      2]
521   	0     	     10	 NeutLargeBright	   1007.0898	   2402.34	    0.0	    00000000     00000000	   1	[      7]
522   	0     	     11	 NeutSmallBright	   1009.4531	   2363.28	    0.0	    00000000     00000000	   1	[      8]
523   	0     	     10	 NeutLargeBright	   1011.8281	   2375.00	    0.0	    00000000     00000000	   1	[      7]
524   	0     	     10	 NeutLargeBright	   1014.1016	   2273.44	    0.0	    00000000     00000000	   1	[      7]
525   	0     	      6	  NegLargeBright	   1016.2852	   2183.59	    0.0	    00000000     00000000	   1	[      3]
526   	0     	     10	 NeutLargeBright	   1018.8203	   2535.16	    0.0	    00000000     00000000	   1	[      7]
527   	0     	      6	  NegLargeBright	   1021.2344	   2414.06	    0.0	    00000000     00000000	   1	[      3]
528   	0     	     11	 NeutSmallBright	   1023.4805	   2246.09	    0.0	    00000000     00000000	   1	[      8]
529   	0     	      7	  NegSmallBright	   1025.8633	   2382.81	    0.0	    00000000     00000000	   1	[      4]
530   	0     	     10	 NeutLargeBright	   1028.0664	   2203.12	    0.0	    00000000     00000000	   1	[      7]
531   	0     	     10	 NeutLargeBright	   1030.1797	   2113.28	    0.0	    00000000     00000000	   1	[      7]
532   	0     	      4	    NegLargeDark	   1032.3828	   2203.12	    0.0	    00000000     00000000	   1	[      1]
533   	0     	      7	  NegSmallBright	   1034.6797	   2296.88	    0.0	    00000000     00000000	   1	[      4]
534   	0     	      4	    NegLargeDark	   1036.8242	   2144.53	    0.0	    00000000     00000000	   1	[      1]
535   	0     	     14	     condition14	   1039.3164	   2492.19	    0.0	    00000000     00000000	   1	[       ]
536   	0     	      2	      condition2	   1039.9141	    597.66	    0.0	    00000000     00000000	   1	[       ]
537   	0     	      4	    NegLargeDark	   1041.6602	   1746.09	    0.0	    00000000     00000000	   1	[      1]
538   	0     	      7	  NegSmallBright	   1043.9062	   2246.09	    0.0	    00000000     00000000	   1	[      4]
539   	0     	      9	   NeutSmallDark	   1046.2383	   2332.03	    0.0	    00000000     00000000	   1	[      6]
540   	0     	      5	    NegSmallDark	   1048.3008	   2062.50	    0.0	    00000000     00000000	   1	[      2]
541   	0     	      6	  NegLargeBright	   1050.7773	   2476.56	    0.0	    00000000     00000000	   1	[      3]
542   	0     	      9	   NeutSmallDark	   1053.1602	   2382.81	    0.0	    00000000     00000000	   1	[      6]
543   	0     	      8	   NeutLargeDark	   1055.2148	   2054.69	    0.0	    00000000     00000000	   1	[      5]
544   	0     	      5	    NegSmallDark	   1057.2891	   2074.22	    0.0	    00000000     00000000	   1	[      2]
545   	0     	      5	    NegSmallDark	   1059.4414	   2152.34	    0.0	    00000000     00000000	   1	[      2]
546   	0     	      4	    NegLargeDark	   1061.8555	   2414.06	    0.0	    00000000     00000000	   1	[      1]
547   	0     	      7	  NegSmallBright	   1064.3711	   2515.62	    0.0	    00000000     00000000	   1	[      4]
548   	0     	     14	     condition14	   1066.4258	   2054.69	    0.0	    00000000     00000000	   1	[       ]
549   	0     	      2	      condition2	   1067.0625	    636.72	    0.0	    00000000     00000000	   1	[       ]
550   	0     	     15	     condition15	   1068.4961	   1433.59	    0.0	    00000000     00000000	   1	[       ]
551   	0     	      2	      condition2	   1069.0859	    589.84	    0.0	    00000000     00000000	   1	[       ]
552   	0     	      5	    NegSmallDark	   1070.9219	   1835.94	    0.0	    00000000     00000000	   1	[      2]
553   	0     	      9	   NeutSmallDark	   1073.4258	   2503.91	    0.0	    00000000     00000000	   1	[      6]
554   	0     	      9	   NeutSmallDark	   1075.9414	   2515.62	    0.0	    00000000     00000000	   1	[      6]
555   	0     	      9	   NeutSmallDark	   1078.2266	   2285.16	    0.0	    00000000     00000000	   1	[      6]
556   	0     	     10	 NeutLargeBright	   1080.2695	   2042.97	    0.0	    00000000     00000000	   1	[      7]
557   	0     	     14	     condition14	   1082.5625	   2292.97	    0.0	    00000000     00000000	   1	[       ]
558   	0     	      2	      condition2	   1083.2344	    671.88	    0.0	    00000000     00000000	   1	[       ]
559   	0     	      7	  NegSmallBright	   1084.9375	   1703.12	    0.0	    00000000     00000000	   1	[      4]
560   	0     	     11	 NeutSmallBright	   1087.4219	   2484.38	    0.0	    00000000     00000000	   1	[      8]
561   	0     	     11	 NeutSmallBright	   1089.7344	   2312.50	    0.0	    00000000     00000000	   1	[      8]
562   	0     	      6	  NegLargeBright	   1092.2695	   2535.16	    0.0	    00000000     00000000	   1	[      3]
563   	0     	     15	     condition15	   1094.3750	   2105.47	    0.0	    00000000     00000000	   1	[       ]
564   	0     	      2	      condition2	   1094.9492	    574.22	    0.0	    00000000     00000000	   1	[       ]
565   	0     	      7	  NegSmallBright	   1096.4961	   1546.88	    0.0	    00000000     00000000	   1	[      4]
566   	0     	     10	 NeutLargeBright	   1098.9805	   2484.38	    0.0	    00000000     00000000	   1	[      7]
567   	0     	      6	  NegLargeBright	   1101.0234	   2042.97	    0.0	    00000000     00000000	   1	[      3]
568   	0     	      4	    NegLargeDark	   1103.1992	   2175.78	    0.0	    00000000     00000000	   1	[      1]
569   	0     	      8	   NeutLargeDark	   1105.2539	   2054.69	    0.0	    00000000     00000000	   1	[      5]
570   	0     	     10	 NeutLargeBright	   1107.4453	   2191.41	    0.0	    00000000     00000000	   1	[      7]
571   	0     	      5	    NegSmallDark	   1109.6406	   2195.31	    0.0	    00000000     00000000	   1	[      2]
572   	0     	      9	   NeutSmallDark	   1111.9336	   2292.97	    0.0	    00000000     00000000	   1	[      6]
573   	0     	      4	    NegLargeDark	   1114.1094	   2175.78	    0.0	    00000000     00000000	   1	[      1]
574   	0     	    253	              ""	   1116.9531	   2843.75	    0.0	    00000000     00000000	   1	[       ]
575   	0     	     14	     condition14	   1117.9727	   1019.53	    0.0	    00000000     00000000	   1	[       ]
576   	0     	      2	      condition2	   1118.9062	    933.59	    0.0	    00000000     00000000	   1	[       ]
577   	0     	      9	   NeutSmallDark	   1120.0859	   1179.69	    0.0	    00000000     00000000	   1	[      6]
578   	0     	      9	   NeutSmallDark	   1122.5391	   2453.12	    0.0	    00000000     00000000	   1	[      6]
579   	0     	      5	    NegSmallDark	   1124.7930	   2253.91	    0.0	    00000000     00000000	   1	[      2]
580   	0     	      4	    NegLargeDark	   1126.9570	   2164.06	    0.0	    00000000     00000000	   1	[      1]
581   	0     	      6	  NegLargeBright	   1129.0938	   2136.72	    0.0	    00000000     00000000	   1	[      3]
582   	0     	      6	  NegLargeBright	   1131.2344	   2140.62	    0.0	    00000000     00000000	   1	[      3]
583   	0     	      9	   NeutSmallDark	   1133.3086	   2074.22	    0.0	    00000000     00000000	   1	[      6]
584   	0     	      7	  NegSmallBright	   1135.3633	   2054.69	    0.0	    00000000     00000000	   1	[      4]
585   	0     	      9	   NeutSmallDark	   1137.7656	   2402.34	    0.0	    00000000     00000000	   1	[      6]
586   	0     	      5	    NegSmallDark	   1139.9023	   2136.72	    0.0	    00000000     00000000	   1	[      2]
587   	0     	     11	 NeutSmallBright	   1141.9844	   2082.03	    0.0	    00000000     00000000	   1	[      8]
588   	0     	      7	  NegSmallBright	   1144.4570	   2472.66	    0.0	    00000000     00000000	   1	[      4]
589   	0     	      8	   NeutLargeDark	   1146.8945	   2437.50	    0.0	    00000000     00000000	   1	[      5]
590   	0     	      9	   NeutSmallDark	   1148.9961	   2101.56	    0.0	    00000000     00000000	   1	[      6]
591   	0     	      4	    NegLargeDark	   1151.0703	   2074.22	    0.0	    00000000     00000000	   1	[      1]
592   	0     	      6	  NegLargeBright	   1153.2344	   2164.06	    0.0	    00000000     00000000	   1	[      3]
593   	0     	      5	    NegSmallDark	   1155.5586	   2324.22	    0.0	    00000000     00000000	   1	[      2]
594   	0     	     11	 NeutSmallBright	   1158.0234	   2464.84	    0.0	    00000000     00000000	   1	[      8]
595   	0     	      4	    NegLargeDark	   1160.5469	   2523.44	    0.0	    00000000     00000000	   1	[      1]
596   	0     	      7	  NegSmallBright	   1162.9922	   2445.31	    0.0	    00000000     00000000	   1	[      4]
597   	0     	      8	   NeutLargeDark	   1165.3945	   2402.34	    0.0	    00000000     00000000	   1	[      5]
598   	0     	      4	    NegLargeDark	   1167.4805	   2085.94	    0.0	    00000000     00000000	   1	[      1]
599   	0     	      7	  NegSmallBright	   1169.6445	   2164.06	    0.0	    00000000     00000000	   1	[      4]
600   	0     	     10	 NeutLargeBright	   1172.1172	   2472.66	    0.0	    00000000     00000000	   1	[      7]
601   	0     	      8	   NeutLargeDark	   1174.3008	   2183.59	    0.0	    00000000     00000000	   1	[      5]
602   	0     	      5	    NegSmallDark	   1176.5039	   2203.12	    0.0	    00000000     00000000	   1	[      2]
603   	0     	      5	    NegSmallDark	   1178.6680	   2164.06	    0.0	    00000000     00000000	   1	[      2]
604   	0     	      5	    NegSmallDark	   1180.7812	   2113.28	    0.0	    00000000     00000000	   1	[      2]
605   	0     	     13	     condition13	   1183.2969	   2515.62	    0.0	    00000000     00000000	   1	[       ]
606   	0     	      2	      condition2	   1184.0039	    707.03	    0.0	    00000000     00000000	   1	[       ]
607   	0     	      4	    NegLargeDark	   1185.6211	   1617.19	    0.0	    00000000     00000000	   1	[      1]
608   	0     	      9	   NeutSmallDark	   1187.7734	   2152.34	    0.0	    00000000     00000000	   1	[      6]
609   	0     	     10	 NeutLargeBright	   1190.0391	   2265.62	    0.0	    00000000     00000000	   1	[      7]
610   	0     	      8	   NeutLargeDark	   1192.4336	   2394.53	    0.0	    00000000     00000000	   1	[      5]
611   	0     	      8	   NeutLargeDark	   1194.6680	   2234.38	    0.0	    00000000     00000000	   1	[      5]
612   	0     	     11	 NeutSmallBright	   1197.1523	   2484.38	    0.0	    00000000     00000000	   1	[      8]
613   	0     	     12	     condition12	   1199.2148	   2062.50	    0.0	    00000000     00000000	   1	[       ]
614   	0     	      2	      condition2	   1200.0547	    839.84	    0.0	    00000000     00000000	   1	[       ]
615   	0     	      4	    NegLargeDark	   1201.2891	   1234.38	    0.0	    00000000     00000000	   1	[      1]
616   	0     	     11	 NeutSmallBright	   1203.3633	   2074.22	    0.0	    00000000     00000000	   1	[      8]
617   	0     	      8	   NeutLargeDark	   1205.8984	   2535.16	    0.0	    00000000     00000000	   1	[      5]
618   	0     	      7	  NegSmallBright	   1208.1602	   2261.72	    0.0	    00000000     00000000	   1	[      4]
619   	0     	      7	  NegSmallBright	   1210.6641	   2503.91	    0.0	    00000000     00000000	   1	[      4]
620   	0     	      9	   NeutSmallDark	   1213.0703	   2406.25	    0.0	    00000000     00000000	   1	[      6]
621   	0     	     11	 NeutSmallBright	   1215.3242	   2253.91	    0.0	    00000000     00000000	   1	[      8]
622   	0     	      8	   NeutLargeDark	   1217.3672	   2042.97	    0.0	    00000000     00000000	   1	[      5]
623   	0     	     10	 NeutLargeBright	   1219.8828	   2515.62	    0.0	    00000000     00000000	   1	[      7]
624   	0     	      7	  NegSmallBright	   1221.9062	   2023.44	    0.0	    00000000     00000000	   1	[      4]
625   	0     	      2	      condition2	   1222.8008	    894.53	    0.0	    00000000     00000000	   1	[       ]
626   	0     	     10	 NeutLargeBright	   1224.0977	   1296.88	    0.0	    00000000     00000000	   1	[      7]
627   	0     	      5	    NegSmallDark	   1226.2930	   2195.31	    0.0	    00000000     00000000	   1	[      2]
628   	0     	      5	    NegSmallDark	   1228.4766	   2183.59	    0.0	    00000000     00000000	   1	[      2]
629   	0     	     12	     condition12	   1230.5898	   2113.28	    0.0	    00000000     00000000	   1	[       ]
630   	0     	      2	      condition2	   1231.1992	    609.38	    0.0	    00000000     00000000	   1	[       ]
631   	0     	      5	    NegSmallDark	   1233.1133	   1914.06	    0.0	    00000000     00000000	   1	[      2]
632   	0     	     11	 NeutSmallBright	   1235.6289	   2515.62	    0.0	    00000000     00000000	   1	[      8]
633   	0     	      6	  NegLargeBright	   1237.6914	   2062.50	    0.0	    00000000     00000000	   1	[      3]
634   	0     	      7	  NegSmallBright	   1239.9375	   2246.09	    0.0	    00000000     00000000	   1	[      4]
635   	0     	      6	  NegLargeBright	   1242.4805	   2542.97	    0.0	    00000000     00000000	   1	[      3]
636   	0     	      4	    NegLargeDark	   1244.6055	   2125.00	    0.0	    00000000     00000000	   1	[      1]
637   	0     	      7	  NegSmallBright	   1246.6992	   2093.75	    0.0	    00000000     00000000	   1	[      4]
638   	0     	     15	     condition15	   1249.0625	   2363.28	    0.0	    00000000     00000000	   1	[       ]
639   	0     	      2	      condition2	   1249.8320	    769.53	    0.0	    00000000     00000000	   1	[       ]
640   	0     	      8	   NeutLargeDark	   1251.2266	   1394.53	    0.0	    00000000     00000000	   1	[      5]
641   	0     	      9	   NeutSmallDark	   1253.3984	   2171.88	    0.0	    00000000     00000000	   1	[      6]
642   	0     	      8	   NeutLargeDark	   1255.5859	   2187.50	    0.0	    00000000     00000000	   1	[      5]
643   	0     	      6	  NegLargeBright	   1257.8984	   2312.50	    0.0	    00000000     00000000	   1	[      3]
644   	0     	      7	  NegSmallBright	   1260.3516	   2453.12	    0.0	    00000000     00000000	   1	[      4]
645   	0     	      8	   NeutLargeDark	   1262.8672	   2515.62	    0.0	    00000000     00000000	   1	[      5]
646   	0     	     10	 NeutLargeBright	   1265.3125	   2445.31	    0.0	    00000000     00000000	   1	[      7]
647   	0     	     11	 NeutSmallBright	   1267.7539	   2441.41	    0.0	    00000000     00000000	   1	[      8]
648   	0     	      7	  NegSmallBright	   1269.8086	   2054.69	    0.0	    00000000     00000000	   1	[      4]
649   	0     	      8	   NeutLargeDark	   1272.1328	   2324.22	    0.0	    00000000     00000000	   1	[      5]
650   	0     	      7	  NegSmallBright	   1274.4258	   2292.97	    0.0	    00000000     00000000	   1	[      4]
