#  Non-editable header begin --------------------------------------------------------------------------------
# 
#  data format...............: continuous
#  setname...................: BDF file
#  filename..................: none_specified
#  filepath..................: none_specified
#  nchan.....................: 64
#  pnts......................: 329728
#  srate.....................: 256
#  nevents...................: 644
#  generated by (bdf)........: 
#  generated by (set)........: BDF file
#  reported in ..............: 
#  prog Version..............: 8.02
#  creation date.............: 16-Nov-2020 14:29:15
#  user Account..............: 
# 
#  Non-editable header end --------------------------------------------------------------------------------

	bin 1,	# 60,	NegLargeDark
	bin 2,	# 60,	NegSmallDark
	bin 3,	# 60,	NegLargeBright
	bin 4,	# 60,	NegSmallBright
	bin 5,	# 60,	NeutLargeDark
	bin 6,	# 60,	NeutSmallDark
	bin 7,	# 60,	NeutLargeBright
	bin 8,	# 60,	NeutSmallBright



# item	 bepoch	  ecode	            label	      onset	          diff	     dura	b_flags	   a_flags	  enable	    bin
#                                                 (sec)           (msec)     (msec)    (binary)   (binary)


1     	0     	    253	              ""	      0.6094	      0.00	    0.0	    00000000     00000000	   1	[       ]
2     	0     	     10	 NeutLargeBright	      1.6172	   1007.81	    0.0	    00000000     00000000	   1	[      7]
3     	0     	      9	   NeutSmallDark	      4.0547	   2437.50	    0.0	    00000000     00000000	   1	[      6]
4     	0     	     13	     condition13	      6.3359	   2281.25	    0.0	    00000000     00000000	   1	[       ]
5     	0     	      2	      condition2	      6.7539	    417.97	    0.0	    00000000     00000000	   1	[       ]
6     	0     	      7	  NegSmallBright	      8.5312	   1777.34	    0.0	    00000000     00000000	   1	[      4]
7     	0     	      9	   NeutSmallDark	     10.8359	   2304.69	    0.0	    00000000     00000000	   1	[      6]
8     	0     	      5	    NegSmallDark	     12.9805	   2144.53	    0.0	    00000000     00000000	   1	[      2]
9     	0     	      9	   NeutSmallDark	     15.2539	   2273.44	    0.0	    00000000     00000000	   1	[      6]
10    	0     	      6	  NegLargeBright	     17.4570	   2203.12	    0.0	    00000000     00000000	   1	[      3]
11    	0     	      8	   NeutLargeDark	     19.9531	   2496.09	    0.0	    00000000     00000000	   1	[      5]
12    	0     	      6	  NegLargeBright	     22.3555	   2402.34	    0.0	    00000000     00000000	   1	[      3]
13    	0     	      6	  NegLargeBright	     24.4883	   2132.81	    0.0	    00000000     00000000	   1	[      3]
14    	0     	      5	    NegSmallDark	     26.5625	   2074.22	    0.0	    00000000     00000000	   1	[      2]
15    	0     	     14	     condition14	     28.6367	   2074.22	    0.0	    00000000     00000000	   1	[       ]
16    	0     	      2	      condition2	     29.0547	    417.97	    0.0	    00000000     00000000	   1	[       ]
17    	0     	      4	    NegLargeDark	     30.9414	   1886.72	    0.0	    00000000     00000000	   1	[      1]
18    	0     	     11	 NeutSmallBright	     33.4062	   2464.84	    0.0	    00000000     00000000	   1	[      8]
19    	0     	     12	     condition12	     35.6094	   2203.12	    0.0	    00000000     00000000	   1	[       ]
20    	0     	      2	      condition2	     36.3984	    789.06	    0.0	    00000000     00000000	   1	[       ]
21    	0     	      6	  NegLargeBright	     38.0430	   1644.53	    0.0	    00000000     00000000	   1	[      3]
22    	0     	     12	     condition12	     40.3281	   2285.16	    0.0	    00000000     00000000	   1	[       ]
23    	0     	      2	      condition2	     40.9609	    632.81	    0.0	    00000000     00000000	   1	[       ]
24    	0     	      9	   NeutSmallDark	     42.4922	   1531.25	    0.0	    00000000     00000000	   1	[      6]
25    	0     	     10	 NeutLargeBright	     44.5547	   2062.50	    0.0	    00000000     00000000	   1	[      7]
26    	0     	     13	     condition13	     47.0391	   2484.38	    0.0	    00000000     00000000	   1	[       ]
27    	0     	      2	      condition2	     47.8008	    761.72	    0.0	    00000000     00000000	   1	[       ]
28    	0     	      6	  NegLargeBright	     49.2344	   1433.59	    0.0	    00000000     00000000	   1	[      3]
29    	0     	      4	    NegLargeDark	     51.3281	   2093.75	    0.0	    00000000     00000000	   1	[      1]
30    	0     	      6	  NegLargeBright	     53.7695	   2441.41	    0.0	    00000000     00000000	   1	[      3]
31    	0     	     10	 NeutLargeBright	     56.1641	   2394.53	    0.0	    00000000     00000000	   1	[      7]
32    	0     	      8	   NeutLargeDark	     58.6172	   2453.12	    0.0	    00000000     00000000	   1	[      5]
33    	0     	     10	 NeutLargeBright	     60.7930	   2175.78	    0.0	    00000000     00000000	   1	[      7]
34    	0     	      7	  NegSmallBright	     62.8867	   2093.75	    0.0	    00000000     00000000	   1	[      4]
35    	0     	      9	   NeutSmallDark	     65.0391	   2152.34	    0.0	    00000000     00000000	   1	[      6]
36    	0     	      7	  NegSmallBright	     67.3945	   2355.47	    0.0	    00000000     00000000	   1	[      4]
37    	0     	      9	   NeutSmallDark	     69.6289	   2234.38	    0.0	    00000000     00000000	   1	[      6]
38    	0     	     11	 NeutSmallBright	     72.1211	   2492.19	    0.0	    00000000     00000000	   1	[      8]
39    	0     	      7	  NegSmallBright	     74.6172	   2496.09	    0.0	    00000000     00000000	   1	[      4]
40    	0     	     11	 NeutSmallBright	     77.0430	   2425.78	    0.0	    00000000     00000000	   1	[      8]
41    	0     	     10	 NeutLargeBright	     79.5469	   2503.91	    0.0	    00000000     00000000	   1	[      7]
42    	0     	      6	  NegLargeBright	     81.7695	   2222.66	    0.0	    00000000     00000000	   1	[      3]
43    	0     	      7	  NegSmallBright	     84.1133	   2343.75	    0.0	    00000000     00000000	   1	[      4]
44    	0     	      6	  NegLargeBright	     86.5391	   2425.78	    0.0	    00000000     00000000	   1	[      3]
45    	0     	     15	     condition15	     88.8203	   2281.25	    0.0	    00000000     00000000	   1	[       ]
46    	0     	      2	      condition2	     89.6211	    800.78	    0.0	    00000000     00000000	   1	[       ]
47    	0     	      7	  NegSmallBright	     91.2578	   1636.72	    0.0	    00000000     00000000	   1	[      4]
48    	0     	      4	    NegLargeDark	     93.4609	   2203.12	    0.0	    00000000     00000000	   1	[      1]
49    	0     	     11	 NeutSmallBright	     95.8750	   2414.06	    0.0	    00000000     00000000	   1	[      8]
50    	0     	     10	 NeutLargeBright	     98.0703	   2195.31	    0.0	    00000000     00000000	   1	[      7]
51    	0     	      8	   NeutLargeDark	    100.4141	   2343.75	    0.0	    00000000     00000000	   1	[      5]
52    	0     	      6	  NegLargeBright	    102.8555	   2441.41	    0.0	    00000000     00000000	   1	[      3]
53    	0     	     12	     condition12	    104.9609	   2105.47	    0.0	    00000000     00000000	   1	[       ]
54    	0     	      2	      condition2	    105.4609	    500.00	    0.0	    00000000     00000000	   1	[       ]
55    	0     	     15	     condition15	    107.2539	   1792.97	    0.0	    00000000     00000000	   1	[       ]
56    	0     	      2	      condition2	    107.7969	    542.97	    0.0	    00000000     00000000	   1	[       ]
57    	0     	      5	    NegSmallDark	    109.5078	   1710.94	    0.0	    00000000     00000000	   1	[      2]
58    	0     	      4	    NegLargeDark	    111.8320	   2324.22	    0.0	    00000000     00000000	   1	[      1]
59    	0     	      8	   NeutLargeDark	    114.3477	   2515.62	    0.0	    00000000     00000000	   1	[      5]
60    	0     	     15	     condition15	    116.6523	   2304.69	    0.0	    00000000     00000000	   1	[       ]
61    	0     	      2	      condition2	    117.4766	    824.22	    0.0	    00000000     00000000	   1	[       ]
62    	0     	     10	 NeutLargeBright	    118.7031	   1226.56	    0.0	    00000000     00000000	   1	[      7]
63    	0     	     15	     condition15	    120.7773	   2074.22	    0.0	    00000000     00000000	   1	[       ]
64    	0     	      2	      condition2	    121.3398	    562.50	    0.0	    00000000     00000000	   1	[       ]
65    	0     	      8	   NeutLargeDark	    122.8516	   1511.72	    0.0	    00000000     00000000	   1	[      5]
66    	0     	      9	   NeutSmallDark	    125.2344	   2382.81	    0.0	    00000000     00000000	   1	[      6]
67    	0     	     10	 NeutLargeBright	    127.4883	   2253.91	    0.0	    00000000     00000000	   1	[      7]
68    	0     	     12	     condition12	    129.9336	   2445.31	    0.0	    00000000     00000000	   1	[       ]
69    	0     	      2	      condition2	    130.4180	    484.38	    0.0	    00000000     00000000	   1	[       ]
70    	0     	     10	 NeutLargeBright	    132.2383	   1820.31	    0.0	    00000000     00000000	   1	[      7]
71    	0     	     14	     condition14	    134.6914	   2453.12	    0.0	    00000000     00000000	   1	[       ]
72    	0     	      2	      condition2	    135.8906	   1199.22	    0.0	    00000000     00000000	   1	[       ]
73    	0     	      5	    NegSmallDark	    137.0469	   1156.25	    0.0	    00000000     00000000	   1	[      2]
74    	0     	     15	     condition15	    139.3008	   2253.91	    0.0	    00000000     00000000	   1	[       ]
75    	0     	      2	      condition2	    139.9453	    644.53	    0.0	    00000000     00000000	   1	[       ]
76    	0     	     11	 NeutSmallBright	    141.4453	   1500.00	    0.0	    00000000     00000000	   1	[      8]
77    	0     	     11	 NeutSmallBright	    143.6680	   2222.66	    0.0	    00000000     00000000	   1	[      8]
78    	0     	      5	    NegSmallDark	    145.8125	   2144.53	    0.0	    00000000     00000000	   1	[      2]
79    	0     	     11	 NeutSmallBright	    148.2578	   2445.31	    0.0	    00000000     00000000	   1	[      8]
80    	0     	      5	    NegSmallDark	    150.6602	   2402.34	    0.0	    00000000     00000000	   1	[      2]
81    	0     	     15	     condition15	    152.7461	   2085.94	    0.0	    00000000     00000000	   1	[       ]
82    	0     	      2	      condition2	    153.5664	    820.31	    0.0	    00000000     00000000	   1	[       ]
83    	0     	     11	 NeutSmallBright	    155.0586	   1492.19	    0.0	    00000000     00000000	   1	[      8]
84    	0     	     14	     condition14	    157.4414	   2382.81	    0.0	    00000000     00000000	   1	[       ]
85    	0     	      2	      condition2	    157.9375	    496.09	    0.0	    00000000     00000000	   1	[       ]
86    	0     	      9	   NeutSmallDark	    159.9062	   1968.75	    0.0	    00000000     00000000	   1	[      6]
87    	0     	    253	              ""	    161.6094	   1703.12	    0.0	    00000000     00000000	   1	[       ]
88    	0     	      8	   NeutLargeDark	    162.6055	    996.09	    0.0	    00000000     00000000	   1	[      5]
89    	0     	      5	    NegSmallDark	    165.1211	   2515.62	    0.0	    00000000     00000000	   1	[      2]
90    	0     	      6	  NegLargeBright	    167.3047	   2183.59	    0.0	    00000000     00000000	   1	[      3]
91    	0     	      8	   NeutLargeDark	    169.7773	   2472.66	    0.0	    00000000     00000000	   1	[      5]
92    	0     	     11	 NeutSmallBright	    172.2734	   2496.09	    0.0	    00000000     00000000	   1	[      8]
93    	0     	      4	    NegLargeDark	    174.4961	   2222.66	    0.0	    00000000     00000000	   1	[      1]
94    	0     	      5	    NegSmallDark	    176.7109	   2214.84	    0.0	    00000000     00000000	   1	[      2]
95    	0     	     11	 NeutSmallBright	    178.8438	   2132.81	    0.0	    00000000     00000000	   1	[      8]
96    	0     	     10	 NeutLargeBright	    181.2578	   2414.06	    0.0	    00000000     00000000	   1	[      7]
97    	0     	     10	 NeutLargeBright	    183.7930	   2535.16	    0.0	    00000000     00000000	   1	[      7]
98    	0     	      6	  NegLargeBright	    185.9258	   2132.81	    0.0	    00000000     00000000	   1	[      3]
99    	0     	     10	 NeutLargeBright	    187.9609	   2035.16	    0.0	    00000000     00000000	   1	[      7]
100   	0     	      4	    NegLargeDark	    190.0820	   2121.09	    0.0	    00000000     00000000	   1	[      1]
101   	0     	      9	   NeutSmallDark	    192.2070	   2125.00	    0.0	    00000000     00000000	   1	[      6]
102   	0     	     11	 NeutSmallBright	    194.5000	   2292.97	    0.0	    00000000     00000000	   1	[      8]
103   	0     	     14	     condition14	    196.8047	   2304.69	    0.0	    00000000     00000000	   1	[       ]
104   	0     	      2	      condition2	    197.3828	    578.12	    0.0	    00000000     00000000	   1	[       ]
105   	0     	     11	 NeutSmallBright	    198.8906	   1507.81	    0.0	    00000000     00000000	   1	[      8]
106   	0     	      5	    NegSmallDark	    201.3828	   2492.19	    0.0	    00000000     00000000	   1	[      2]
107   	0     	      7	  NegSmallBright	    203.4961	   2113.28	    0.0	    00000000     00000000	   1	[      4]
108   	0     	      9	   NeutSmallDark	    205.7500	   2253.91	    0.0	    00000000     00000000	   1	[      6]
109   	0     	      5	    NegSmallDark	    208.0742	   2324.22	    0.0	    00000000     00000000	   1	[      2]
110   	0     	     11	 NeutSmallBright	    210.5312	   2457.03	    0.0	    00000000     00000000	   1	[      8]
111   	0     	     11	 NeutSmallBright	    212.9023	   2371.09	    0.0	    00000000     00000000	   1	[      8]
112   	0     	     12	     condition12	    215.2383	   2335.94	    0.0	    00000000     00000000	   1	[       ]
113   	0     	      4	    NegLargeDark	    217.3516	   2113.28	    0.0	    00000000     00000000	   1	[      1]
114   	0     	      5	    NegSmallDark	    219.7656	   2414.06	    0.0	    00000000     00000000	   1	[      2]
115   	0     	      4	    NegLargeDark	    221.8906	   2125.00	    0.0	    00000000     00000000	   1	[      1]
116   	0     	      6	  NegLargeBright	    224.3320	   2441.41	    0.0	    00000000     00000000	   1	[      3]
117   	0     	     10	 NeutLargeBright	    226.7188	   2386.72	    0.0	    00000000     00000000	   1	[      7]
118   	0     	     11	 NeutSmallBright	    229.2031	   2484.38	    0.0	    00000000     00000000	   1	[      8]
119   	0     	      4	    NegLargeDark	    231.5156	   2312.50	    0.0	    00000000     00000000	   1	[      1]
120   	0     	      7	  NegSmallBright	    233.9805	   2464.84	    0.0	    00000000     00000000	   1	[      4]
121   	0     	     10	 NeutLargeBright	    236.1250	   2144.53	    0.0	    00000000     00000000	   1	[      7]
122   	0     	      4	    NegLargeDark	    238.5703	   2445.31	    0.0	    00000000     00000000	   1	[      1]
123   	0     	     10	 NeutLargeBright	    240.7539	   2183.59	    0.0	    00000000     00000000	   1	[      7]
124   	0     	      7	  NegSmallBright	    242.8359	   2082.03	    0.0	    00000000     00000000	   1	[      4]
125   	0     	      6	  NegLargeBright	    245.1289	   2292.97	    0.0	    00000000     00000000	   1	[      3]
126   	0     	      5	    NegSmallDark	    247.4023	   2273.44	    0.0	    00000000     00000000	   1	[      2]
127   	0     	      4	    NegLargeDark	    249.8867	   2484.38	    0.0	    00000000     00000000	   1	[      1]
128   	0     	      7	  NegSmallBright	    252.1523	   2265.62	    0.0	    00000000     00000000	   1	[      4]
129   	0     	      4	    NegLargeDark	    254.6875	   2535.16	    0.0	    00000000     00000000	   1	[      1]
130   	0     	     12	     condition12	    257.2109	   2523.44	    0.0	    00000000     00000000	   1	[       ]
131   	0     	      2	      condition2	    257.8945	    683.59	    0.0	    00000000     00000000	   1	[       ]
132   	0     	      5	    NegSmallDark	    259.6250	   1730.47	    0.0	    00000000     00000000	   1	[      2]
133   	0     	     11	 NeutSmallBright	    261.9414	   2316.41	    0.0	    00000000     00000000	   1	[      8]
134   	0     	      5	    NegSmallDark	    264.1016	   2160.16	    0.0	    00000000     00000000	   1	[      2]
135   	0     	     10	 NeutLargeBright	    266.3672	   2265.62	    0.0	    00000000     00000000	   1	[      7]
136   	0     	      8	   NeutLargeDark	    268.4297	   2062.50	    0.0	    00000000     00000000	   1	[      5]
137   	0     	      5	    NegSmallDark	    270.4648	   2035.16	    0.0	    00000000     00000000	   1	[      2]
138   	0     	      7	  NegSmallBright	    272.8281	   2363.28	    0.0	    00000000     00000000	   1	[      4]
139   	0     	     10	 NeutLargeBright	    275.2422	   2414.06	    0.0	    00000000     00000000	   1	[      7]
140   	0     	     11	 NeutSmallBright	    277.4453	   2203.12	    0.0	    00000000     00000000	   1	[      8]
141   	0     	      4	    NegLargeDark	    279.6602	   2214.84	    0.0	    00000000     00000000	   1	[      1]
142   	0     	      7	  NegSmallBright	    282.0664	   2406.25	    0.0	    00000000     00000000	   1	[      4]
143   	0     	     10	 NeutLargeBright	    284.1797	   2113.28	    0.0	    00000000     00000000	   1	[      7]
144   	0     	     15	     condition15	    286.3516	   2171.88	    0.0	    00000000     00000000	   1	[       ]
145   	0     	      2	      condition2	    287.4180	   1066.41	    0.0	    00000000     00000000	   1	[       ]
146   	0     	      5	    NegSmallDark	    288.5156	   1097.66	    0.0	    00000000     00000000	   1	[      2]
147   	0     	     11	 NeutSmallBright	    290.8008	   2285.16	    0.0	    00000000     00000000	   1	[      8]
148   	0     	     10	 NeutLargeBright	    293.2148	   2414.06	    0.0	    00000000     00000000	   1	[      7]
149   	0     	     10	 NeutLargeBright	    295.2969	   2082.03	    0.0	    00000000     00000000	   1	[      7]
150   	0     	      6	  NegLargeBright	    297.6719	   2375.00	    0.0	    00000000     00000000	   1	[      3]
151   	0     	      9	   NeutSmallDark	    300.1484	   2476.56	    0.0	    00000000     00000000	   1	[      6]
152   	0     	     10	 NeutLargeBright	    302.3203	   2171.88	    0.0	    00000000     00000000	   1	[      7]
153   	0     	      5	    NegSmallDark	    304.6836	   2363.28	    0.0	    00000000     00000000	   1	[      2]
154   	0     	      5	    NegSmallDark	    306.9102	   2226.56	    0.0	    00000000     00000000	   1	[      2]
155   	0     	      5	    NegSmallDark	    309.1406	   2230.47	    0.0	    00000000     00000000	   1	[      2]
156   	0     	     11	 NeutSmallBright	    311.3047	   2164.06	    0.0	    00000000     00000000	   1	[      8]
157   	0     	     10	 NeutLargeBright	    313.3789	   2074.22	    0.0	    00000000     00000000	   1	[      7]
158   	0     	     14	     condition14	    315.5547	   2175.78	    0.0	    00000000     00000000	   1	[       ]
159   	0     	      2	      condition2	    316.1797	    625.00	    0.0	    00000000     00000000	   1	[       ]
160   	0     	     10	 NeutLargeBright	    317.7969	   1617.19	    0.0	    00000000     00000000	   1	[      7]
161   	0     	      9	   NeutSmallDark	    319.8906	   2093.75	    0.0	    00000000     00000000	   1	[      6]
162   	0     	    253	              ""	    321.2969	   1406.25	    0.0	    00000000     00000000	   1	[       ]
163   	0     	      7	  NegSmallBright	    322.2891	    992.19	    0.0	    00000000     00000000	   1	[      4]
164   	0     	     15	     condition15	    324.4258	   2136.72	    0.0	    00000000     00000000	   1	[       ]
165   	0     	      2	      condition2	    325.1133	    687.50	    0.0	    00000000     00000000	   1	[       ]
166   	0     	      7	  NegSmallBright	    326.6289	   1515.62	    0.0	    00000000     00000000	   1	[      4]
167   	0     	     13	     condition13	    328.9609	   2332.03	    0.0	    00000000     00000000	   1	[       ]
168   	0     	      2	      condition2	    329.4844	    523.44	    0.0	    00000000     00000000	   1	[       ]
169   	0     	     11	 NeutSmallBright	    330.9844	   1500.00	    0.0	    00000000     00000000	   1	[      8]
170   	0     	      5	    NegSmallDark	    333.3398	   2355.47	    0.0	    00000000     00000000	   1	[      2]
171   	0     	     11	 NeutSmallBright	    335.5547	   2214.84	    0.0	    00000000     00000000	   1	[      8]
172   	0     	     10	 NeutLargeBright	    337.9180	   2363.28	    0.0	    00000000     00000000	   1	[      7]
173   	0     	      7	  NegSmallBright	    340.4141	   2496.09	    0.0	    00000000     00000000	   1	[      4]
174   	0     	     11	 NeutSmallBright	    342.7070	   2292.97	    0.0	    00000000     00000000	   1	[      8]
175   	0     	      5	    NegSmallDark	    345.0000	   2292.97	    0.0	    00000000     00000000	   1	[      2]
176   	0     	     11	 NeutSmallBright	    347.3555	   2355.47	    0.0	    00000000     00000000	   1	[      8]
177   	0     	     11	 NeutSmallBright	    349.8477	   2492.19	    0.0	    00000000     00000000	   1	[      8]
178   	0     	     13	     condition13	    352.3633	   2515.62	    0.0	    00000000     00000000	   1	[       ]
179   	0     	      2	      condition2	    352.8203	    457.03	    0.0	    00000000     00000000	   1	[       ]
180   	0     	      7	  NegSmallBright	    354.4688	   1648.44	    0.0	    00000000     00000000	   1	[      4]
181   	0     	     10	 NeutLargeBright	    356.9922	   2523.44	    0.0	    00000000     00000000	   1	[      7]
182   	0     	      8	   NeutLargeDark	    359.0547	   2062.50	    0.0	    00000000     00000000	   1	[      5]
183   	0     	      5	    NegSmallDark	    361.5195	   2464.84	    0.0	    00000000     00000000	   1	[      2]
184   	0     	      7	  NegSmallBright	    363.7422	   2222.66	    0.0	    00000000     00000000	   1	[      4]
185   	0     	     11	 NeutSmallBright	    365.9375	   2195.31	    0.0	    00000000     00000000	   1	[      8]
186   	0     	     10	 NeutLargeBright	    368.2305	   2292.97	    0.0	    00000000     00000000	   1	[      7]
187   	0     	      5	    NegSmallDark	    370.6562	   2425.78	    0.0	    00000000     00000000	   1	[      2]
188   	0     	      5	    NegSmallDark	    372.8984	   2242.19	    0.0	    00000000     00000000	   1	[      2]
189   	0     	      7	  NegSmallBright	    375.4023	   2503.91	    0.0	    00000000     00000000	   1	[      4]
190   	0     	      6	  NegLargeBright	    377.8594	   2457.03	    0.0	    00000000     00000000	   1	[      3]
191   	0     	      6	  NegLargeBright	    380.0820	   2222.66	    0.0	    00000000     00000000	   1	[      3]
192   	0     	     12	     condition12	    382.1562	   2074.22	    0.0	    00000000     00000000	   1	[       ]
193   	0     	      2	      condition2	    383.1953	   1039.06	    0.0	    00000000     00000000	   1	[       ]
194   	0     	      7	  NegSmallBright	    384.4492	   1253.91	    0.0	    00000000     00000000	   1	[      4]
195   	0     	     10	 NeutLargeBright	    386.5234	   2074.22	    0.0	    00000000     00000000	   1	[      7]
196   	0     	      6	  NegLargeBright	    388.6484	   2125.00	    0.0	    00000000     00000000	   1	[      3]
197   	0     	      4	    NegLargeDark	    391.1016	   2453.12	    0.0	    00000000     00000000	   1	[      1]
198   	0     	      5	    NegSmallDark	    393.1250	   2023.44	    0.0	    00000000     00000000	   1	[      2]
199   	0     	      7	  NegSmallBright	    395.2773	   2152.34	    0.0	    00000000     00000000	   1	[      4]
200   	0     	      4	    NegLargeDark	    397.7930	   2515.62	    0.0	    00000000     00000000	   1	[      1]
201   	0     	      9	   NeutSmallDark	    399.8164	   2023.44	    0.0	    00000000     00000000	   1	[      6]
202   	0     	     11	 NeutSmallBright	    402.1523	   2335.94	    0.0	    00000000     00000000	   1	[      8]
203   	0     	      4	    NegLargeDark	    404.4062	   2253.91	    0.0	    00000000     00000000	   1	[      1]
204   	0     	      8	   NeutLargeDark	    406.8984	   2492.19	    0.0	    00000000     00000000	   1	[      5]
205   	0     	      9	   NeutSmallDark	    409.1641	   2265.62	    0.0	    00000000     00000000	   1	[      6]
206   	0     	      7	  NegSmallBright	    411.1953	   2031.25	    0.0	    00000000     00000000	   1	[      4]
207   	0     	      7	  NegSmallBright	    413.5508	   2355.47	    0.0	    00000000     00000000	   1	[      4]
208   	0     	      9	   NeutSmallDark	    415.8359	   2285.16	    0.0	    00000000     00000000	   1	[      6]
209   	0     	      6	  NegLargeBright	    418.3711	   2535.16	    0.0	    00000000     00000000	   1	[      3]
210   	0     	      9	   NeutSmallDark	    420.8242	   2453.12	    0.0	    00000000     00000000	   1	[      6]
211   	0     	      7	  NegSmallBright	    422.8984	   2074.22	    0.0	    00000000     00000000	   1	[      4]
212   	0     	     10	 NeutLargeBright	    425.3633	   2464.84	    0.0	    00000000     00000000	   1	[      7]
213   	0     	      4	    NegLargeDark	    427.4570	   2093.75	    0.0	    00000000     00000000	   1	[      1]
214   	0     	      4	    NegLargeDark	    429.6875	   2230.47	    0.0	    00000000     00000000	   1	[      1]
215   	0     	     12	     condition12	    432.1445	   2457.03	    0.0	    00000000     00000000	   1	[       ]
216   	0     	      2	      condition2	    432.7930	    648.44	    0.0	    00000000     00000000	   1	[       ]
217   	0     	     11	 NeutSmallBright	    434.2383	   1445.31	    0.0	    00000000     00000000	   1	[      8]
218   	0     	      4	    NegLargeDark	    436.3125	   2074.22	    0.0	    00000000     00000000	   1	[      1]
219   	0     	      6	  NegLargeBright	    438.6836	   2371.09	    0.0	    00000000     00000000	   1	[      3]
220   	0     	     13	     condition13	    441.0703	   2386.72	    0.0	    00000000     00000000	   1	[       ]
221   	0     	      2	      condition2	    441.8359	    765.62	    0.0	    00000000     00000000	   1	[       ]
222   	0     	      5	    NegSmallDark	    443.4531	   1617.19	    0.0	    00000000     00000000	   1	[      2]
223   	0     	     13	     condition13	    445.8359	   2382.81	    0.0	    00000000     00000000	   1	[       ]
224   	0     	      9	   NeutSmallDark	    448.1836	   2347.66	    0.0	    00000000     00000000	   1	[      6]
225   	0     	     15	     condition15	    450.2539	   2070.31	    0.0	    00000000     00000000	   1	[       ]
226   	0     	      2	      condition2	    450.9258	    671.88	    0.0	    00000000     00000000	   1	[       ]
227   	0     	      4	    NegLargeDark	    452.7383	   1812.50	    0.0	    00000000     00000000	   1	[      1]
228   	0     	     14	     condition14	    455.1250	   2386.72	    0.0	    00000000     00000000	   1	[       ]
229   	0     	      2	      condition2	    455.6406	    515.62	    0.0	    00000000     00000000	   1	[       ]
230   	0     	      9	   NeutSmallDark	    457.1875	   1546.88	    0.0	    00000000     00000000	   1	[      6]
231   	0     	      9	   NeutSmallDark	    459.6523	   2464.84	    0.0	    00000000     00000000	   1	[      6]
232   	0     	     11	 NeutSmallBright	    462.1680	   2515.62	    0.0	    00000000     00000000	   1	[      8]
233   	0     	     14	     condition14	    464.2500	   2082.03	    0.0	    00000000     00000000	   1	[       ]
234   	0     	      2	      condition2	    465.0195	    769.53	    0.0	    00000000     00000000	   1	[       ]
235   	0     	     11	 NeutSmallBright	    466.7344	   1714.84	    0.0	    00000000     00000000	   1	[      8]
236   	0     	      8	   NeutLargeDark	    468.9062	   2171.88	    0.0	    00000000     00000000	   1	[      5]
237   	0     	      8	   NeutLargeDark	    471.0820	   2175.78	    0.0	    00000000     00000000	   1	[      5]
238   	0     	      6	  NegLargeBright	    473.5156	   2433.59	    0.0	    00000000     00000000	   1	[      3]
239   	0     	      6	  NegLargeBright	    476.0117	   2496.09	    0.0	    00000000     00000000	   1	[      3]
240   	0     	     11	 NeutSmallBright	    478.3945	   2382.81	    0.0	    00000000     00000000	   1	[      8]
241   	0     	      5	    NegSmallDark	    480.8594	   2464.84	    0.0	    00000000     00000000	   1	[      2]
242   	0     	    253	              ""	    483.5000	   2640.62	    0.0	    00000000     00000000	   1	[       ]
243   	0     	      6	  NegLargeBright	    484.5156	   1015.62	    0.0	    00000000     00000000	   1	[      3]
244   	0     	     10	 NeutLargeBright	    487.0508	   2535.16	    0.0	    00000000     00000000	   1	[      7]
245   	0     	      7	  NegSmallBright	    489.4727	   2421.88	    0.0	    00000000     00000000	   1	[      4]
246   	0     	      9	   NeutSmallDark	    491.5469	   2074.22	    0.0	    00000000     00000000	   1	[      6]
247   	0     	      5	    NegSmallDark	    493.7109	   2164.06	    0.0	    00000000     00000000	   1	[      2]
248   	0     	      8	   NeutLargeDark	    496.2461	   2535.16	    0.0	    00000000     00000000	   1	[      5]
249   	0     	      9	   NeutSmallDark	    498.5078	   2261.72	    0.0	    00000000     00000000	   1	[      6]
250   	0     	      8	   NeutLargeDark	    500.9141	   2406.25	    0.0	    00000000     00000000	   1	[      5]
251   	0     	      8	   NeutLargeDark	    503.2773	   2363.28	    0.0	    00000000     00000000	   1	[      5]
252   	0     	      6	  NegLargeBright	    505.4609	   2183.59	    0.0	    00000000     00000000	   1	[      3]
253   	0     	      7	  NegSmallBright	    507.7734	   2312.50	    0.0	    00000000     00000000	   1	[      4]
254   	0     	     14	     condition14	    509.8789	   2105.47	    0.0	    00000000     00000000	   1	[       ]
255   	0     	      2	      condition2	    510.6602	    781.25	    0.0	    00000000     00000000	   1	[       ]
256   	0     	      9	   NeutSmallDark	    512.1914	   1531.25	    0.0	    00000000     00000000	   1	[      6]
257   	0     	     10	 NeutLargeBright	    514.7188	   2527.34	    0.0	    00000000     00000000	   1	[      7]
258   	0     	      7	  NegSmallBright	    517.2227	   2503.91	    0.0	    00000000     00000000	   1	[      4]
259   	0     	      5	    NegSmallDark	    519.5977	   2375.00	    0.0	    00000000     00000000	   1	[      2]
260   	0     	      4	    NegLargeDark	    521.6992	   2101.56	    0.0	    00000000     00000000	   1	[      1]
261   	0     	      6	  NegLargeBright	    523.7422	   2042.97	    0.0	    00000000     00000000	   1	[      3]
262   	0     	      9	   NeutSmallDark	    525.9453	   2203.12	    0.0	    00000000     00000000	   1	[      6]
263   	0     	     14	     condition14	    528.3906	   2445.31	    0.0	    00000000     00000000	   1	[       ]
264   	0     	      2	      condition2	    528.9883	    597.66	    0.0	    00000000     00000000	   1	[       ]
265   	0     	      8	   NeutLargeDark	    530.6367	   1648.44	    0.0	    00000000     00000000	   1	[      5]
266   	0     	     15	     condition15	    532.8398	   2203.12	    0.0	    00000000     00000000	   1	[       ]
267   	0     	      2	      condition2	    533.7852	    945.31	    0.0	    00000000     00000000	   1	[       ]
268   	0     	     11	 NeutSmallBright	    535.2539	   1468.75	    0.0	    00000000     00000000	   1	[      8]
269   	0     	      6	  NegLargeBright	    537.6094	   2355.47	    0.0	    00000000     00000000	   1	[      3]
270   	0     	      7	  NegSmallBright	    540.0312	   2421.88	    0.0	    00000000     00000000	   1	[      4]
271   	0     	     10	 NeutLargeBright	    542.5156	   2484.38	    0.0	    00000000     00000000	   1	[      7]
272   	0     	      4	    NegLargeDark	    544.9609	   2445.31	    0.0	    00000000     00000000	   1	[      1]
273   	0     	      4	    NegLargeDark	    547.2461	   2285.16	    0.0	    00000000     00000000	   1	[      1]
274   	0     	      8	   NeutLargeDark	    549.6875	   2441.41	    0.0	    00000000     00000000	   1	[      5]
275   	0     	     14	     condition14	    551.8711	   2183.59	    0.0	    00000000     00000000	   1	[       ]
276   	0     	      2	      condition2	    553.3906	   1519.53	    0.0	    00000000     00000000	   1	[       ]
277   	0     	      4	    NegLargeDark	    553.9648	    574.22	    0.0	    00000000     00000000	   1	[      1]
278   	0     	      6	  NegLargeBright	    556.1406	   2175.78	    0.0	    00000000     00000000	   1	[      3]
279   	0     	      4	    NegLargeDark	    558.2031	   2062.50	    0.0	    00000000     00000000	   1	[      1]
280   	0     	     10	 NeutLargeBright	    560.4961	   2292.97	    0.0	    00000000     00000000	   1	[      7]
281   	0     	      2	      condition2	    561.0547	    558.59	    0.0	    00000000     00000000	   1	[       ]
282   	0     	      8	   NeutLargeDark	    563.0234	   1968.75	    0.0	    00000000     00000000	   1	[      5]
283   	0     	     11	 NeutSmallBright	    565.2070	   2183.59	    0.0	    00000000     00000000	   1	[      8]
284   	0     	     10	 NeutLargeBright	    567.3398	   2132.81	    0.0	    00000000     00000000	   1	[      7]
285   	0     	     14	     condition14	    569.7734	   2433.59	    0.0	    00000000     00000000	   1	[       ]
286   	0     	      2	      condition2	    570.4219	    648.44	    0.0	    00000000     00000000	   1	[       ]
287   	0     	     14	     condition14	    572.1367	   1714.84	    0.0	    00000000     00000000	   1	[       ]
288   	0     	      2	      condition2	    572.7383	    601.56	    0.0	    00000000     00000000	   1	[       ]
289   	0     	     10	 NeutLargeBright	    574.6523	   1914.06	    0.0	    00000000     00000000	   1	[      7]
290   	0     	      5	    NegSmallDark	    576.8477	   2195.31	    0.0	    00000000     00000000	   1	[      2]
291   	0     	      4	    NegLargeDark	    579.1406	   2292.97	    0.0	    00000000     00000000	   1	[      1]
292   	0     	      5	    NegSmallDark	    581.5156	   2375.00	    0.0	    00000000     00000000	   1	[      2]
293   	0     	     14	     condition14	    583.6367	   2121.09	    0.0	    00000000     00000000	   1	[       ]
294   	0     	      2	      condition2	    584.3281	    691.41	    0.0	    00000000     00000000	   1	[       ]
295   	0     	     10	 NeutLargeBright	    585.8828	   1554.69	    0.0	    00000000     00000000	   1	[      7]
296   	0     	      9	   NeutSmallDark	    588.1055	   2222.66	    0.0	    00000000     00000000	   1	[      6]
297   	0     	     10	 NeutLargeBright	    590.6094	   2503.91	    0.0	    00000000     00000000	   1	[      7]
298   	0     	     10	 NeutLargeBright	    592.8945	   2285.16	    0.0	    00000000     00000000	   1	[      7]
299   	0     	     11	 NeutSmallBright	    595.3906	   2496.09	    0.0	    00000000     00000000	   1	[      8]
300   	0     	     11	 NeutSmallBright	    597.7617	   2371.09	    0.0	    00000000     00000000	   1	[      8]
301   	0     	      5	    NegSmallDark	    600.0273	   2265.62	    0.0	    00000000     00000000	   1	[      2]
302   	0     	     11	 NeutSmallBright	    602.2109	   2183.59	    0.0	    00000000     00000000	   1	[      8]
303   	0     	     10	 NeutLargeBright	    604.5742	   2363.28	    0.0	    00000000     00000000	   1	[      7]
304   	0     	      7	  NegSmallBright	    607.0508	   2476.56	    0.0	    00000000     00000000	   1	[      4]
305   	0     	     10	 NeutLargeBright	    609.3242	   2273.44	    0.0	    00000000     00000000	   1	[      7]
306   	0     	      4	    NegLargeDark	    611.7891	   2464.84	    0.0	    00000000     00000000	   1	[      1]
307   	0     	      5	    NegSmallDark	    614.0312	   2242.19	    0.0	    00000000     00000000	   1	[      2]
308   	0     	      8	   NeutLargeDark	    616.4062	   2375.00	    0.0	    00000000     00000000	   1	[      5]
309   	0     	     13	     condition13	    618.6719	   2265.62	    0.0	    00000000     00000000	   1	[       ]
310   	0     	      2	      condition2	    619.3242	    652.34	    0.0	    00000000     00000000	   1	[       ]
311   	0     	      6	  NegLargeBright	    620.9258	   1601.56	    0.0	    00000000     00000000	   1	[      3]
312   	0     	     10	 NeutLargeBright	    623.0469	   2121.09	    0.0	    00000000     00000000	   1	[      7]
313   	0     	     10	 NeutLargeBright	    625.5430	   2496.09	    0.0	    00000000     00000000	   1	[      7]
314   	0     	      5	    NegSmallDark	    627.9180	   2375.00	    0.0	    00000000     00000000	   1	[      2]
315   	0     	      4	    NegLargeDark	    630.0312	   2113.28	    0.0	    00000000     00000000	   1	[      1]
316   	0     	      7	  NegSmallBright	    632.4023	   2371.09	    0.0	    00000000     00000000	   1	[      4]
317   	0     	     15	     condition15	    634.5781	   2175.78	    0.0	    00000000     00000000	   1	[       ]
318   	0     	      2	      condition2	    635.0547	    476.56	    0.0	    00000000     00000000	   1	[       ]
319   	0     	      4	    NegLargeDark	    637.0234	   1968.75	    0.0	    00000000     00000000	   1	[      1]
320   	0     	      6	  NegLargeBright	    639.2461	   2222.66	    0.0	    00000000     00000000	   1	[      3]
321   	0     	     10	 NeutLargeBright	    641.7188	   2472.66	    0.0	    00000000     00000000	   1	[      7]
322   	0     	      8	   NeutLargeDark	    643.8242	   2105.47	    0.0	    00000000     00000000	   1	[      5]
323   	0     	      6	  NegLargeBright	    646.6328	   2808.59	    0.0	    00000000     00000000	   1	[      3]
324   	0     	      7	  NegSmallBright	    648.7188	   2085.94	    0.0	    00000000     00000000	   1	[      4]
325   	0     	      4	    NegLargeDark	    651.1914	   2472.66	    0.0	    00000000     00000000	   1	[      1]
326   	0     	     11	 NeutSmallBright	    653.5156	   2324.22	    0.0	    00000000     00000000	   1	[      8]
327   	0     	     10	 NeutLargeBright	    655.6992	   2183.59	    0.0	    00000000     00000000	   1	[      7]
328   	0     	      4	    NegLargeDark	    658.1328	   2433.59	    0.0	    00000000     00000000	   1	[      1]
329   	0     	      5	    NegSmallDark	    660.4492	   2316.41	    0.0	    00000000     00000000	   1	[      2]
330   	0     	     12	     condition12	    662.8516	   2402.34	    0.0	    00000000     00000000	   1	[       ]
331   	0     	      2	      condition2	    663.3750	    523.44	    0.0	    00000000     00000000	   1	[       ]
332   	0     	     12	     condition12	    665.1953	   1820.31	    0.0	    00000000     00000000	   1	[       ]
333   	0     	      2	      condition2	    666.6680	   1472.66	    0.0	    00000000     00000000	   1	[       ]
334   	0     	     10	 NeutLargeBright	    667.6289	    960.94	    0.0	    00000000     00000000	   1	[      7]
335   	0     	     11	 NeutSmallBright	    669.7734	   2144.53	    0.0	    00000000     00000000	   1	[      8]
336   	0     	      5	    NegSmallDark	    672.0898	   2316.41	    0.0	    00000000     00000000	   1	[      2]
337   	0     	     11	 NeutSmallBright	    674.2617	   2171.88	    0.0	    00000000     00000000	   1	[      8]
338   	0     	      9	   NeutSmallDark	    676.6875	   2425.78	    0.0	    00000000     00000000	   1	[      6]
339   	0     	      6	  NegLargeBright	    678.8516	   2164.06	    0.0	    00000000     00000000	   1	[      3]
340   	0     	      8	   NeutLargeDark	    681.0742	   2222.66	    0.0	    00000000     00000000	   1	[      5]
341   	0     	     15	     condition15	    683.5703	   2496.09	    0.0	    00000000     00000000	   1	[       ]
342   	0     	      2	      condition2	    684.2734	    703.12	    0.0	    00000000     00000000	   1	[       ]
343   	0     	      8	   NeutLargeDark	    685.6133	   1339.84	    0.0	    00000000     00000000	   1	[      5]
344   	0     	     10	 NeutLargeBright	    687.9648	   2351.56	    0.0	    00000000     00000000	   1	[      7]
345   	0     	     13	     condition13	    690.2188	   2253.91	    0.0	    00000000     00000000	   1	[       ]
346   	0     	      2	      condition2	    690.6875	    468.75	    0.0	    00000000     00000000	   1	[       ]
347   	0     	      7	  NegSmallBright	    692.3945	   1707.03	    0.0	    00000000     00000000	   1	[      4]
348   	0     	      8	   NeutLargeDark	    694.5469	   2152.34	    0.0	    00000000     00000000	   1	[      5]
349   	0     	     14	     condition14	    697.0039	   2457.03	    0.0	    00000000     00000000	   1	[       ]
350   	0     	      2	      condition2	    697.6797	    675.78	    0.0	    00000000     00000000	   1	[       ]
351   	0     	      7	  NegSmallBright	    699.1758	   1496.09	    0.0	    00000000     00000000	   1	[      4]
352   	0     	      4	    NegLargeDark	    701.2305	   2054.69	    0.0	    00000000     00000000	   1	[      1]
353   	0     	      7	  NegSmallBright	    703.6445	   2414.06	    0.0	    00000000     00000000	   1	[      4]
354   	0     	      4	    NegLargeDark	    705.7656	   2121.09	    0.0	    00000000     00000000	   1	[      1]
355   	0     	      4	    NegLargeDark	    707.8828	   2117.19	    0.0	    00000000     00000000	   1	[      1]
356   	0     	      9	   NeutSmallDark	    710.4062	   2523.44	    0.0	    00000000     00000000	   1	[      6]
357   	0     	      4	    NegLargeDark	    712.7188	   2312.50	    0.0	    00000000     00000000	   1	[      1]
358   	0     	     12	     condition12	    714.8516	   2132.81	    0.0	    00000000     00000000	   1	[       ]
359   	0     	      2	      condition2	    715.3398	    488.28	    0.0	    00000000     00000000	   1	[       ]
360   	0     	      5	    NegSmallDark	    717.0156	   1675.78	    0.0	    00000000     00000000	   1	[      2]
361   	0     	      6	  NegLargeBright	    719.4805	   2464.84	    0.0	    00000000     00000000	   1	[      3]
362   	0     	      5	    NegSmallDark	    721.6836	   2203.12	    0.0	    00000000     00000000	   1	[      2]
363   	0     	      6	  NegLargeBright	    723.8984	   2214.84	    0.0	    00000000     00000000	   1	[      3]
364   	0     	      4	    NegLargeDark	    726.2422	   2343.75	    0.0	    00000000     00000000	   1	[      1]
365   	0     	     11	 NeutSmallBright	    728.2852	   2042.97	    0.0	    00000000     00000000	   1	[      8]
366   	0     	      6	  NegLargeBright	    730.4414	   2156.25	    0.0	    00000000     00000000	   1	[      3]
367   	0     	      6	  NegLargeBright	    732.8047	   2363.28	    0.0	    00000000     00000000	   1	[      3]
368   	0     	      5	    NegSmallDark	    735.1875	   2382.81	    0.0	    00000000     00000000	   1	[      2]
369   	0     	     11	 NeutSmallBright	    737.4727	   2285.16	    0.0	    00000000     00000000	   1	[      8]
370   	0     	      7	  NegSmallBright	    739.5352	   2062.50	    0.0	    00000000     00000000	   1	[      4]
371   	0     	     13	     condition13	    741.6289	   2093.75	    0.0	    00000000     00000000	   1	[       ]
372   	0     	      2	      condition2	    742.2461	    617.19	    0.0	    00000000     00000000	   1	[       ]
373   	0     	      8	   NeutLargeDark	    743.6836	   1437.50	    0.0	    00000000     00000000	   1	[      5]
374   	0     	      7	  NegSmallBright	    746.1289	   2445.31	    0.0	    00000000     00000000	   1	[      4]
375   	0     	     15	     condition15	    748.5508	   2421.88	    0.0	    00000000     00000000	   1	[       ]
376   	0     	      2	      condition2	    749.2109	    660.16	    0.0	    00000000     00000000	   1	[       ]
377   	0     	      8	   NeutLargeDark	    750.7656	   1554.69	    0.0	    00000000     00000000	   1	[      5]
378   	0     	      9	   NeutSmallDark	    753.1406	   2375.00	    0.0	    00000000     00000000	   1	[      6]
379   	0     	      6	  NegLargeBright	    755.4961	   2355.47	    0.0	    00000000     00000000	   1	[      3]
380   	0     	      7	  NegSmallBright	    757.9180	   2421.88	    0.0	    00000000     00000000	   1	[      4]
381   	0     	      8	   NeutLargeDark	    760.1133	   2195.31	    0.0	    00000000     00000000	   1	[      5]
382   	0     	      4	    NegLargeDark	    762.3164	   2203.12	    0.0	    00000000     00000000	   1	[      1]
383   	0     	     11	 NeutSmallBright	    764.7227	   2406.25	    0.0	    00000000     00000000	   1	[      8]
384   	0     	     13	     condition13	    766.9336	   2210.94	    0.0	    00000000     00000000	   1	[       ]
385   	0     	      2	      condition2	    767.5195	    585.94	    0.0	    00000000     00000000	   1	[       ]
386   	0     	      7	  NegSmallBright	    769.1797	   1660.16	    0.0	    00000000     00000000	   1	[      4]
387   	0     	     11	 NeutSmallBright	    771.4141	   2234.38	    0.0	    00000000     00000000	   1	[      8]
388   	0     	      9	   NeutSmallDark	    773.6250	   2210.94	    0.0	    00000000     00000000	   1	[      6]
389   	0     	      6	  NegLargeBright	    776.1016	   2476.56	    0.0	    00000000     00000000	   1	[      3]
390   	0     	      7	  NegSmallBright	    778.4453	   2343.75	    0.0	    00000000     00000000	   1	[      4]
391   	0     	     10	 NeutLargeBright	    780.6484	   2203.12	    0.0	    00000000     00000000	   1	[      7]
392   	0     	     12	     condition12	    782.9219	   2273.44	    0.0	    00000000     00000000	   1	[       ]
393   	0     	      2	      condition2	    783.4766	    554.69	    0.0	    00000000     00000000	   1	[       ]
394   	0     	      7	  NegSmallBright	    785.2383	   1761.72	    0.0	    00000000     00000000	   1	[      4]
395   	0     	     14	     condition14	    787.3711	   2132.81	    0.0	    00000000     00000000	   1	[       ]
396   	0     	      2	      condition2	    787.9102	    539.06	    0.0	    00000000     00000000	   1	[       ]
397   	0     	     10	 NeutLargeBright	    789.5547	   1644.53	    0.0	    00000000     00000000	   1	[      7]
398   	0     	      5	    NegSmallDark	    791.7578	   2203.12	    0.0	    00000000     00000000	   1	[      2]
399   	0     	      8	   NeutLargeDark	    794.0234	   2265.62	    0.0	    00000000     00000000	   1	[      5]
400   	0     	     15	     condition15	    796.0664	   2042.97	    0.0	    00000000     00000000	   1	[       ]
401   	0     	      2	      condition2	    796.6133	    546.88	    0.0	    00000000     00000000	   1	[       ]
402   	0     	      8	   NeutLargeDark	    798.3984	   1785.16	    0.0	    00000000     00000000	   1	[      5]
403   	0     	      4	    NegLargeDark	    800.5039	   2105.47	    0.0	    00000000     00000000	   1	[      1]
404   	0     	      9	   NeutSmallDark	    802.5391	   2035.16	    0.0	    00000000     00000000	   1	[      6]
405   	0     	    253	              ""	    804.5469	   2007.81	    0.0	    00000000     00000000	   1	[       ]
406   	0     	      6	  NegLargeBright	    805.5547	   1007.81	    0.0	    00000000     00000000	   1	[      3]
407   	0     	      7	  NegSmallBright	    807.9414	   2386.72	    0.0	    00000000     00000000	   1	[      4]
408   	0     	      5	    NegSmallDark	    810.1055	   2164.06	    0.0	    00000000     00000000	   1	[      2]
409   	0     	     14	     condition14	    812.4688	   2363.28	    0.0	    00000000     00000000	   1	[       ]
410   	0     	      2	      condition2	    813.0508	    582.03	    0.0	    00000000     00000000	   1	[       ]
411   	0     	      9	   NeutSmallDark	    814.8633	   1812.50	    0.0	    00000000     00000000	   1	[      6]
412   	0     	      9	   NeutSmallDark	    817.0859	   2222.66	    0.0	    00000000     00000000	   1	[      6]
413   	0     	      9	   NeutSmallDark	    819.3516	   2265.62	    0.0	    00000000     00000000	   1	[      6]
414   	0     	      4	    NegLargeDark	    821.7461	   2394.53	    0.0	    00000000     00000000	   1	[      1]
415   	0     	     11	 NeutSmallBright	    824.1602	   2414.06	    0.0	    00000000     00000000	   1	[      8]
416   	0     	      8	   NeutLargeDark	    826.3320	   2171.88	    0.0	    00000000     00000000	   1	[      5]
417   	0     	      4	    NegLargeDark	    828.8359	   2503.91	    0.0	    00000000     00000000	   1	[      1]
418   	0     	      9	   NeutSmallDark	    830.9102	   2074.22	    0.0	    00000000     00000000	   1	[      6]
419   	0     	     10	 NeutLargeBright	    832.9961	   2085.94	    0.0	    00000000     00000000	   1	[      7]
420   	0     	      6	  NegLargeBright	    835.4492	   2453.12	    0.0	    00000000     00000000	   1	[      3]
421   	0     	      9	   NeutSmallDark	    837.9648	   2515.62	    0.0	    00000000     00000000	   1	[      6]
422   	0     	      6	  NegLargeBright	    840.1055	   2140.62	    0.0	    00000000     00000000	   1	[      3]
423   	0     	      5	    NegSmallDark	    842.2227	   2117.19	    0.0	    00000000     00000000	   1	[      2]
424   	0     	      9	   NeutSmallDark	    844.3828	   2160.16	    0.0	    00000000     00000000	   1	[      6]
425   	0     	      7	  NegSmallBright	    846.4766	   2093.75	    0.0	    00000000     00000000	   1	[      4]
426   	0     	      4	    NegLargeDark	    848.8320	   2355.47	    0.0	    00000000     00000000	   1	[      1]
427   	0     	     14	     condition14	    851.0859	   2253.91	    0.0	    00000000     00000000	   1	[       ]
428   	0     	      2	      condition2	    851.9180	    832.03	    0.0	    00000000     00000000	   1	[       ]
429   	0     	      5	    NegSmallDark	    853.4414	   1523.44	    0.0	    00000000     00000000	   1	[      2]
430   	0     	      5	    NegSmallDark	    855.4961	   2054.69	    0.0	    00000000     00000000	   1	[      2]
431   	0     	      5	    NegSmallDark	    858.0000	   2503.91	    0.0	    00000000     00000000	   1	[      2]
432   	0     	      6	  NegLargeBright	    860.3711	   2371.09	    0.0	    00000000     00000000	   1	[      3]
433   	0     	      8	   NeutLargeDark	    862.4570	   2085.94	    0.0	    00000000     00000000	   1	[      5]
434   	0     	      8	   NeutLargeDark	    864.8398	   2382.81	    0.0	    00000000     00000000	   1	[      5]
435   	0     	      7	  NegSmallBright	    867.3164	   2476.56	    0.0	    00000000     00000000	   1	[      4]
436   	0     	      6	  NegLargeBright	    869.5586	   2242.19	    0.0	    00000000     00000000	   1	[      3]
437   	0     	     14	     condition14	    871.9336	   2375.00	    0.0	    00000000     00000000	   1	[       ]
438   	0     	      2	      condition2	    872.4453	    511.72	    0.0	    00000000     00000000	   1	[       ]
439   	0     	     15	     condition15	    874.4375	   1992.19	    0.0	    00000000     00000000	   1	[       ]
440   	0     	      2	      condition2	    875.0195	    582.03	    0.0	    00000000     00000000	   1	[       ]
441   	0     	     10	 NeutLargeBright	    876.6914	   1671.88	    0.0	    00000000     00000000	   1	[      7]
442   	0     	      6	  NegLargeBright	    878.8164	   2125.00	    0.0	    00000000     00000000	   1	[      3]
443   	0     	      4	    NegLargeDark	    881.0977	   2281.25	    0.0	    00000000     00000000	   1	[      1]
444   	0     	      8	   NeutLargeDark	    883.5234	   2425.78	    0.0	    00000000     00000000	   1	[      5]
445   	0     	     10	 NeutLargeBright	    886.0078	   2484.38	    0.0	    00000000     00000000	   1	[      7]
446   	0     	      8	   NeutLargeDark	    888.3438	   2335.94	    0.0	    00000000     00000000	   1	[      5]
447   	0     	      6	  NegLargeBright	    890.5742	   2230.47	    0.0	    00000000     00000000	   1	[      3]
448   	0     	      7	  NegSmallBright	    893.0000	   2425.78	    0.0	    00000000     00000000	   1	[      4]
449   	0     	      4	    NegLargeDark	    895.1641	   2164.06	    0.0	    00000000     00000000	   1	[      1]
450   	0     	      8	   NeutLargeDark	    897.5664	   2402.34	    0.0	    00000000     00000000	   1	[      5]
451   	0     	      4	    NegLargeDark	    899.7305	   2164.06	    0.0	    00000000     00000000	   1	[      1]
452   	0     	      4	    NegLargeDark	    902.1367	   2406.25	    0.0	    00000000     00000000	   1	[      1]
453   	0     	      5	    NegSmallDark	    904.5898	   2453.12	    0.0	    00000000     00000000	   1	[      2]
454   	0     	      8	   NeutLargeDark	    907.0547	   2464.84	    0.0	    00000000     00000000	   1	[      5]
455   	0     	     10	 NeutLargeBright	    909.5078	   2453.12	    0.0	    00000000     00000000	   1	[      7]
456   	0     	     10	 NeutLargeBright	    912.0352	   2527.34	    0.0	    00000000     00000000	   1	[      7]
457   	0     	      9	   NeutSmallDark	    914.1172	   2082.03	    0.0	    00000000     00000000	   1	[      6]
458   	0     	     11	 NeutSmallBright	    916.3828	   2265.62	    0.0	    00000000     00000000	   1	[      8]
459   	0     	      8	   NeutLargeDark	    918.6250	   2242.19	    0.0	    00000000     00000000	   1	[      5]
460   	0     	     12	     condition12	    920.7188	   2093.75	    0.0	    00000000     00000000	   1	[       ]
461   	0     	      2	      condition2	    921.3281	    609.38	    0.0	    00000000     00000000	   1	[       ]
462   	0     	     11	 NeutSmallBright	    923.1016	   1773.44	    0.0	    00000000     00000000	   1	[      8]
463   	0     	      9	   NeutSmallDark	    925.4688	   2367.19	    0.0	    00000000     00000000	   1	[      6]
464   	0     	      5	    NegSmallDark	    927.8203	   2351.56	    0.0	    00000000     00000000	   1	[      2]
465   	0     	      6	  NegLargeBright	    930.1836	   2363.28	    0.0	    00000000     00000000	   1	[      3]
466   	0     	      7	  NegSmallBright	    932.5781	   2394.53	    0.0	    00000000     00000000	   1	[      4]
467   	0     	      6	  NegLargeBright	    934.7734	   2195.31	    0.0	    00000000     00000000	   1	[      3]
468   	0     	      8	   NeutLargeDark	    936.8359	   2062.50	    0.0	    00000000     00000000	   1	[      5]
469   	0     	      4	    NegLargeDark	    939.2617	   2425.78	    0.0	    00000000     00000000	   1	[      1]
470   	0     	      7	  NegSmallBright	    941.7656	   2503.91	    0.0	    00000000     00000000	   1	[      4]
471   	0     	      5	    NegSmallDark	    943.9609	   2195.31	    0.0	    00000000     00000000	   1	[      2]
472   	0     	     10	 NeutLargeBright	    946.4023	   2441.41	    0.0	    00000000     00000000	   1	[      7]
473   	0     	      7	  NegSmallBright	    948.5664	   2164.06	    0.0	    00000000     00000000	   1	[      4]
474   	0     	     10	 NeutLargeBright	    950.9805	   2414.06	    0.0	    00000000     00000000	   1	[      7]
475   	0     	      9	   NeutSmallDark	    953.2656	   2285.16	    0.0	    00000000     00000000	   1	[      6]
476   	0     	     10	 NeutLargeBright	    955.7695	   2503.91	    0.0	    00000000     00000000	   1	[      7]
477   	0     	      7	  NegSmallBright	    958.1133	   2343.75	    0.0	    00000000     00000000	   1	[      4]
478   	0     	     12	     condition12	    960.4102	   2296.88	    0.0	    00000000     00000000	   1	[       ]
479   	0     	      2	      condition2	    961.0547	    644.53	    0.0	    00000000     00000000	   1	[       ]
480   	0     	      7	  NegSmallBright	    962.5039	   1449.22	    0.0	    00000000     00000000	   1	[      4]
481   	0     	     13	     condition13	    964.8242	   2320.31	    0.0	    00000000     00000000	   1	[       ]
482   	0     	      2	      condition2	    965.3438	    519.53	    0.0	    00000000     00000000	   1	[       ]
483   	0     	      6	  NegLargeBright	    967.3789	   2035.16	    0.0	    00000000     00000000	   1	[      3]
484   	0     	     11	 NeutSmallBright	    969.4727	   2093.75	    0.0	    00000000     00000000	   1	[      8]
485   	0     	      9	   NeutSmallDark	    971.8594	   2386.72	    0.0	    00000000     00000000	   1	[      6]
486   	0     	     13	     condition13	    974.2305	   2371.09	    0.0	    00000000     00000000	   1	[       ]
487   	0     	      2	      condition2	    974.7852	    554.69	    0.0	    00000000     00000000	   1	[       ]
488   	0     	      9	   NeutSmallDark	    976.4648	   1679.69	    0.0	    00000000     00000000	   1	[      6]
489   	0     	     14	     condition14	    978.8789	   2414.06	    0.0	    00000000     00000000	   1	[       ]
490   	0     	      2	      condition2	    979.4141	    535.16	    0.0	    00000000     00000000	   1	[       ]
491   	0     	     12	     condition12	    981.2344	   1820.31	    0.0	    00000000     00000000	   1	[       ]
492   	0     	      2	      condition2	    981.7539	    519.53	    0.0	    00000000     00000000	   1	[       ]
493   	0     	      6	  NegLargeBright	    983.6289	   1875.00	    0.0	    00000000     00000000	   1	[      3]
494   	0     	      7	  NegSmallBright	    985.7617	   2132.81	    0.0	    00000000     00000000	   1	[      4]
495   	0     	      9	   NeutSmallDark	    988.1953	   2433.59	    0.0	    00000000     00000000	   1	[      6]
496   	0     	     11	 NeutSmallBright	    990.5586	   2363.28	    0.0	    00000000     00000000	   1	[      8]
497   	0     	      7	  NegSmallBright	    993.0039	   2445.31	    0.0	    00000000     00000000	   1	[      4]
498   	0     	      5	    NegSmallDark	    995.2500	   2246.09	    0.0	    00000000     00000000	   1	[      2]
499   	0     	     14	     condition14	    997.6445	   2394.53	    0.0	    00000000     00000000	   1	[       ]
500   	0     	      2	      condition2	    998.1562	    511.72	    0.0	    00000000     00000000	   1	[       ]
501   	0     	      9	   NeutSmallDark	    999.8164	   1660.16	    0.0	    00000000     00000000	   1	[      6]
502   	0     	      8	   NeutLargeDark	   1001.9297	   2113.28	    0.0	    00000000     00000000	   1	[      5]
503   	0     	      8	   NeutLargeDark	   1004.4531	   2523.44	    0.0	    00000000     00000000	   1	[      5]
504   	0     	     13	     condition13	   1006.6680	   2214.84	    0.0	    00000000     00000000	   1	[       ]
505   	0     	      2	      condition2	   1007.1680	    500.00	    0.0	    00000000     00000000	   1	[       ]
506   	0     	      8	   NeutLargeDark	   1008.9336	   1765.62	    0.0	    00000000     00000000	   1	[      5]
507   	0     	      4	    NegLargeDark	   1011.2070	   2273.44	    0.0	    00000000     00000000	   1	[      1]
508   	0     	     13	     condition13	   1013.3789	   2171.88	    0.0	    00000000     00000000	   1	[       ]
509   	0     	      2	      condition2	   1013.8398	    460.94	    0.0	    00000000     00000000	   1	[       ]
510   	0     	      5	    NegSmallDark	   1015.6445	   1804.69	    0.0	    00000000     00000000	   1	[      2]
511   	0     	     11	 NeutSmallBright	   1018.0195	   2375.00	    0.0	    00000000     00000000	   1	[      8]
512   	0     	      9	   NeutSmallDark	   1020.4141	   2394.53	    0.0	    00000000     00000000	   1	[      6]
513   	0     	      5	    NegSmallDark	   1022.8867	   2472.66	    0.0	    00000000     00000000	   1	[      2]
514   	0     	      9	   NeutSmallDark	   1025.0508	   2164.06	    0.0	    00000000     00000000	   1	[      6]
515   	0     	      5	    NegSmallDark	   1027.4062	   2355.47	    0.0	    00000000     00000000	   1	[      2]
516   	0     	      4	    NegLargeDark	   1029.6406	   2234.38	    0.0	    00000000     00000000	   1	[      1]
517   	0     	      4	    NegLargeDark	   1031.9531	   2312.50	    0.0	    00000000     00000000	   1	[      1]
518   	0     	      8	   NeutLargeDark	   1034.4688	   2515.62	    0.0	    00000000     00000000	   1	[      5]
519   	0     	     11	 NeutSmallBright	   1036.9023	   2433.59	    0.0	    00000000     00000000	   1	[      8]
520   	0     	     12	     condition12	   1038.9453	   2042.97	    0.0	    00000000     00000000	   1	[       ]
521   	0     	      9	   NeutSmallDark	   1040.9805	   2035.16	    0.0	    00000000     00000000	   1	[      6]
522   	0     	      4	    NegLargeDark	   1043.3945	   2414.06	    0.0	    00000000     00000000	   1	[      1]
523   	0     	      7	  NegSmallBright	   1045.6055	   2210.94	    0.0	    00000000     00000000	   1	[      4]
524   	0     	      6	  NegLargeBright	   1047.7617	   2156.25	    0.0	    00000000     00000000	   1	[      3]
525   	0     	      9	   NeutSmallDark	   1050.1758	   2414.06	    0.0	    00000000     00000000	   1	[      6]
526   	0     	      8	   NeutLargeDark	   1052.6484	   2472.66	    0.0	    00000000     00000000	   1	[      5]
527   	0     	      6	  NegLargeBright	   1055.1641	   2515.62	    0.0	    00000000     00000000	   1	[      3]
528   	0     	      8	   NeutLargeDark	   1057.4883	   2324.22	    0.0	    00000000     00000000	   1	[      5]
529   	0     	     12	     condition12	   1059.7500	   2261.72	    0.0	    00000000     00000000	   1	[       ]
530   	0     	      2	      condition2	   1060.3555	    605.47	    0.0	    00000000     00000000	   1	[       ]
531   	0     	      4	    NegLargeDark	   1061.9258	   1570.31	    0.0	    00000000     00000000	   1	[      1]
532   	0     	     11	 NeutSmallBright	   1064.4102	   2484.38	    0.0	    00000000     00000000	   1	[      8]
533   	0     	     12	     condition12	   1066.5625	   2152.34	    0.0	    00000000     00000000	   1	[       ]
534   	0     	      2	      condition2	   1067.0820	    519.53	    0.0	    00000000     00000000	   1	[       ]
535   	0     	      8	   NeutLargeDark	   1068.6758	   1593.75	    0.0	    00000000     00000000	   1	[      5]
536   	0     	      9	   NeutSmallDark	   1071.1836	   2507.81	    0.0	    00000000     00000000	   1	[      6]
537   	0     	     10	 NeutLargeBright	   1073.2539	   2070.31	    0.0	    00000000     00000000	   1	[      7]
538   	0     	      4	    NegLargeDark	   1075.5508	   2296.88	    0.0	    00000000     00000000	   1	[      1]
539   	0     	     10	 NeutLargeBright	   1077.6016	   2050.78	    0.0	    00000000     00000000	   1	[      7]
540   	0     	     12	     condition12	   1079.9258	   2324.22	    0.0	    00000000     00000000	   1	[       ]
541   	0     	      2	      condition2	   1080.4805	    554.69	    0.0	    00000000     00000000	   1	[       ]
542   	0     	      6	  NegLargeBright	   1082.1797	   1699.22	    0.0	    00000000     00000000	   1	[      3]
543   	0     	      7	  NegSmallBright	   1084.6758	   2496.09	    0.0	    00000000     00000000	   1	[      4]
544   	0     	      5	    NegSmallDark	   1086.9688	   2292.97	    0.0	    00000000     00000000	   1	[      2]
545   	0     	      8	   NeutLargeDark	   1089.0117	   2042.97	    0.0	    00000000     00000000	   1	[      5]
546   	0     	      4	    NegLargeDark	   1091.3281	   2316.41	    0.0	    00000000     00000000	   1	[      1]
547   	0     	     10	 NeutLargeBright	   1093.8008	   2472.66	    0.0	    00000000     00000000	   1	[      7]
548   	0     	      6	  NegLargeBright	   1096.0273	   2226.56	    0.0	    00000000     00000000	   1	[      3]
549   	0     	     11	 NeutSmallBright	   1098.4805	   2453.12	    0.0	    00000000     00000000	   1	[      8]
550   	0     	      7	  NegSmallBright	   1100.7539	   2273.44	    0.0	    00000000     00000000	   1	[      4]
551   	0     	      8	   NeutLargeDark	   1103.1875	   2433.59	    0.0	    00000000     00000000	   1	[      5]
552   	0     	      9	   NeutSmallDark	   1105.3008	   2113.28	    0.0	    00000000     00000000	   1	[      6]
553   	0     	     10	 NeutLargeBright	   1107.6641	   2363.28	    0.0	    00000000     00000000	   1	[      7]
554   	0     	      4	    NegLargeDark	   1110.0898	   2425.78	    0.0	    00000000     00000000	   1	[      1]
555   	0     	      6	  NegLargeBright	   1112.3438	   2253.91	    0.0	    00000000     00000000	   1	[      3]
556   	0     	      7	  NegSmallBright	   1114.5391	   2195.31	    0.0	    00000000     00000000	   1	[      4]
557   	0     	      9	   NeutSmallDark	   1116.9141	   2375.00	    0.0	    00000000     00000000	   1	[      6]
558   	0     	     11	 NeutSmallBright	   1119.3359	   2421.88	    0.0	    00000000     00000000	   1	[      8]
559   	0     	      9	   NeutSmallDark	   1121.5117	   2175.78	    0.0	    00000000     00000000	   1	[      6]
560   	0     	     11	 NeutSmallBright	   1123.7031	   2191.41	    0.0	    00000000     00000000	   1	[      8]
561   	0     	      6	  NegLargeBright	   1126.2188	   2515.62	    0.0	    00000000     00000000	   1	[      3]
562   	0     	    253	              ""	   1128.7031	   2484.38	    0.0	    00000000     00000000	   1	[       ]
563   	0     	      8	   NeutLargeDark	   1129.7109	   1007.81	    0.0	    00000000     00000000	   1	[      5]
564   	0     	      6	  NegLargeBright	   1131.9375	   2226.56	    0.0	    00000000     00000000	   1	[      3]
565   	0     	     15	     condition15	   1134.2891	   2351.56	    0.0	    00000000     00000000	   1	[       ]
566   	0     	      2	      condition2	   1134.8477	    558.59	    0.0	    00000000     00000000	   1	[       ]
567   	0     	      8	   NeutLargeDark	   1136.5039	   1656.25	    0.0	    00000000     00000000	   1	[      5]
568   	0     	     13	     condition13	   1138.7383	   2234.38	    0.0	    00000000     00000000	   1	[       ]
569   	0     	      2	      condition2	   1139.2148	    476.56	    0.0	    00000000     00000000	   1	[       ]
570   	0     	      8	   NeutLargeDark	   1141.0312	   1816.41	    0.0	    00000000     00000000	   1	[      5]
571   	0     	     13	     condition13	   1143.4766	   2445.31	    0.0	    00000000     00000000	   1	[       ]
572   	0     	      2	      condition2	   1144.0117	    535.16	    0.0	    00000000     00000000	   1	[       ]
573   	0     	     11	 NeutSmallBright	   1145.7891	   1777.34	    0.0	    00000000     00000000	   1	[      8]
574   	0     	      9	   NeutSmallDark	   1148.0859	   2296.88	    0.0	    00000000     00000000	   1	[      6]
575   	0     	      4	    NegLargeDark	   1150.1992	   2113.28	    0.0	    00000000     00000000	   1	[      1]
576   	0     	     12	     condition12	   1152.4805	   2281.25	    0.0	    00000000     00000000	   1	[       ]
577   	0     	      2	      condition2	   1153.1055	    625.00	    0.0	    00000000     00000000	   1	[       ]
578   	0     	     11	 NeutSmallBright	   1154.6055	   1500.00	    0.0	    00000000     00000000	   1	[      8]
579   	0     	      4	    NegLargeDark	   1157.0820	   2476.56	    0.0	    00000000     00000000	   1	[      1]
580   	0     	      9	   NeutSmallDark	   1159.5859	   2503.91	    0.0	    00000000     00000000	   1	[      6]
581   	0     	     11	 NeutSmallBright	   1161.7070	   2121.09	    0.0	    00000000     00000000	   1	[      8]
582   	0     	     13	     condition13	   1163.7422	   2035.16	    0.0	    00000000     00000000	   1	[       ]
583   	0     	      2	      condition2	   1164.4102	    667.97	    0.0	    00000000     00000000	   1	[       ]
584   	0     	      7	  NegSmallBright	   1165.8242	   1414.06	    0.0	    00000000     00000000	   1	[      4]
585   	0     	     10	 NeutLargeBright	   1168.0391	   2214.84	    0.0	    00000000     00000000	   1	[      7]
586   	0     	      9	   NeutSmallDark	   1170.5625	   2523.44	    0.0	    00000000     00000000	   1	[      6]
587   	0     	      5	    NegSmallDark	   1172.8789	   2316.41	    0.0	    00000000     00000000	   1	[      2]
588   	0     	     15	     condition15	   1174.9727	   2093.75	    0.0	    00000000     00000000	   1	[       ]
589   	0     	      2	      condition2	   1175.5312	    558.59	    0.0	    00000000     00000000	   1	[       ]
590   	0     	      8	   NeutLargeDark	   1177.0156	   1484.38	    0.0	    00000000     00000000	   1	[      5]
591   	0     	      8	   NeutLargeDark	   1179.1875	   2171.88	    0.0	    00000000     00000000	   1	[      5]
592   	0     	      7	  NegSmallBright	   1181.6641	   2476.56	    0.0	    00000000     00000000	   1	[      4]
593   	0     	     11	 NeutSmallBright	   1184.1367	   2472.66	    0.0	    00000000     00000000	   1	[      8]
594   	0     	      9	   NeutSmallDark	   1186.5430	   2406.25	    0.0	    00000000     00000000	   1	[      6]
595   	0     	      7	  NegSmallBright	   1188.9453	   2402.34	    0.0	    00000000     00000000	   1	[      4]
596   	0     	      9	   NeutSmallDark	   1191.1602	   2214.84	    0.0	    00000000     00000000	   1	[      6]
597   	0     	     11	 NeutSmallBright	   1193.3945	   2234.38	    0.0	    00000000     00000000	   1	[      8]
598   	0     	      4	    NegLargeDark	   1195.4961	   2101.56	    0.0	    00000000     00000000	   1	[      1]
599   	0     	      6	  NegLargeBright	   1197.7305	   2234.38	    0.0	    00000000     00000000	   1	[      3]
600   	0     	      8	   NeutLargeDark	   1200.0977	   2367.19	    0.0	    00000000     00000000	   1	[      5]
601   	0     	      5	    NegSmallDark	   1202.4609	   2363.28	    0.0	    00000000     00000000	   1	[      2]
602   	0     	     13	     condition13	   1204.7031	   2242.19	    0.0	    00000000     00000000	   1	[       ]
603   	0     	      2	      condition2	   1205.2617	    558.59	    0.0	    00000000     00000000	   1	[       ]
604   	0     	      4	    NegLargeDark	   1206.8789	   1617.19	    0.0	    00000000     00000000	   1	[      1]
605   	0     	     11	 NeutSmallBright	   1209.1133	   2234.38	    0.0	    00000000     00000000	   1	[      8]
606   	0     	      5	    NegSmallDark	   1211.2969	   2183.59	    0.0	    00000000     00000000	   1	[      2]
607   	0     	      8	   NeutLargeDark	   1213.6289	   2332.03	    0.0	    00000000     00000000	   1	[      5]
608   	0     	      9	   NeutSmallDark	   1216.0625	   2433.59	    0.0	    00000000     00000000	   1	[      6]
609   	0     	     11	 NeutSmallBright	   1218.1094	   2046.88	    0.0	    00000000     00000000	   1	[      8]
610   	0     	     13	     condition13	   1220.5312	   2421.88	    0.0	    00000000     00000000	   1	[       ]
611   	0     	      2	      condition2	   1221.0312	    500.00	    0.0	    00000000     00000000	   1	[       ]
612   	0     	      9	   NeutSmallDark	   1222.5938	   1562.50	    0.0	    00000000     00000000	   1	[      6]
613   	0     	      6	  NegLargeBright	   1225.0508	   2457.03	    0.0	    00000000     00000000	   1	[      3]
614   	0     	      5	    NegSmallDark	   1227.3438	   2292.97	    0.0	    00000000     00000000	   1	[      2]
615   	0     	      4	    NegLargeDark	   1229.8672	   2523.44	    0.0	    00000000     00000000	   1	[      1]
616   	0     	      6	  NegLargeBright	   1232.2305	   2363.28	    0.0	    00000000     00000000	   1	[      3]
617   	0     	      8	   NeutLargeDark	   1234.6680	   2437.50	    0.0	    00000000     00000000	   1	[      5]
618   	0     	      6	  NegLargeBright	   1236.9922	   2324.22	    0.0	    00000000     00000000	   1	[      3]
619   	0     	      9	   NeutSmallDark	   1239.1055	   2113.28	    0.0	    00000000     00000000	   1	[      6]
620   	0     	     15	     condition15	   1241.2383	   2132.81	    0.0	    00000000     00000000	   1	[       ]
621   	0     	      2	      condition2	   1241.9258	    687.50	    0.0	    00000000     00000000	   1	[       ]
622   	0     	     13	     condition13	   1243.4531	   1527.34	    0.0	    00000000     00000000	   1	[       ]
623   	0     	      2	      condition2	   1243.9453	    492.19	    0.0	    00000000     00000000	   1	[       ]
624   	0     	      9	   NeutSmallDark	   1245.7461	   1800.78	    0.0	    00000000     00000000	   1	[      6]
625   	0     	      7	  NegSmallBright	   1248.2109	   2464.84	    0.0	    00000000     00000000	   1	[      4]
626   	0     	      5	    NegSmallDark	   1250.4336	   2222.66	    0.0	    00000000     00000000	   1	[      2]
627   	0     	      8	   NeutLargeDark	   1252.9102	   2476.56	    0.0	    00000000     00000000	   1	[      5]
628   	0     	     15	     condition15	   1255.2539	   2343.75	    0.0	    00000000     00000000	   1	[       ]
629   	0     	      2	      condition2	   1255.9297	    675.78	    0.0	    00000000     00000000	   1	[       ]
630   	0     	      8	   NeutLargeDark	   1257.3672	   1437.50	    0.0	    00000000     00000000	   1	[      5]
631   	0     	      4	    NegLargeDark	   1259.4219	   2054.69	    0.0	    00000000     00000000	   1	[      1]
632   	0     	     15	     condition15	   1261.4844	   2062.50	    0.0	    00000000     00000000	   1	[       ]
633   	0     	      2	      condition2	   1262.0352	    550.78	    0.0	    00000000     00000000	   1	[       ]
634   	0     	      5	    NegSmallDark	   1263.7070	   1671.88	    0.0	    00000000     00000000	   1	[      2]
635   	0     	      6	  NegLargeBright	   1265.8398	   2132.81	    0.0	    00000000     00000000	   1	[      3]
636   	0     	      7	  NegSmallBright	   1268.2070	   2367.19	    0.0	    00000000     00000000	   1	[      4]
637   	0     	      8	   NeutLargeDark	   1270.6484	   2441.41	    0.0	    00000000     00000000	   1	[      5]
638   	0     	      8	   NeutLargeDark	   1272.9336	   2285.16	    0.0	    00000000     00000000	   1	[      5]
639   	0     	      9	   NeutSmallDark	   1275.4375	   2503.91	    0.0	    00000000     00000000	   1	[      6]
640   	0     	      6	  NegLargeBright	   1277.5508	   2113.28	    0.0	    00000000     00000000	   1	[      3]
641   	0     	      5	    NegSmallDark	   1279.6172	   2066.41	    0.0	    00000000     00000000	   1	[      2]
642   	0     	      8	   NeutLargeDark	   1281.9297	   2312.50	    0.0	    00000000     00000000	   1	[      5]
643   	0     	      7	  NegSmallBright	   1284.0625	   2132.81	    0.0	    00000000     00000000	   1	[      4]
644   	0     	      8	   NeutLargeDark	   1286.5078	   2445.31	    0.0	    00000000     00000000	   1	[      5]
