#  Non-editable header begin --------------------------------------------------------------------------------
# 
#  data format...............: continuous
#  setname...................: BDF file
#  filename..................: none_specified
#  filepath..................: none_specified
#  nchan.....................: 64
#  pnts......................: 328448
#  srate.....................: 256
#  nevents...................: 645
#  generated by (bdf)........: 
#  generated by (set)........: BDF file
#  reported in ..............: 
#  prog Version..............: 8.02
#  creation date.............: 16-Nov-2020 14:30:38
#  user Account..............: 
# 
#  Non-editable header end --------------------------------------------------------------------------------

	bin 1,	# 60,	NegLargeDark
	bin 2,	# 60,	NegSmallDark
	bin 3,	# 60,	NegLargeBright
	bin 4,	# 60,	NegSmallBright
	bin 5,	# 60,	NeutLargeDark
	bin 6,	# 60,	NeutSmallDark
	bin 7,	# 60,	NeutLargeBright
	bin 8,	# 60,	NeutSmallBright



# item	 bepoch	  ecode	            label	      onset	          diff	     dura	b_flags	   a_flags	  enable	    bin
#                                                 (sec)           (msec)     (msec)    (binary)   (binary)


1     	0     	     10	 NeutLargeBright	      1.9375	      0.00	    0.0	    00000000     00000000	   1	[      7]
2     	0     	     10	 NeutLargeBright	      4.1211	   2183.59	    0.0	    00000000     00000000	   1	[      7]
3     	0     	      4	    NegLargeDark	      6.3555	   2234.38	    0.0	    00000000     00000000	   1	[      1]
4     	0     	      4	    NegLargeDark	      8.5195	   2164.06	    0.0	    00000000     00000000	   1	[      1]
5     	0     	      4	    NegLargeDark	     11.0156	   2496.09	    0.0	    00000000     00000000	   1	[      1]
6     	0     	     10	 NeutLargeBright	     13.1367	   2121.09	    0.0	    00000000     00000000	   1	[      7]
7     	0     	     12	     condition12	     15.6211	   2484.38	    0.0	    00000000     00000000	   1	[       ]
8     	0     	      2	      condition2	     16.3281	    707.03	    0.0	    00000000     00000000	   1	[       ]
9     	0     	      4	    NegLargeDark	     18.2578	   1929.69	    0.0	    00000000     00000000	   1	[      1]
10    	0     	     14	     condition14	     20.3906	   2132.81	    0.0	    00000000     00000000	   1	[       ]
11    	0     	      2	      condition2	     20.7930	    402.34	    0.0	    00000000     00000000	   1	[       ]
12    	0     	     13	     condition13	     22.6641	   1871.09	    0.0	    00000000     00000000	   1	[       ]
13    	0     	      2	      condition2	     23.2109	    546.88	    0.0	    00000000     00000000	   1	[       ]
14    	0     	     10	 NeutLargeBright	     24.9688	   1757.81	    0.0	    00000000     00000000	   1	[      7]
15    	0     	      4	    NegLargeDark	     27.0117	   2042.97	    0.0	    00000000     00000000	   1	[      1]
16    	0     	     11	 NeutSmallBright	     29.1758	   2164.06	    0.0	    00000000     00000000	   1	[      8]
17    	0     	     10	 NeutLargeBright	     31.2812	   2105.47	    0.0	    00000000     00000000	   1	[      7]
18    	0     	      4	    NegLargeDark	     33.7031	   2421.88	    0.0	    00000000     00000000	   1	[      1]
19    	0     	     12	     condition12	     35.9062	   2203.12	    0.0	    00000000     00000000	   1	[       ]
20    	0     	      2	      condition2	     36.3711	    464.84	    0.0	    00000000     00000000	   1	[       ]
21    	0     	     11	 NeutSmallBright	     38.3008	   1929.69	    0.0	    00000000     00000000	   1	[      8]
22    	0     	      7	  NegSmallBright	     40.8047	   2503.91	    0.0	    00000000     00000000	   1	[      4]
23    	0     	      5	    NegSmallDark	     43.0703	   2265.62	    0.0	    00000000     00000000	   1	[      2]
24    	0     	      6	  NegLargeBright	     45.4258	   2355.47	    0.0	    00000000     00000000	   1	[      3]
25    	0     	     11	 NeutSmallBright	     47.5664	   2140.62	    0.0	    00000000     00000000	   1	[      8]
26    	0     	      5	    NegSmallDark	     49.6719	   2105.47	    0.0	    00000000     00000000	   1	[      2]
27    	0     	      8	   NeutLargeDark	     52.0469	   2375.00	    0.0	    00000000     00000000	   1	[      5]
28    	0     	      8	   NeutLargeDark	     54.1406	   2093.75	    0.0	    00000000     00000000	   1	[      5]
29    	0     	      5	    NegSmallDark	     56.6250	   2484.38	    0.0	    00000000     00000000	   1	[      2]
30    	0     	      9	   NeutSmallDark	     59.0977	   2472.66	    0.0	    00000000     00000000	   1	[      6]
31    	0     	      8	   NeutLargeDark	     61.3828	   2285.16	    0.0	    00000000     00000000	   1	[      5]
32    	0     	      9	   NeutSmallDark	     63.6953	   2312.50	    0.0	    00000000     00000000	   1	[      6]
33    	0     	     13	     condition13	     66.1797	   2484.38	    0.0	    00000000     00000000	   1	[       ]
34    	0     	      2	      condition2	     66.6250	    445.31	    0.0	    00000000     00000000	   1	[       ]
35    	0     	      9	   NeutSmallDark	     68.6445	   2019.53	    0.0	    00000000     00000000	   1	[      6]
36    	0     	      9	   NeutSmallDark	     70.7305	   2085.94	    0.0	    00000000     00000000	   1	[      6]
37    	0     	      7	  NegSmallBright	     72.9023	   2171.88	    0.0	    00000000     00000000	   1	[      4]
38    	0     	      6	  NegLargeBright	     75.3750	   2472.66	    0.0	    00000000     00000000	   1	[      3]
39    	0     	     10	 NeutLargeBright	     77.6719	   2296.88	    0.0	    00000000     00000000	   1	[      7]
40    	0     	      6	  NegLargeBright	     80.1250	   2453.12	    0.0	    00000000     00000000	   1	[      3]
41    	0     	      4	    NegLargeDark	     82.1992	   2074.22	    0.0	    00000000     00000000	   1	[      1]
42    	0     	      5	    NegSmallDark	     84.2930	   2093.75	    0.0	    00000000     00000000	   1	[      2]
43    	0     	     11	 NeutSmallBright	     86.4453	   2152.34	    0.0	    00000000     00000000	   1	[      8]
44    	0     	     12	     condition12	     88.7812	   2335.94	    0.0	    00000000     00000000	   1	[       ]
45    	0     	      2	      condition2	     89.2109	    429.69	    0.0	    00000000     00000000	   1	[       ]
46    	0     	     10	 NeutLargeBright	     90.9258	   1714.84	    0.0	    00000000     00000000	   1	[      7]
47    	0     	      6	  NegLargeBright	     93.2383	   2312.50	    0.0	    00000000     00000000	   1	[      3]
48    	0     	     14	     condition14	     95.6523	   2414.06	    0.0	    00000000     00000000	   1	[       ]
49    	0     	      2	      condition2	     96.1484	    496.09	    0.0	    00000000     00000000	   1	[       ]
50    	0     	      9	   NeutSmallDark	     98.0078	   1859.38	    0.0	    00000000     00000000	   1	[      6]
51    	0     	      9	   NeutSmallDark	    100.3789	   2371.09	    0.0	    00000000     00000000	   1	[      6]
52    	0     	      5	    NegSmallDark	    102.8867	   2507.81	    0.0	    00000000     00000000	   1	[      2]
53    	0     	     13	     condition13	    105.3906	   2503.91	    0.0	    00000000     00000000	   1	[       ]
54    	0     	      2	      condition2	    105.8398	    449.22	    0.0	    00000000     00000000	   1	[       ]
55    	0     	      6	  NegLargeBright	    107.5625	   1722.66	    0.0	    00000000     00000000	   1	[      3]
56    	0     	      6	  NegLargeBright	    109.6758	   2113.28	    0.0	    00000000     00000000	   1	[      3]
57    	0     	     11	 NeutSmallBright	    112.0703	   2394.53	    0.0	    00000000     00000000	   1	[      8]
58    	0     	      4	    NegLargeDark	    114.4648	   2394.53	    0.0	    00000000     00000000	   1	[      1]
59    	0     	      6	  NegLargeBright	    116.5977	   2132.81	    0.0	    00000000     00000000	   1	[      3]
60    	0     	      9	   NeutSmallDark	    118.8125	   2214.84	    0.0	    00000000     00000000	   1	[      6]
61    	0     	      7	  NegSmallBright	    120.9883	   2175.78	    0.0	    00000000     00000000	   1	[      4]
62    	0     	     11	 NeutSmallBright	    123.4023	   2414.06	    0.0	    00000000     00000000	   1	[      8]
63    	0     	     10	 NeutLargeBright	    125.5547	   2152.34	    0.0	    00000000     00000000	   1	[      7]
64    	0     	      4	    NegLargeDark	    127.7578	   2203.12	    0.0	    00000000     00000000	   1	[      1]
65    	0     	      5	    NegSmallDark	    129.8125	   2054.69	    0.0	    00000000     00000000	   1	[      2]
66    	0     	      7	  NegSmallBright	    132.3281	   2515.62	    0.0	    00000000     00000000	   1	[      4]
67    	0     	      5	    NegSmallDark	    134.6016	   2273.44	    0.0	    00000000     00000000	   1	[      2]
68    	0     	     15	     condition15	    136.8438	   2242.19	    0.0	    00000000     00000000	   1	[       ]
69    	0     	      2	      condition2	    137.4141	    570.31	    0.0	    00000000     00000000	   1	[       ]
70    	0     	     10	 NeutLargeBright	    139.2891	   1875.00	    0.0	    00000000     00000000	   1	[      7]
71    	0     	     12	     condition12	    141.8125	   2523.44	    0.0	    00000000     00000000	   1	[       ]
72    	0     	      2	      condition2	    142.3125	    500.00	    0.0	    00000000     00000000	   1	[       ]
73    	0     	      7	  NegSmallBright	    144.1367	   1824.22	    0.0	    00000000     00000000	   1	[      4]
74    	0     	      8	   NeutLargeDark	    146.4531	   2316.41	    0.0	    00000000     00000000	   1	[      5]
75    	0     	     15	     condition15	    148.6953	   2242.19	    0.0	    00000000     00000000	   1	[       ]
76    	0     	      2	      condition2	    149.2539	    558.59	    0.0	    00000000     00000000	   1	[       ]
77    	0     	      5	    NegSmallDark	    150.9805	   1726.56	    0.0	    00000000     00000000	   1	[      2]
78    	0     	      6	  NegLargeBright	    153.1250	   2144.53	    0.0	    00000000     00000000	   1	[      3]
79    	0     	      5	    NegSmallDark	    155.2266	   2101.56	    0.0	    00000000     00000000	   1	[      2]
80    	0     	     11	 NeutSmallBright	    157.6328	   2406.25	    0.0	    00000000     00000000	   1	[      8]
81    	0     	      9	   NeutSmallDark	    159.7266	   2093.75	    0.0	    00000000     00000000	   1	[      6]
82    	0     	      6	  NegLargeBright	    163.7266	   4000.00	    0.0	    00000000     00000000	   1	[      3]
83    	0     	      4	    NegLargeDark	    165.7812	   2054.69	    0.0	    00000000     00000000	   1	[      1]
84    	0     	      4	    NegLargeDark	    167.8945	   2113.28	    0.0	    00000000     00000000	   1	[      1]
85    	0     	     11	 NeutSmallBright	    170.2812	   2386.72	    0.0	    00000000     00000000	   1	[      8]
86    	0     	      9	   NeutSmallDark	    172.4648	   2183.59	    0.0	    00000000     00000000	   1	[      6]
87    	0     	     13	     condition13	    174.5586	   2093.75	    0.0	    00000000     00000000	   1	[       ]
88    	0     	      2	      condition2	    175.2617	    703.12	    0.0	    00000000     00000000	   1	[       ]
89    	0     	     10	 NeutLargeBright	    176.7422	   1480.47	    0.0	    00000000     00000000	   1	[      7]
90    	0     	      5	    NegSmallDark	    178.9531	   2210.94	    0.0	    00000000     00000000	   1	[      2]
91    	0     	     10	 NeutLargeBright	    181.0977	   2144.53	    0.0	    00000000     00000000	   1	[      7]
92    	0     	      5	    NegSmallDark	    183.2422	   2144.53	    0.0	    00000000     00000000	   1	[      2]
93    	0     	      7	  NegSmallBright	    185.7461	   2503.91	    0.0	    00000000     00000000	   1	[      4]
94    	0     	     13	     condition13	    188.1094	   2363.28	    0.0	    00000000     00000000	   1	[       ]
95    	0     	      2	      condition2	    188.6992	    589.84	    0.0	    00000000     00000000	   1	[       ]
96    	0     	      9	   NeutSmallDark	    190.4844	   1785.16	    0.0	    00000000     00000000	   1	[      6]
97    	0     	     15	     condition15	    192.9609	   2476.56	    0.0	    00000000     00000000	   1	[       ]
98    	0     	      2	      condition2	    193.4688	    507.81	    0.0	    00000000     00000000	   1	[       ]
99    	0     	      9	   NeutSmallDark	    195.1133	   1644.53	    0.0	    00000000     00000000	   1	[      6]
100   	0     	     10	 NeutLargeBright	    197.3477	   2234.38	    0.0	    00000000     00000000	   1	[      7]
101   	0     	     10	 NeutLargeBright	    199.5117	   2164.06	    0.0	    00000000     00000000	   1	[      7]
102   	0     	      8	   NeutLargeDark	    201.7539	   2242.19	    0.0	    00000000     00000000	   1	[      5]
103   	0     	     12	     condition12	    203.9883	   2234.38	    0.0	    00000000     00000000	   1	[       ]
104   	0     	      2	      condition2	    204.4414	    453.12	    0.0	    00000000     00000000	   1	[       ]
105   	0     	      5	    NegSmallDark	    206.3828	   1941.41	    0.0	    00000000     00000000	   1	[      2]
106   	0     	      6	  NegLargeBright	    208.4883	   2105.47	    0.0	    00000000     00000000	   1	[      3]
107   	0     	      6	  NegLargeBright	    211.0000	   2511.72	    0.0	    00000000     00000000	   1	[      3]
108   	0     	     11	 NeutSmallBright	    213.0859	   2085.94	    0.0	    00000000     00000000	   1	[      8]
109   	0     	     10	 NeutLargeBright	    215.1680	   2082.03	    0.0	    00000000     00000000	   1	[      7]
110   	0     	      9	   NeutSmallDark	    217.4023	   2234.38	    0.0	    00000000     00000000	   1	[      6]
111   	0     	      9	   NeutSmallDark	    219.6250	   2222.66	    0.0	    00000000     00000000	   1	[      6]
112   	0     	      7	  NegSmallBright	    222.1289	   2503.91	    0.0	    00000000     00000000	   1	[      4]
113   	0     	     10	 NeutLargeBright	    224.3438	   2214.84	    0.0	    00000000     00000000	   1	[      7]
114   	0     	      6	  NegLargeBright	    226.4688	   2125.00	    0.0	    00000000     00000000	   1	[      3]
115   	0     	      6	  NegLargeBright	    228.9141	   2445.31	    0.0	    00000000     00000000	   1	[      3]
116   	0     	      4	    NegLargeDark	    230.9766	   2062.50	    0.0	    00000000     00000000	   1	[      1]
117   	0     	      4	    NegLargeDark	    233.1211	   2144.53	    0.0	    00000000     00000000	   1	[      1]
118   	0     	      4	    NegLargeDark	    235.1914	   2070.31	    0.0	    00000000     00000000	   1	[      1]
119   	0     	     10	 NeutLargeBright	    237.3281	   2136.72	    0.0	    00000000     00000000	   1	[      7]
120   	0     	      9	   NeutSmallDark	    239.6094	   2281.25	    0.0	    00000000     00000000	   1	[      6]
121   	0     	      8	   NeutLargeDark	    242.0547	   2445.31	    0.0	    00000000     00000000	   1	[      5]
122   	0     	      6	  NegLargeBright	    244.5312	   2476.56	    0.0	    00000000     00000000	   1	[      3]
123   	0     	     11	 NeutSmallBright	    246.7930	   2261.72	    0.0	    00000000     00000000	   1	[      8]
124   	0     	      7	  NegSmallBright	    248.9570	   2164.06	    0.0	    00000000     00000000	   1	[      4]
125   	0     	      5	    NegSmallDark	    251.3828	   2425.78	    0.0	    00000000     00000000	   1	[      2]
126   	0     	      7	  NegSmallBright	    253.8477	   2464.84	    0.0	    00000000     00000000	   1	[      4]
127   	0     	     10	 NeutLargeBright	    255.9297	   2082.03	    0.0	    00000000     00000000	   1	[      7]
128   	0     	      8	   NeutLargeDark	    258.3047	   2375.00	    0.0	    00000000     00000000	   1	[      5]
129   	0     	      8	   NeutLargeDark	    260.6289	   2324.22	    0.0	    00000000     00000000	   1	[      5]
130   	0     	     14	     condition14	    263.1328	   2503.91	    0.0	    00000000     00000000	   1	[       ]
131   	0     	      2	      condition2	    263.6992	    566.41	    0.0	    00000000     00000000	   1	[       ]
132   	0     	      8	   NeutLargeDark	    265.1758	   1476.56	    0.0	    00000000     00000000	   1	[      5]
133   	0     	      5	    NegSmallDark	    267.4219	   2246.09	    0.0	    00000000     00000000	   1	[      2]
134   	0     	      5	    NegSmallDark	    269.7852	   2363.28	    0.0	    00000000     00000000	   1	[      2]
135   	0     	      6	  NegLargeBright	    272.2188	   2433.59	    0.0	    00000000     00000000	   1	[      3]
136   	0     	      9	   NeutSmallDark	    274.6641	   2445.31	    0.0	    00000000     00000000	   1	[      6]
137   	0     	     10	 NeutLargeBright	    276.7773	   2113.28	    0.0	    00000000     00000000	   1	[      7]
138   	0     	     14	     condition14	    279.2812	   2503.91	    0.0	    00000000     00000000	   1	[       ]
139   	0     	      2	      condition2	    279.8047	    523.44	    0.0	    00000000     00000000	   1	[       ]
140   	0     	      6	  NegLargeBright	    281.7148	   1910.16	    0.0	    00000000     00000000	   1	[      3]
141   	0     	      6	  NegLargeBright	    283.7695	   2054.69	    0.0	    00000000     00000000	   1	[      3]
142   	0     	      6	  NegLargeBright	    286.0312	   2261.72	    0.0	    00000000     00000000	   1	[      3]
143   	0     	     11	 NeutSmallBright	    288.4375	   2406.25	    0.0	    00000000     00000000	   1	[      8]
144   	0     	     14	     condition14	    290.4688	   2031.25	    0.0	    00000000     00000000	   1	[       ]
145   	0     	      2	      condition2	    291.0312	    562.50	    0.0	    00000000     00000000	   1	[       ]
146   	0     	      4	    NegLargeDark	    292.7656	   1734.38	    0.0	    00000000     00000000	   1	[      1]
147   	0     	     15	     condition15	    295.0469	   2281.25	    0.0	    00000000     00000000	   1	[       ]
148   	0     	      2	      condition2	    295.8047	    757.81	    0.0	    00000000     00000000	   1	[       ]
149   	0     	      8	   NeutLargeDark	    297.1523	   1347.66	    0.0	    00000000     00000000	   1	[      5]
150   	0     	      9	   NeutSmallDark	    299.3477	   2195.31	    0.0	    00000000     00000000	   1	[      6]
151   	0     	     14	     condition14	    301.3789	   2031.25	    0.0	    00000000     00000000	   1	[       ]
152   	0     	      2	      condition2	    302.0430	    664.06	    0.0	    00000000     00000000	   1	[       ]
153   	0     	      5	    NegSmallDark	    303.7227	   1679.69	    0.0	    00000000     00000000	   1	[      2]
154   	0     	      5	    NegSmallDark	    305.9961	   2273.44	    0.0	    00000000     00000000	   1	[      2]
155   	0     	      5	    NegSmallDark	    308.0625	   2066.41	    0.0	    00000000     00000000	   1	[      2]
156   	0     	     15	     condition15	    310.5859	   2523.44	    0.0	    00000000     00000000	   1	[       ]
157   	0     	      2	      condition2	    311.2383	    652.34	    0.0	    00000000     00000000	   1	[       ]
158   	0     	      6	  NegLargeBright	    312.8516	   1613.28	    0.0	    00000000     00000000	   1	[      3]
159   	0     	      9	   NeutSmallDark	    315.3047	   2453.12	    0.0	    00000000     00000000	   1	[      6]
160   	0     	     13	     condition13	    317.6797	   2375.00	    0.0	    00000000     00000000	   1	[       ]
161   	0     	      2	      condition2	    318.1445	    464.84	    0.0	    00000000     00000000	   1	[       ]
162   	0     	      4	    NegLargeDark	    320.1016	   1957.03	    0.0	    00000000     00000000	   1	[      1]
163   	0     	      4	    NegLargeDark	    323.5898	   3488.28	    0.0	    00000000     00000000	   1	[      1]
164   	0     	     10	 NeutLargeBright	    325.7148	   2125.00	    0.0	    00000000     00000000	   1	[      7]
165   	0     	      4	    NegLargeDark	    328.1211	   2406.25	    0.0	    00000000     00000000	   1	[      1]
166   	0     	     11	 NeutSmallBright	    330.5938	   2472.66	    0.0	    00000000     00000000	   1	[      8]
167   	0     	     10	 NeutLargeBright	    332.8164	   2222.66	    0.0	    00000000     00000000	   1	[      7]
168   	0     	      8	   NeutLargeDark	    335.2617	   2445.31	    0.0	    00000000     00000000	   1	[      5]
169   	0     	     12	     condition12	    337.5273	   2265.62	    0.0	    00000000     00000000	   1	[       ]
170   	0     	      2	      condition2	    338.0195	    492.19	    0.0	    00000000     00000000	   1	[       ]
171   	0     	     12	     condition12	    339.7617	   1742.19	    0.0	    00000000     00000000	   1	[       ]
172   	0     	      2	      condition2	    340.3945	    632.81	    0.0	    00000000     00000000	   1	[       ]
173   	0     	      6	  NegLargeBright	    342.0234	   1628.91	    0.0	    00000000     00000000	   1	[      3]
174   	0     	     13	     condition13	    344.3086	   2285.16	    0.0	    00000000     00000000	   1	[       ]
175   	0     	      2	      condition2	    344.7773	    468.75	    0.0	    00000000     00000000	   1	[       ]
176   	0     	     11	 NeutSmallBright	    346.5234	   1746.09	    0.0	    00000000     00000000	   1	[      8]
177   	0     	     11	 NeutSmallBright	    348.9062	   2382.81	    0.0	    00000000     00000000	   1	[      8]
178   	0     	      7	  NegSmallBright	    351.3984	   2492.19	    0.0	    00000000     00000000	   1	[      4]
179   	0     	      4	    NegLargeDark	    353.5039	   2105.47	    0.0	    00000000     00000000	   1	[      1]
180   	0     	      4	    NegLargeDark	    355.6797	   2175.78	    0.0	    00000000     00000000	   1	[      1]
181   	0     	      9	   NeutSmallDark	    357.9531	   2273.44	    0.0	    00000000     00000000	   1	[      6]
182   	0     	      7	  NegSmallBright	    360.1055	   2152.34	    0.0	    00000000     00000000	   1	[      4]
183   	0     	     11	 NeutSmallBright	    362.3906	   2285.16	    0.0	    00000000     00000000	   1	[      8]
184   	0     	      5	    NegSmallDark	    364.7930	   2402.34	    0.0	    00000000     00000000	   1	[      2]
185   	0     	      8	   NeutLargeDark	    366.9961	   2203.12	    0.0	    00000000     00000000	   1	[      5]
186   	0     	      4	    NegLargeDark	    369.4727	   2476.56	    0.0	    00000000     00000000	   1	[      1]
187   	0     	     10	 NeutLargeBright	    371.6055	   2132.81	    0.0	    00000000     00000000	   1	[      7]
188   	0     	      9	   NeutSmallDark	    373.6992	   2093.75	    0.0	    00000000     00000000	   1	[      6]
189   	0     	      6	  NegLargeBright	    375.9023	   2203.12	    0.0	    00000000     00000000	   1	[      3]
190   	0     	      4	    NegLargeDark	    378.1172	   2214.84	    0.0	    00000000     00000000	   1	[      1]
191   	0     	      4	    NegLargeDark	    380.1719	   2054.69	    0.0	    00000000     00000000	   1	[      1]
192   	0     	      4	    NegLargeDark	    382.6445	   2472.66	    0.0	    00000000     00000000	   1	[      1]
193   	0     	      8	   NeutLargeDark	    384.9492	   2304.69	    0.0	    00000000     00000000	   1	[      5]
194   	0     	      4	    NegLargeDark	    387.3242	   2375.00	    0.0	    00000000     00000000	   1	[      1]
195   	0     	      5	    NegSmallDark	    389.7891	   2464.84	    0.0	    00000000     00000000	   1	[      2]
196   	0     	     12	     condition12	    391.8906	   2101.56	    0.0	    00000000     00000000	   1	[       ]
197   	0     	      2	      condition2	    392.5312	    640.62	    0.0	    00000000     00000000	   1	[       ]
198   	0     	      5	    NegSmallDark	    394.4062	   1875.00	    0.0	    00000000     00000000	   1	[      2]
199   	0     	     15	     condition15	    396.7383	   2332.03	    0.0	    00000000     00000000	   1	[       ]
200   	0     	      2	      condition2	    397.3438	    605.47	    0.0	    00000000     00000000	   1	[       ]
201   	0     	     10	 NeutLargeBright	    398.8320	   1488.28	    0.0	    00000000     00000000	   1	[      7]
202   	0     	      9	   NeutSmallDark	    400.9766	   2144.53	    0.0	    00000000     00000000	   1	[      6]
203   	0     	      6	  NegLargeBright	    403.2227	   2246.09	    0.0	    00000000     00000000	   1	[      3]
204   	0     	     14	     condition14	    405.3633	   2140.62	    0.0	    00000000     00000000	   1	[       ]
205   	0     	      2	      condition2	    405.9180	    554.69	    0.0	    00000000     00000000	   1	[       ]
206   	0     	      7	  NegSmallBright	    407.6172	   1699.22	    0.0	    00000000     00000000	   1	[      4]
207   	0     	      8	   NeutLargeDark	    409.8633	   2246.09	    0.0	    00000000     00000000	   1	[      5]
208   	0     	     11	 NeutSmallBright	    412.1172	   2253.91	    0.0	    00000000     00000000	   1	[      8]
209   	0     	      9	   NeutSmallDark	    414.1914	   2074.22	    0.0	    00000000     00000000	   1	[      6]
210   	0     	      5	    NegSmallDark	    416.4648	   2273.44	    0.0	    00000000     00000000	   1	[      2]
211   	0     	      9	   NeutSmallDark	    418.8203	   2355.47	    0.0	    00000000     00000000	   1	[      6]
212   	0     	      5	    NegSmallDark	    421.0508	   2230.47	    0.0	    00000000     00000000	   1	[      2]
213   	0     	      8	   NeutLargeDark	    423.2773	   2226.56	    0.0	    00000000     00000000	   1	[      5]
214   	0     	      5	    NegSmallDark	    425.7695	   2492.19	    0.0	    00000000     00000000	   1	[      2]
215   	0     	     10	 NeutLargeBright	    428.0859	   2316.41	    0.0	    00000000     00000000	   1	[      7]
216   	0     	      6	  NegLargeBright	    430.4609	   2375.00	    0.0	    00000000     00000000	   1	[      3]
217   	0     	     10	 NeutLargeBright	    432.6133	   2152.34	    0.0	    00000000     00000000	   1	[      7]
218   	0     	      5	    NegSmallDark	    434.9180	   2304.69	    0.0	    00000000     00000000	   1	[      2]
219   	0     	      9	   NeutSmallDark	    437.1602	   2242.19	    0.0	    00000000     00000000	   1	[      6]
220   	0     	     13	     condition13	    439.4648	   2304.69	    0.0	    00000000     00000000	   1	[       ]
221   	0     	      2	      condition2	    440.0000	    535.16	    0.0	    00000000     00000000	   1	[       ]
222   	0     	     14	     condition14	    441.9297	   1929.69	    0.0	    00000000     00000000	   1	[       ]
223   	0     	      2	      condition2	    442.4141	    484.38	    0.0	    00000000     00000000	   1	[       ]
224   	0     	      4	    NegLargeDark	    444.2852	   1871.09	    0.0	    00000000     00000000	   1	[      1]
225   	0     	      4	    NegLargeDark	    446.3867	   2101.56	    0.0	    00000000     00000000	   1	[      1]
226   	0     	      6	  NegLargeBright	    448.5898	   2203.12	    0.0	    00000000     00000000	   1	[      3]
227   	0     	      9	   NeutSmallDark	    450.7344	   2144.53	    0.0	    00000000     00000000	   1	[      6]
228   	0     	     14	     condition14	    453.2305	   2496.09	    0.0	    00000000     00000000	   1	[       ]
229   	0     	      2	      condition2	    453.7109	    480.47	    0.0	    00000000     00000000	   1	[       ]
230   	0     	     14	     condition14	    455.5547	   1843.75	    0.0	    00000000     00000000	   1	[       ]
231   	0     	      2	      condition2	    456.0977	    542.97	    0.0	    00000000     00000000	   1	[       ]
232   	0     	      7	  NegSmallBright	    457.6367	   1539.06	    0.0	    00000000     00000000	   1	[      4]
233   	0     	      8	   NeutLargeDark	    460.1406	   2503.91	    0.0	    00000000     00000000	   1	[      5]
234   	0     	      9	   NeutSmallDark	    462.5156	   2375.00	    0.0	    00000000     00000000	   1	[      6]
235   	0     	     11	 NeutSmallBright	    465.0117	   2496.09	    0.0	    00000000     00000000	   1	[      8]
236   	0     	      4	    NegLargeDark	    467.2852	   2273.44	    0.0	    00000000     00000000	   1	[      1]
237   	0     	     15	     condition15	    469.3359	   2050.78	    0.0	    00000000     00000000	   1	[       ]
238   	0     	      2	      condition2	    469.9453	    609.38	    0.0	    00000000     00000000	   1	[       ]
239   	0     	      9	   NeutSmallDark	    471.5430	   1597.66	    0.0	    00000000     00000000	   1	[      6]
240   	0     	      5	    NegSmallDark	    473.9648	   2421.88	    0.0	    00000000     00000000	   1	[      2]
241   	0     	     12	     condition12	    476.1680	   2203.12	    0.0	    00000000     00000000	   1	[       ]
242   	0     	      2	      condition2	    476.5820	    414.06	    0.0	    00000000     00000000	   1	[       ]
243   	0     	     14	     condition14	    478.5430	   1960.94	    0.0	    00000000     00000000	   1	[       ]
244   	0     	      2	      condition2	    479.0078	    464.84	    0.0	    00000000     00000000	   1	[       ]
245   	0     	      5	    NegSmallDark	    480.7266	   1718.75	    0.0	    00000000     00000000	   1	[      2]
246   	0     	      6	  NegLargeBright	    483.8984	   3171.88	    0.0	    00000000     00000000	   1	[      3]
247   	0     	      4	    NegLargeDark	    486.0625	   2164.06	    0.0	    00000000     00000000	   1	[      1]
248   	0     	      5	    NegSmallDark	    488.2852	   2222.66	    0.0	    00000000     00000000	   1	[      2]
249   	0     	      4	    NegLargeDark	    490.4219	   2136.72	    0.0	    00000000     00000000	   1	[      1]
250   	0     	      6	  NegLargeBright	    492.6328	   2210.94	    0.0	    00000000     00000000	   1	[      3]
251   	0     	      6	  NegLargeBright	    495.1602	   2527.34	    0.0	    00000000     00000000	   1	[      3]
252   	0     	     10	 NeutLargeBright	    497.2109	   2050.78	    0.0	    00000000     00000000	   1	[      7]
253   	0     	      8	   NeutLargeDark	    499.6562	   2445.31	    0.0	    00000000     00000000	   1	[      5]
254   	0     	      6	  NegLargeBright	    501.9805	   2324.22	    0.0	    00000000     00000000	   1	[      3]
255   	0     	      4	    NegLargeDark	    504.3242	   2343.75	    0.0	    00000000     00000000	   1	[      1]
256   	0     	     11	 NeutSmallBright	    506.3789	   2054.69	    0.0	    00000000     00000000	   1	[      8]
257   	0     	      8	   NeutLargeDark	    508.6836	   2304.69	    0.0	    00000000     00000000	   1	[      5]
258   	0     	      9	   NeutSmallDark	    511.1758	   2492.19	    0.0	    00000000     00000000	   1	[      6]
259   	0     	      7	  NegSmallBright	    513.2188	   2042.97	    0.0	    00000000     00000000	   1	[      4]
260   	0     	      8	   NeutLargeDark	    515.2852	   2066.41	    0.0	    00000000     00000000	   1	[      5]
261   	0     	     11	 NeutSmallBright	    517.4570	   2171.88	    0.0	    00000000     00000000	   1	[      8]
262   	0     	      4	    NegLargeDark	    519.8516	   2394.53	    0.0	    00000000     00000000	   1	[      1]
263   	0     	      4	    NegLargeDark	    522.1445	   2292.97	    0.0	    00000000     00000000	   1	[      1]
264   	0     	     11	 NeutSmallBright	    524.1992	   2054.69	    0.0	    00000000     00000000	   1	[      8]
265   	0     	     10	 NeutLargeBright	    526.7148	   2515.62	    0.0	    00000000     00000000	   1	[      7]
266   	0     	      5	    NegSmallDark	    529.0781	   2363.28	    0.0	    00000000     00000000	   1	[      2]
267   	0     	     10	 NeutLargeBright	    531.1602	   2082.03	    0.0	    00000000     00000000	   1	[      7]
268   	0     	     13	     condition13	    533.2461	   2085.94	    0.0	    00000000     00000000	   1	[       ]
269   	0     	      2	      condition2	    533.6758	    429.69	    0.0	    00000000     00000000	   1	[       ]
270   	0     	      7	  NegSmallBright	    535.3984	   1722.66	    0.0	    00000000     00000000	   1	[      4]
271   	0     	     11	 NeutSmallBright	    537.7539	   2355.47	    0.0	    00000000     00000000	   1	[      8]
272   	0     	     11	 NeutSmallBright	    540.1484	   2394.53	    0.0	    00000000     00000000	   1	[      8]
273   	0     	      5	    NegSmallDark	    542.2109	   2062.50	    0.0	    00000000     00000000	   1	[      2]
274   	0     	      9	   NeutSmallDark	    544.6445	   2433.59	    0.0	    00000000     00000000	   1	[      6]
275   	0     	     13	     condition13	    546.7500	   2105.47	    0.0	    00000000     00000000	   1	[       ]
276   	0     	      2	      condition2	    547.2734	    523.44	    0.0	    00000000     00000000	   1	[       ]
277   	0     	     12	     condition12	    549.0547	   1781.25	    0.0	    00000000     00000000	   1	[       ]
278   	0     	      2	      condition2	    549.5547	    500.00	    0.0	    00000000     00000000	   1	[       ]
279   	0     	      8	   NeutLargeDark	    551.1680	   1613.28	    0.0	    00000000     00000000	   1	[      5]
280   	0     	     12	     condition12	    553.3203	   2152.34	    0.0	    00000000     00000000	   1	[       ]
281   	0     	      2	      condition2	    553.8008	    480.47	    0.0	    00000000     00000000	   1	[       ]
282   	0     	      4	    NegLargeDark	    555.7852	   1984.38	    0.0	    00000000     00000000	   1	[      1]
283   	0     	      5	    NegSmallDark	    558.1289	   2343.75	    0.0	    00000000     00000000	   1	[      2]
284   	0     	      5	    NegSmallDark	    560.6328	   2503.91	    0.0	    00000000     00000000	   1	[      2]
285   	0     	      8	   NeutLargeDark	    562.7578	   2125.00	    0.0	    00000000     00000000	   1	[      5]
286   	0     	     11	 NeutSmallBright	    564.7812	   2023.44	    0.0	    00000000     00000000	   1	[      8]
287   	0     	     10	 NeutLargeBright	    567.0352	   2253.91	    0.0	    00000000     00000000	   1	[      7]
288   	0     	      6	  NegLargeBright	    569.2500	   2214.84	    0.0	    00000000     00000000	   1	[      3]
289   	0     	     10	 NeutLargeBright	    571.5039	   2253.91	    0.0	    00000000     00000000	   1	[      7]
290   	0     	      8	   NeutLargeDark	    573.5664	   2062.50	    0.0	    00000000     00000000	   1	[      5]
291   	0     	     11	 NeutSmallBright	    575.8320	   2265.62	    0.0	    00000000     00000000	   1	[      8]
292   	0     	      9	   NeutSmallDark	    577.9648	   2132.81	    0.0	    00000000     00000000	   1	[      6]
293   	0     	      8	   NeutLargeDark	    580.1172	   2152.34	    0.0	    00000000     00000000	   1	[      5]
294   	0     	      4	    NegLargeDark	    582.2305	   2113.28	    0.0	    00000000     00000000	   1	[      1]
295   	0     	      8	   NeutLargeDark	    584.3750	   2144.53	    0.0	    00000000     00000000	   1	[      5]
296   	0     	     10	 NeutLargeBright	    586.8984	   2523.44	    0.0	    00000000     00000000	   1	[      7]
297   	0     	      5	    NegSmallDark	    588.9648	   2066.41	    0.0	    00000000     00000000	   1	[      2]
298   	0     	     11	 NeutSmallBright	    591.2773	   2312.50	    0.0	    00000000     00000000	   1	[      8]
299   	0     	      6	  NegLargeBright	    593.5898	   2312.50	    0.0	    00000000     00000000	   1	[      3]
300   	0     	      6	  NegLargeBright	    595.8438	   2253.91	    0.0	    00000000     00000000	   1	[      3]
301   	0     	      6	  NegLargeBright	    598.2812	   2437.50	    0.0	    00000000     00000000	   1	[      3]
302   	0     	      9	   NeutSmallDark	    600.5352	   2253.91	    0.0	    00000000     00000000	   1	[      6]
303   	0     	      5	    NegSmallDark	    602.8984	   2363.28	    0.0	    00000000     00000000	   1	[      2]
304   	0     	      5	    NegSmallDark	    605.2500	   2351.56	    0.0	    00000000     00000000	   1	[      2]
305   	0     	      7	  NegSmallBright	    607.4258	   2175.78	    0.0	    00000000     00000000	   1	[      4]
306   	0     	     13	     condition13	    609.8516	   2425.78	    0.0	    00000000     00000000	   1	[       ]
307   	0     	      2	      condition2	    610.3828	    531.25	    0.0	    00000000     00000000	   1	[       ]
308   	0     	     14	     condition14	    612.2734	   1890.62	    0.0	    00000000     00000000	   1	[       ]
309   	0     	      2	      condition2	    612.8555	    582.03	    0.0	    00000000     00000000	   1	[       ]
310   	0     	     12	     condition12	    614.4062	   1550.78	    0.0	    00000000     00000000	   1	[       ]
311   	0     	      2	      condition2	    614.7773	    371.09	    0.0	    00000000     00000000	   1	[       ]
312   	0     	      6	  NegLargeBright	    616.9414	   2164.06	    0.0	    00000000     00000000	   1	[      3]
313   	0     	      6	  NegLargeBright	    619.4258	   2484.38	    0.0	    00000000     00000000	   1	[      3]
314   	0     	      7	  NegSmallBright	    621.7422	   2316.41	    0.0	    00000000     00000000	   1	[      4]
315   	0     	     12	     condition12	    623.8242	   2082.03	    0.0	    00000000     00000000	   1	[       ]
316   	0     	      2	      condition2	    624.4336	    609.38	    0.0	    00000000     00000000	   1	[       ]
317   	0     	     11	 NeutSmallBright	    626.1797	   1746.09	    0.0	    00000000     00000000	   1	[      8]
318   	0     	      6	  NegLargeBright	    628.2422	   2062.50	    0.0	    00000000     00000000	   1	[      3]
319   	0     	     11	 NeutSmallBright	    630.7266	   2484.38	    0.0	    00000000     00000000	   1	[      8]
320   	0     	     12	     condition12	    632.7891	   2062.50	    0.0	    00000000     00000000	   1	[       ]
321   	0     	      2	      condition2	    633.2305	    441.41	    0.0	    00000000     00000000	   1	[       ]
322   	0     	      7	  NegSmallBright	    634.8828	   1652.34	    0.0	    00000000     00000000	   1	[      4]
323   	0     	      7	  NegSmallBright	    637.1484	   2265.62	    0.0	    00000000     00000000	   1	[      4]
324   	0     	      7	  NegSmallBright	    639.1797	   2031.25	    0.0	    00000000     00000000	   1	[      4]
325   	0     	    253	              ""	    641.5625	   2382.81	    0.0	    00000000     00000000	   1	[       ]
326   	0     	      9	   NeutSmallDark	    642.5703	   1007.81	    0.0	    00000000     00000000	   1	[      6]
327   	0     	      5	    NegSmallDark	    644.8750	   2304.69	    0.0	    00000000     00000000	   1	[      2]
328   	0     	     13	     condition13	    647.3203	   2445.31	    0.0	    00000000     00000000	   1	[       ]
329   	0     	      2	      condition2	    647.8047	    484.38	    0.0	    00000000     00000000	   1	[       ]
330   	0     	      8	   NeutLargeDark	    649.5820	   1777.34	    0.0	    00000000     00000000	   1	[      5]
331   	0     	      9	   NeutSmallDark	    651.8281	   2246.09	    0.0	    00000000     00000000	   1	[      6]
332   	0     	     10	 NeutLargeBright	    654.2617	   2433.59	    0.0	    00000000     00000000	   1	[      7]
333   	0     	     14	     condition14	    656.5547	   2292.97	    0.0	    00000000     00000000	   1	[       ]
334   	0     	      2	      condition2	    657.1055	    550.78	    0.0	    00000000     00000000	   1	[       ]
335   	0     	      4	    NegLargeDark	    658.7695	   1664.06	    0.0	    00000000     00000000	   1	[      1]
336   	0     	     10	 NeutLargeBright	    661.1641	   2394.53	    0.0	    00000000     00000000	   1	[      7]
337   	0     	      7	  NegSmallBright	    663.4453	   2281.25	    0.0	    00000000     00000000	   1	[      4]
338   	0     	     11	 NeutSmallBright	    665.6094	   2164.06	    0.0	    00000000     00000000	   1	[      8]
339   	0     	      9	   NeutSmallDark	    667.6953	   2085.94	    0.0	    00000000     00000000	   1	[      6]
340   	0     	     10	 NeutLargeBright	    670.0391	   2343.75	    0.0	    00000000     00000000	   1	[      7]
341   	0     	      5	    NegSmallDark	    672.0625	   2023.44	    0.0	    00000000     00000000	   1	[      2]
342   	0     	      7	  NegSmallBright	    674.0938	   2031.25	    0.0	    00000000     00000000	   1	[      4]
343   	0     	      8	   NeutLargeDark	    676.6016	   2507.81	    0.0	    00000000     00000000	   1	[      5]
344   	0     	     11	 NeutSmallBright	    678.9648	   2363.28	    0.0	    00000000     00000000	   1	[      8]
345   	0     	      4	    NegLargeDark	    681.2695	   2304.69	    0.0	    00000000     00000000	   1	[      1]
346   	0     	      4	    NegLargeDark	    683.4219	   2152.34	    0.0	    00000000     00000000	   1	[      1]
347   	0     	     11	 NeutSmallBright	    685.7070	   2285.16	    0.0	    00000000     00000000	   1	[      8]
348   	0     	      7	  NegSmallBright	    687.9805	   2273.44	    0.0	    00000000     00000000	   1	[      4]
349   	0     	     15	     condition15	    690.2930	   2312.50	    0.0	    00000000     00000000	   1	[       ]
350   	0     	      2	      condition2	    690.8633	    570.31	    0.0	    00000000     00000000	   1	[       ]
351   	0     	      5	    NegSmallDark	    692.5391	   1675.78	    0.0	    00000000     00000000	   1	[      2]
352   	0     	     11	 NeutSmallBright	    695.0117	   2472.66	    0.0	    00000000     00000000	   1	[      8]
353   	0     	      7	  NegSmallBright	    697.2266	   2214.84	    0.0	    00000000     00000000	   1	[      4]
354   	0     	      7	  NegSmallBright	    699.3594	   2132.81	    0.0	    00000000     00000000	   1	[      4]
355   	0     	     10	 NeutLargeBright	    701.4023	   2042.97	    0.0	    00000000     00000000	   1	[      7]
356   	0     	      8	   NeutLargeDark	    703.5664	   2164.06	    0.0	    00000000     00000000	   1	[      5]
357   	0     	      6	  NegLargeBright	    705.9023	   2335.94	    0.0	    00000000     00000000	   1	[      3]
358   	0     	      6	  NegLargeBright	    708.0039	   2101.56	    0.0	    00000000     00000000	   1	[      3]
359   	0     	     14	     condition14	    710.1875	   2183.59	    0.0	    00000000     00000000	   1	[       ]
360   	0     	      2	      condition2	    710.6914	    503.91	    0.0	    00000000     00000000	   1	[       ]
361   	0     	      7	  NegSmallBright	    712.5547	   1863.28	    0.0	    00000000     00000000	   1	[      4]
362   	0     	      7	  NegSmallBright	    714.9492	   2394.53	    0.0	    00000000     00000000	   1	[      4]
363   	0     	     12	     condition12	    717.0117	   2062.50	    0.0	    00000000     00000000	   1	[       ]
364   	0     	      2	      condition2	    717.6250	    613.28	    0.0	    00000000     00000000	   1	[       ]
365   	0     	     12	     condition12	    719.2031	   1578.12	    0.0	    00000000     00000000	   1	[       ]
366   	0     	      2	      condition2	    719.6367	    433.59	    0.0	    00000000     00000000	   1	[       ]
367   	0     	     11	 NeutSmallBright	    721.4570	   1820.31	    0.0	    00000000     00000000	   1	[      8]
368   	0     	     11	 NeutSmallBright	    723.7812	   2324.22	    0.0	    00000000     00000000	   1	[      8]
369   	0     	      6	  NegLargeBright	    726.1367	   2355.47	    0.0	    00000000     00000000	   1	[      3]
370   	0     	     14	     condition14	    728.2109	   2074.22	    0.0	    00000000     00000000	   1	[       ]
371   	0     	      2	      condition2	    728.7148	    503.91	    0.0	    00000000     00000000	   1	[       ]
372   	0     	      4	    NegLargeDark	    730.5039	   1789.06	    0.0	    00000000     00000000	   1	[      1]
373   	0     	     11	 NeutSmallBright	    732.9883	   2484.38	    0.0	    00000000     00000000	   1	[      8]
374   	0     	     10	 NeutLargeBright	    735.2617	   2273.44	    0.0	    00000000     00000000	   1	[      7]
375   	0     	     15	     condition15	    737.3750	   2113.28	    0.0	    00000000     00000000	   1	[       ]
376   	0     	      2	      condition2	    737.9258	    550.78	    0.0	    00000000     00000000	   1	[       ]
377   	0     	      5	    NegSmallDark	    739.6797	   1753.91	    0.0	    00000000     00000000	   1	[      2]
378   	0     	     10	 NeutLargeBright	    742.0039	   2324.22	    0.0	    00000000     00000000	   1	[      7]
379   	0     	     11	 NeutSmallBright	    744.0977	   2093.75	    0.0	    00000000     00000000	   1	[      8]
380   	0     	     10	 NeutLargeBright	    746.2617	   2164.06	    0.0	    00000000     00000000	   1	[      7]
381   	0     	      8	   NeutLargeDark	    748.7773	   2515.62	    0.0	    00000000     00000000	   1	[      5]
382   	0     	     10	 NeutLargeBright	    750.9609	   2183.59	    0.0	    00000000     00000000	   1	[      7]
383   	0     	     15	     condition15	    753.4844	   2523.44	    0.0	    00000000     00000000	   1	[       ]
384   	0     	      2	      condition2	    754.1133	    628.91	    0.0	    00000000     00000000	   1	[       ]
385   	0     	      9	   NeutSmallDark	    755.5078	   1394.53	    0.0	    00000000     00000000	   1	[      6]
386   	0     	      6	  NegLargeBright	    757.8438	   2335.94	    0.0	    00000000     00000000	   1	[      3]
387   	0     	      8	   NeutLargeDark	    760.0273	   2183.59	    0.0	    00000000     00000000	   1	[      5]
388   	0     	     15	     condition15	    762.2305	   2203.12	    0.0	    00000000     00000000	   1	[       ]
389   	0     	      2	      condition2	    763.1055	    875.00	    0.0	    00000000     00000000	   1	[       ]
390   	0     	      7	  NegSmallBright	    764.3359	   1230.47	    0.0	    00000000     00000000	   1	[      4]
391   	0     	      4	    NegLargeDark	    766.7969	   2460.94	    0.0	    00000000     00000000	   1	[      1]
392   	0     	     11	 NeutSmallBright	    768.9531	   2156.25	    0.0	    00000000     00000000	   1	[      8]
393   	0     	     15	     condition15	    771.1172	   2164.06	    0.0	    00000000     00000000	   1	[       ]
394   	0     	      2	      condition2	    771.6719	    554.69	    0.0	    00000000     00000000	   1	[       ]
395   	0     	     11	 NeutSmallBright	    773.6211	   1949.22	    0.0	    00000000     00000000	   1	[      8]
396   	0     	     11	 NeutSmallBright	    775.9531	   2332.03	    0.0	    00000000     00000000	   1	[      8]
397   	0     	      7	  NegSmallBright	    778.1367	   2183.59	    0.0	    00000000     00000000	   1	[      4]
398   	0     	      7	  NegSmallBright	    780.2539	   2117.19	    0.0	    00000000     00000000	   1	[      4]
399   	0     	      7	  NegSmallBright	    782.6250	   2371.09	    0.0	    00000000     00000000	   1	[      4]
400   	0     	      8	   NeutLargeDark	    784.8398	   2214.84	    0.0	    00000000     00000000	   1	[      5]
401   	0     	     15	     condition15	    787.2852	   2445.31	    0.0	    00000000     00000000	   1	[       ]
402   	0     	      2	      condition2	    787.8672	    582.03	    0.0	    00000000     00000000	   1	[       ]
403   	0     	     10	 NeutLargeBright	    789.6875	   1820.31	    0.0	    00000000     00000000	   1	[      7]
404   	0     	     13	     condition13	    792.1133	   2425.78	    0.0	    00000000     00000000	   1	[       ]
405   	0     	      2	      condition2	    792.6250	    511.72	    0.0	    00000000     00000000	   1	[       ]
406   	0     	      4	    NegLargeDark	    794.6172	   1992.19	    0.0	    00000000     00000000	   1	[      1]
407   	0     	      8	   NeutLargeDark	    796.7891	   2171.88	    0.0	    00000000     00000000	   1	[      5]
408   	0     	     11	 NeutSmallBright	    798.9062	   2117.19	    0.0	    00000000     00000000	   1	[      8]
409   	0     	    253	              ""	    801.7188	   2812.50	    0.0	    00000000     00000000	   1	[       ]
410   	0     	     10	 NeutLargeBright	    802.7305	   1011.72	    0.0	    00000000     00000000	   1	[      7]
411   	0     	     11	 NeutSmallBright	    804.9766	   2246.09	    0.0	    00000000     00000000	   1	[      8]
412   	0     	      2	      condition2	    805.5664	    589.84	    0.0	    00000000     00000000	   1	[       ]
413   	0     	      9	   NeutSmallDark	    807.4883	   1921.88	    0.0	    00000000     00000000	   1	[      6]
414   	0     	     12	     condition12	    809.7734	   2285.16	    0.0	    00000000     00000000	   1	[       ]
415   	0     	      2	      condition2	    810.4609	    687.50	    0.0	    00000000     00000000	   1	[       ]
416   	0     	     11	 NeutSmallBright	    812.1367	   1675.78	    0.0	    00000000     00000000	   1	[      8]
417   	0     	     15	     condition15	    814.3594	   2222.66	    0.0	    00000000     00000000	   1	[       ]
418   	0     	      2	      condition2	    815.0547	    695.31	    0.0	    00000000     00000000	   1	[       ]
419   	0     	     10	 NeutLargeBright	    816.5156	   1460.94	    0.0	    00000000     00000000	   1	[      7]
420   	0     	     11	 NeutSmallBright	    818.5703	   2054.69	    0.0	    00000000     00000000	   1	[      8]
421   	0     	      7	  NegSmallBright	    820.6523	   2082.03	    0.0	    00000000     00000000	   1	[      4]
422   	0     	      4	    NegLargeDark	    822.8047	   2152.34	    0.0	    00000000     00000000	   1	[      1]
423   	0     	      9	   NeutSmallDark	    825.2695	   2464.84	    0.0	    00000000     00000000	   1	[      6]
424   	0     	      5	    NegSmallDark	    827.3945	   2125.00	    0.0	    00000000     00000000	   1	[      2]
425   	0     	      5	    NegSmallDark	    829.5273	   2132.81	    0.0	    00000000     00000000	   1	[      2]
426   	0     	      9	   NeutSmallDark	    831.9023	   2375.00	    0.0	    00000000     00000000	   1	[      6]
427   	0     	     15	     condition15	    834.1055	   2203.12	    0.0	    00000000     00000000	   1	[       ]
428   	0     	      2	      condition2	    834.7969	    691.41	    0.0	    00000000     00000000	   1	[       ]
429   	0     	     11	 NeutSmallBright	    836.2695	   1472.66	    0.0	    00000000     00000000	   1	[      8]
430   	0     	      8	   NeutLargeDark	    838.7148	   2445.31	    0.0	    00000000     00000000	   1	[      5]
431   	0     	      6	  NegLargeBright	    841.0898	   2375.00	    0.0	    00000000     00000000	   1	[      3]
432   	0     	     11	 NeutSmallBright	    843.1406	   2050.78	    0.0	    00000000     00000000	   1	[      8]
433   	0     	      8	   NeutLargeDark	    845.2969	   2156.25	    0.0	    00000000     00000000	   1	[      5]
434   	0     	      6	  NegLargeBright	    847.7617	   2464.84	    0.0	    00000000     00000000	   1	[      3]
435   	0     	     10	 NeutLargeBright	    850.2656	   2503.91	    0.0	    00000000     00000000	   1	[      7]
436   	0     	     11	 NeutSmallBright	    852.7383	   2472.66	    0.0	    00000000     00000000	   1	[      8]
437   	0     	      5	    NegSmallDark	    854.9531	   2214.84	    0.0	    00000000     00000000	   1	[      2]
438   	0     	      7	  NegSmallBright	    857.0977	   2144.53	    0.0	    00000000     00000000	   1	[      4]
439   	0     	     10	 NeutLargeBright	    859.5312	   2433.59	    0.0	    00000000     00000000	   1	[      7]
440   	0     	      8	   NeutLargeDark	    861.7344	   2203.12	    0.0	    00000000     00000000	   1	[      5]
441   	0     	      5	    NegSmallDark	    864.0469	   2312.50	    0.0	    00000000     00000000	   1	[      2]
442   	0     	     13	     condition13	    866.4219	   2375.00	    0.0	    00000000     00000000	   1	[       ]
443   	0     	      2	      condition2	    867.0117	    589.84	    0.0	    00000000     00000000	   1	[       ]
444   	0     	     13	     condition13	    868.7773	   1765.62	    0.0	    00000000     00000000	   1	[       ]
445   	0     	      2	      condition2	    869.3398	    562.50	    0.0	    00000000     00000000	   1	[       ]
446   	0     	      6	  NegLargeBright	    870.9609	   1621.09	    0.0	    00000000     00000000	   1	[      3]
447   	0     	     10	 NeutLargeBright	    873.4258	   2464.84	    0.0	    00000000     00000000	   1	[      7]
448   	0     	      9	   NeutSmallDark	    875.9375	   2511.72	    0.0	    00000000     00000000	   1	[      6]
449   	0     	      4	    NegLargeDark	    878.2227	   2285.16	    0.0	    00000000     00000000	   1	[      1]
450   	0     	      5	    NegSmallDark	    880.6484	   2425.78	    0.0	    00000000     00000000	   1	[      2]
451   	0     	      9	   NeutSmallDark	    882.6914	   2042.97	    0.0	    00000000     00000000	   1	[      6]
452   	0     	     11	 NeutSmallBright	    884.8438	   2152.34	    0.0	    00000000     00000000	   1	[      8]
453   	0     	      9	   NeutSmallDark	    887.0391	   2195.31	    0.0	    00000000     00000000	   1	[      6]
454   	0     	      6	  NegLargeBright	    889.2734	   2234.38	    0.0	    00000000     00000000	   1	[      3]
455   	0     	      4	    NegLargeDark	    891.3477	   2074.22	    0.0	    00000000     00000000	   1	[      1]
456   	0     	      4	    NegLargeDark	    893.6289	   2281.25	    0.0	    00000000     00000000	   1	[      1]
457   	0     	      9	   NeutSmallDark	    895.8633	   2234.38	    0.0	    00000000     00000000	   1	[      6]
458   	0     	     11	 NeutSmallBright	    898.0664	   2203.12	    0.0	    00000000     00000000	   1	[      8]
459   	0     	      7	  NegSmallBright	    900.5234	   2457.03	    0.0	    00000000     00000000	   1	[      4]
460   	0     	     10	 NeutLargeBright	    903.0156	   2492.19	    0.0	    00000000     00000000	   1	[      7]
461   	0     	      5	    NegSmallDark	    905.3711	   2355.47	    0.0	    00000000     00000000	   1	[      2]
462   	0     	     11	 NeutSmallBright	    907.5938	   2222.66	    0.0	    00000000     00000000	   1	[      8]
463   	0     	      7	  NegSmallBright	    909.7188	   2125.00	    0.0	    00000000     00000000	   1	[      4]
464   	0     	     14	     condition14	    911.8711	   2152.34	    0.0	    00000000     00000000	   1	[       ]
465   	0     	      2	      condition2	    912.4102	    539.06	    0.0	    00000000     00000000	   1	[       ]
466   	0     	      9	   NeutSmallDark	    913.9141	   1503.91	    0.0	    00000000     00000000	   1	[      6]
467   	0     	     11	 NeutSmallBright	    916.0000	   2085.94	    0.0	    00000000     00000000	   1	[      8]
468   	0     	      8	   NeutLargeDark	    918.2734	   2273.44	    0.0	    00000000     00000000	   1	[      5]
469   	0     	     10	 NeutLargeBright	    920.4688	   2195.31	    0.0	    00000000     00000000	   1	[      7]
470   	0     	     10	 NeutLargeBright	    922.9219	   2453.12	    0.0	    00000000     00000000	   1	[      7]
471   	0     	     13	     condition13	    925.0859	   2164.06	    0.0	    00000000     00000000	   1	[       ]
472   	0     	      2	      condition2	    925.6953	    609.38	    0.0	    00000000     00000000	   1	[       ]
473   	0     	     15	     condition15	    927.5508	   1855.47	    0.0	    00000000     00000000	   1	[       ]
474   	0     	      2	      condition2	    928.0898	    539.06	    0.0	    00000000     00000000	   1	[       ]
475   	0     	      7	  NegSmallBright	    929.7031	   1613.28	    0.0	    00000000     00000000	   1	[      4]
476   	0     	     10	 NeutLargeBright	    931.9688	   2265.62	    0.0	    00000000     00000000	   1	[      7]
477   	0     	     13	     condition13	    934.2812	   2312.50	    0.0	    00000000     00000000	   1	[       ]
478   	0     	      2	      condition2	    934.8203	    539.06	    0.0	    00000000     00000000	   1	[       ]
479   	0     	      7	  NegSmallBright	    936.5664	   1746.09	    0.0	    00000000     00000000	   1	[      4]
480   	0     	     10	 NeutLargeBright	    938.9492	   2382.81	    0.0	    00000000     00000000	   1	[      7]
481   	0     	      4	    NegLargeDark	    941.2734	   2324.22	    0.0	    00000000     00000000	   1	[      1]
482   	0     	     11	 NeutSmallBright	    943.4688	   2195.31	    0.0	    00000000     00000000	   1	[      8]
483   	0     	      6	  NegLargeBright	    945.8633	   2394.53	    0.0	    00000000     00000000	   1	[      3]
484   	0     	      7	  NegSmallBright	    948.0352	   2171.88	    0.0	    00000000     00000000	   1	[      4]
485   	0     	     12	     condition12	    950.4492	   2414.06	    0.0	    00000000     00000000	   1	[       ]
486   	0     	      2	      condition2	    950.9805	    531.25	    0.0	    00000000     00000000	   1	[       ]
487   	0     	     11	 NeutSmallBright	    952.7734	   1792.97	    0.0	    00000000     00000000	   1	[      8]
488   	0     	      9	   NeutSmallDark	    954.8594	   2085.94	    0.0	    00000000     00000000	   1	[      6]
489   	0     	      8	   NeutLargeDark	    957.0703	   2210.94	    0.0	    00000000     00000000	   1	[      5]
490   	0     	      9	   NeutSmallDark	    959.2969	   2226.56	    0.0	    00000000     00000000	   1	[      6]
491   	0     	    253	              ""	    962.0000	   2703.12	    0.0	    00000000     00000000	   1	[       ]
492   	0     	     11	 NeutSmallBright	    963.0078	   1007.81	    0.0	    00000000     00000000	   1	[      8]
493   	0     	      7	  NegSmallBright	    965.3438	   2335.94	    0.0	    00000000     00000000	   1	[      4]
494   	0     	      8	   NeutLargeDark	    967.7148	   2371.09	    0.0	    00000000     00000000	   1	[      5]
495   	0     	      8	   NeutLargeDark	    970.0312	   2316.41	    0.0	    00000000     00000000	   1	[      5]
496   	0     	      7	  NegSmallBright	    972.1836	   2152.34	    0.0	    00000000     00000000	   1	[      4]
497   	0     	      6	  NegLargeBright	    974.2500	   2066.41	    0.0	    00000000     00000000	   1	[      3]
498   	0     	      8	   NeutLargeDark	    976.5820	   2332.03	    0.0	    00000000     00000000	   1	[      5]
499   	0     	      9	   NeutSmallDark	    978.6250	   2042.97	    0.0	    00000000     00000000	   1	[      6]
500   	0     	      6	  NegLargeBright	    980.7695	   2144.53	    0.0	    00000000     00000000	   1	[      3]
501   	0     	     10	 NeutLargeBright	    982.8125	   2042.97	    0.0	    00000000     00000000	   1	[      7]
502   	0     	      7	  NegSmallBright	    985.0664	   2253.91	    0.0	    00000000     00000000	   1	[      4]
503   	0     	      4	    NegLargeDark	    987.5625	   2496.09	    0.0	    00000000     00000000	   1	[      1]
504   	0     	      6	  NegLargeBright	    989.8672	   2304.69	    0.0	    00000000     00000000	   1	[      3]
505   	0     	      8	   NeutLargeDark	    992.3086	   2441.41	    0.0	    00000000     00000000	   1	[      5]
506   	0     	      8	   NeutLargeDark	    994.4531	   2144.53	    0.0	    00000000     00000000	   1	[      5]
507   	0     	      9	   NeutSmallDark	    996.6562	   2203.12	    0.0	    00000000     00000000	   1	[      6]
508   	0     	     10	 NeutLargeBright	    998.7695	   2113.28	    0.0	    00000000     00000000	   1	[      7]
509   	0     	     14	     condition14	   1001.0938	   2324.22	    0.0	    00000000     00000000	   1	[       ]
510   	0     	      2	      condition2	   1001.7109	    617.19	    0.0	    00000000     00000000	   1	[       ]
511   	0     	      9	   NeutSmallDark	   1003.3398	   1628.91	    0.0	    00000000     00000000	   1	[      6]
512   	0     	      6	  NegLargeBright	   1005.5625	   2222.66	    0.0	    00000000     00000000	   1	[      3]
513   	0     	      4	    NegLargeDark	   1007.6484	   2085.94	    0.0	    00000000     00000000	   1	[      1]
514   	0     	      8	   NeutLargeDark	   1010.0117	   2363.28	    0.0	    00000000     00000000	   1	[      5]
515   	0     	      5	    NegSmallDark	   1012.1445	   2132.81	    0.0	    00000000     00000000	   1	[      2]
516   	0     	      8	   NeutLargeDark	   1014.4883	   2343.75	    0.0	    00000000     00000000	   1	[      5]
517   	0     	     10	 NeutLargeBright	   1016.5742	   2085.94	    0.0	    00000000     00000000	   1	[      7]
518   	0     	      8	   NeutLargeDark	   1018.7266	   2152.34	    0.0	    00000000     00000000	   1	[      5]
519   	0     	      4	    NegLargeDark	   1021.0312	   2304.69	    0.0	    00000000     00000000	   1	[      1]
520   	0     	      8	   NeutLargeDark	   1023.5156	   2484.38	    0.0	    00000000     00000000	   1	[      5]
521   	0     	     11	 NeutSmallBright	   1025.8672	   2351.56	    0.0	    00000000     00000000	   1	[      8]
522   	0     	      8	   NeutLargeDark	   1028.2148	   2347.66	    0.0	    00000000     00000000	   1	[      5]
523   	0     	      7	  NegSmallBright	   1030.4688	   2253.91	    0.0	    00000000     00000000	   1	[      4]
524   	0     	      9	   NeutSmallDark	   1032.9531	   2484.38	    0.0	    00000000     00000000	   1	[      6]
525   	0     	      8	   NeutLargeDark	   1035.4258	   2472.66	    0.0	    00000000     00000000	   1	[      5]
526   	0     	     11	 NeutSmallBright	   1037.6602	   2234.38	    0.0	    00000000     00000000	   1	[      8]
527   	0     	      9	   NeutSmallDark	   1039.9453	   2285.16	    0.0	    00000000     00000000	   1	[      6]
528   	0     	      5	    NegSmallDark	   1042.0391	   2093.75	    0.0	    00000000     00000000	   1	[      2]
529   	0     	      8	   NeutLargeDark	   1044.4531	   2414.06	    0.0	    00000000     00000000	   1	[      5]
530   	0     	      8	   NeutLargeDark	   1046.5156	   2062.50	    0.0	    00000000     00000000	   1	[      5]
531   	0     	      8	   NeutLargeDark	   1048.6484	   2132.81	    0.0	    00000000     00000000	   1	[      5]
532   	0     	      7	  NegSmallBright	   1051.0820	   2433.59	    0.0	    00000000     00000000	   1	[      4]
533   	0     	      5	    NegSmallDark	   1053.1484	   2066.41	    0.0	    00000000     00000000	   1	[      2]
534   	0     	      4	    NegLargeDark	   1055.6523	   2503.91	    0.0	    00000000     00000000	   1	[      1]
535   	0     	     10	 NeutLargeBright	   1057.9961	   2343.75	    0.0	    00000000     00000000	   1	[      7]
536   	0     	      4	    NegLargeDark	   1060.0898	   2093.75	    0.0	    00000000     00000000	   1	[      1]
537   	0     	      4	    NegLargeDark	   1062.2344	   2144.53	    0.0	    00000000     00000000	   1	[      1]
538   	0     	      6	  NegLargeBright	   1064.3359	   2101.56	    0.0	    00000000     00000000	   1	[      3]
539   	0     	     10	 NeutLargeBright	   1066.7812	   2445.31	    0.0	    00000000     00000000	   1	[      7]
540   	0     	      8	   NeutLargeDark	   1069.2539	   2472.66	    0.0	    00000000     00000000	   1	[      5]
541   	0     	      7	  NegSmallBright	   1071.2969	   2042.97	    0.0	    00000000     00000000	   1	[      4]
542   	0     	      5	    NegSmallDark	   1073.4023	   2105.47	    0.0	    00000000     00000000	   1	[      2]
543   	0     	      6	  NegLargeBright	   1075.4766	   2074.22	    0.0	    00000000     00000000	   1	[      3]
544   	0     	      7	  NegSmallBright	   1077.8203	   2343.75	    0.0	    00000000     00000000	   1	[      4]
545   	0     	     10	 NeutLargeBright	   1080.2852	   2464.84	    0.0	    00000000     00000000	   1	[      7]
546   	0     	      5	    NegSmallDark	   1082.5469	   2261.72	    0.0	    00000000     00000000	   1	[      2]
547   	0     	     11	 NeutSmallBright	   1085.0430	   2496.09	    0.0	    00000000     00000000	   1	[      8]
548   	0     	     10	 NeutLargeBright	   1087.4258	   2382.81	    0.0	    00000000     00000000	   1	[      7]
549   	0     	      9	   NeutSmallDark	   1089.6211	   2195.31	    0.0	    00000000     00000000	   1	[      6]
550   	0     	     15	     condition15	   1091.9062	   2285.16	    0.0	    00000000     00000000	   1	[       ]
551   	0     	      2	      condition2	   1092.4141	    507.81	    0.0	    00000000     00000000	   1	[       ]
552   	0     	      7	  NegSmallBright	   1094.2695	   1855.47	    0.0	    00000000     00000000	   1	[      4]
553   	0     	      9	   NeutSmallDark	   1096.3008	   2031.25	    0.0	    00000000     00000000	   1	[      6]
554   	0     	      7	  NegSmallBright	   1098.7070	   2406.25	    0.0	    00000000     00000000	   1	[      4]
555   	0     	     15	     condition15	   1100.9492	   2242.19	    0.0	    00000000     00000000	   1	[       ]
556   	0     	      2	      condition2	   1101.4922	    542.97	    0.0	    00000000     00000000	   1	[       ]
557   	0     	      7	  NegSmallBright	   1103.0430	   1550.78	    0.0	    00000000     00000000	   1	[      4]
558   	0     	      6	  NegLargeBright	   1105.2188	   2175.78	    0.0	    00000000     00000000	   1	[      3]
559   	0     	      7	  NegSmallBright	   1107.6406	   2421.88	    0.0	    00000000     00000000	   1	[      4]
560   	0     	     13	     condition13	   1109.8945	   2253.91	    0.0	    00000000     00000000	   1	[       ]
561   	0     	      2	      condition2	   1110.4219	    527.34	    0.0	    00000000     00000000	   1	[       ]
562   	0     	      8	   NeutLargeDark	   1112.0117	   1589.84	    0.0	    00000000     00000000	   1	[      5]
563   	0     	      9	   NeutSmallDark	   1114.5039	   2492.19	    0.0	    00000000     00000000	   1	[      6]
564   	0     	      8	   NeutLargeDark	   1116.8594	   2355.47	    0.0	    00000000     00000000	   1	[      5]
565   	0     	     11	 NeutSmallBright	   1119.2344	   2375.00	    0.0	    00000000     00000000	   1	[      8]
566   	0     	    253	              ""	   1121.3906	   2156.25	    0.0	    00000000     00000000	   1	[       ]
567   	0     	      8	   NeutLargeDark	   1122.3984	   1007.81	    0.0	    00000000     00000000	   1	[      5]
568   	0     	      8	   NeutLargeDark	   1124.7539	   2355.47	    0.0	    00000000     00000000	   1	[      5]
569   	0     	      5	    NegSmallDark	   1127.1680	   2414.06	    0.0	    00000000     00000000	   1	[      2]
570   	0     	      4	    NegLargeDark	   1129.4023	   2234.38	    0.0	    00000000     00000000	   1	[      1]
571   	0     	      6	  NegLargeBright	   1131.4844	   2082.03	    0.0	    00000000     00000000	   1	[      3]
572   	0     	      7	  NegSmallBright	   1133.9688	   2484.38	    0.0	    00000000     00000000	   1	[      4]
573   	0     	      7	  NegSmallBright	   1136.0234	   2054.69	    0.0	    00000000     00000000	   1	[      4]
574   	0     	      8	   NeutLargeDark	   1138.0664	   2042.97	    0.0	    00000000     00000000	   1	[      5]
575   	0     	      9	   NeutSmallDark	   1140.5508	   2484.38	    0.0	    00000000     00000000	   1	[      6]
576   	0     	      7	  NegSmallBright	   1142.9844	   2433.59	    0.0	    00000000     00000000	   1	[      4]
577   	0     	      5	    NegSmallDark	   1145.2891	   2304.69	    0.0	    00000000     00000000	   1	[      2]
578   	0     	      9	   NeutSmallDark	   1147.7734	   2484.38	    0.0	    00000000     00000000	   1	[      6]
579   	0     	     13	     condition13	   1149.9180	   2144.53	    0.0	    00000000     00000000	   1	[       ]
580   	0     	      2	      condition2	   1150.5156	    597.66	    0.0	    00000000     00000000	   1	[       ]
581   	0     	      5	    NegSmallDark	   1152.4336	   1917.97	    0.0	    00000000     00000000	   1	[      2]
582   	0     	      4	    NegLargeDark	   1154.6562	   2222.66	    0.0	    00000000     00000000	   1	[      1]
583   	0     	      5	    NegSmallDark	   1157.0391	   2382.81	    0.0	    00000000     00000000	   1	[      2]
584   	0     	     13	     condition13	   1159.3828	   2343.75	    0.0	    00000000     00000000	   1	[       ]
585   	0     	      2	      condition2	   1159.9648	    582.03	    0.0	    00000000     00000000	   1	[       ]
586   	0     	     11	 NeutSmallBright	   1161.6367	   1671.88	    0.0	    00000000     00000000	   1	[      8]
587   	0     	     15	     condition15	   1163.9727	   2335.94	    0.0	    00000000     00000000	   1	[       ]
588   	0     	      2	      condition2	   1164.5508	    578.12	    0.0	    00000000     00000000	   1	[       ]
589   	0     	      8	   NeutLargeDark	   1166.2461	   1695.31	    0.0	    00000000     00000000	   1	[      5]
590   	0     	      7	  NegSmallBright	   1168.6719	   2425.78	    0.0	    00000000     00000000	   1	[      4]
591   	0     	     10	 NeutLargeBright	   1170.9062	   2234.38	    0.0	    00000000     00000000	   1	[      7]
592   	0     	      6	  NegLargeBright	   1173.3906	   2484.38	    0.0	    00000000     00000000	   1	[      3]
593   	0     	      9	   NeutSmallDark	   1175.9141	   2523.44	    0.0	    00000000     00000000	   1	[      6]
594   	0     	      4	    NegLargeDark	   1178.2461	   2332.03	    0.0	    00000000     00000000	   1	[      1]
595   	0     	      8	   NeutLargeDark	   1180.7500	   2503.91	    0.0	    00000000     00000000	   1	[      5]
596   	0     	      5	    NegSmallDark	   1182.9258	   2175.78	    0.0	    00000000     00000000	   1	[      2]
597   	0     	     11	 NeutSmallBright	   1185.3906	   2464.84	    0.0	    00000000     00000000	   1	[      8]
598   	0     	      6	  NegLargeBright	   1187.8555	   2464.84	    0.0	    00000000     00000000	   1	[      3]
599   	0     	     14	     condition14	   1190.0469	   2191.41	    0.0	    00000000     00000000	   1	[       ]
600   	0     	      2	      condition2	   1190.5938	    546.88	    0.0	    00000000     00000000	   1	[       ]
601   	0     	      5	    NegSmallDark	   1192.3711	   1777.34	    0.0	    00000000     00000000	   1	[      2]
602   	0     	      9	   NeutSmallDark	   1194.8555	   2484.38	    0.0	    00000000     00000000	   1	[      6]
603   	0     	     12	     condition12	   1197.1406	   2285.16	    0.0	    00000000     00000000	   1	[       ]
604   	0     	      2	      condition2	   1197.6328	    492.19	    0.0	    00000000     00000000	   1	[       ]
605   	0     	      9	   NeutSmallDark	   1199.2852	   1652.34	    0.0	    00000000     00000000	   1	[      6]
606   	0     	      6	  NegLargeBright	   1201.4570	   2171.88	    0.0	    00000000     00000000	   1	[      3]
607   	0     	      5	    NegSmallDark	   1203.5234	   2066.41	    0.0	    00000000     00000000	   1	[      2]
608   	0     	      4	    NegLargeDark	   1205.9766	   2453.12	    0.0	    00000000     00000000	   1	[      1]
609   	0     	     11	 NeutSmallBright	   1208.0508	   2074.22	    0.0	    00000000     00000000	   1	[      8]
610   	0     	      9	   NeutSmallDark	   1210.3125	   2261.72	    0.0	    00000000     00000000	   1	[      6]
611   	0     	     11	 NeutSmallBright	   1212.4180	   2105.47	    0.0	    00000000     00000000	   1	[      8]
612   	0     	      6	  NegLargeBright	   1214.9023	   2484.38	    0.0	    00000000     00000000	   1	[      3]
613   	0     	      4	    NegLargeDark	   1217.2656	   2363.28	    0.0	    00000000     00000000	   1	[      1]
614   	0     	      7	  NegSmallBright	   1219.4883	   2222.66	    0.0	    00000000     00000000	   1	[      4]
615   	0     	      5	    NegSmallDark	   1221.8750	   2386.72	    0.0	    00000000     00000000	   1	[      2]
616   	0     	     12	     condition12	   1224.0078	   2132.81	    0.0	    00000000     00000000	   1	[       ]
617   	0     	      2	      condition2	   1224.5547	    546.88	    0.0	    00000000     00000000	   1	[       ]
618   	0     	     15	     condition15	   1226.1914	   1636.72	    0.0	    00000000     00000000	   1	[       ]
619   	0     	      2	      condition2	   1226.7617	    570.31	    0.0	    00000000     00000000	   1	[       ]
620   	0     	     14	     condition14	   1228.6953	   1933.59	    0.0	    00000000     00000000	   1	[       ]
621   	0     	      2	      condition2	   1229.1289	    433.59	    0.0	    00000000     00000000	   1	[       ]
622   	0     	      7	  NegSmallBright	   1231.1484	   2019.53	    0.0	    00000000     00000000	   1	[      4]
623   	0     	      4	    NegLargeDark	   1233.6562	   2507.81	    0.0	    00000000     00000000	   1	[      1]
624   	0     	      6	  NegLargeBright	   1236.0000	   2343.75	    0.0	    00000000     00000000	   1	[      3]
625   	0     	     14	     condition14	   1238.3516	   2351.56	    0.0	    00000000     00000000	   1	[       ]
626   	0     	      2	      condition2	   1238.9219	    570.31	    0.0	    00000000     00000000	   1	[       ]
627   	0     	      9	   NeutSmallDark	   1240.4180	   1496.09	    0.0	    00000000     00000000	   1	[      6]
628   	0     	     10	 NeutLargeBright	   1242.9102	   2492.19	    0.0	    00000000     00000000	   1	[      7]
629   	0     	      8	   NeutLargeDark	   1245.1953	   2285.16	    0.0	    00000000     00000000	   1	[      5]
630   	0     	      9	   NeutSmallDark	   1247.4883	   2292.97	    0.0	    00000000     00000000	   1	[      6]
631   	0     	      7	  NegSmallBright	   1249.6211	   2132.81	    0.0	    00000000     00000000	   1	[      4]
632   	0     	      7	  NegSmallBright	   1251.8867	   2265.62	    0.0	    00000000     00000000	   1	[      4]
633   	0     	      4	    NegLargeDark	   1253.9297	   2042.97	    0.0	    00000000     00000000	   1	[      1]
634   	0     	      6	  NegLargeBright	   1256.2539	   2324.22	    0.0	    00000000     00000000	   1	[      3]
635   	0     	      7	  NegSmallBright	   1258.5703	   2316.41	    0.0	    00000000     00000000	   1	[      4]
636   	0     	      5	    NegSmallDark	   1260.6523	   2082.03	    0.0	    00000000     00000000	   1	[      2]
637   	0     	     10	 NeutLargeBright	   1262.8047	   2152.34	    0.0	    00000000     00000000	   1	[      7]
638   	0     	      5	    NegSmallDark	   1265.2695	   2464.84	    0.0	    00000000     00000000	   1	[      2]
639   	0     	      8	   NeutLargeDark	   1267.7227	   2453.12	    0.0	    00000000     00000000	   1	[      5]
640   	0     	      7	  NegSmallBright	   1269.8789	   2156.25	    0.0	    00000000     00000000	   1	[      4]
641   	0     	      6	  NegLargeBright	   1272.2539	   2375.00	    0.0	    00000000     00000000	   1	[      3]
642   	0     	      7	  NegSmallBright	   1274.5781	   2324.22	    0.0	    00000000     00000000	   1	[      4]
643   	0     	      6	  NegLargeBright	   1276.8789	   2300.78	    0.0	    00000000     00000000	   1	[      3]
644   	0     	      4	    NegLargeDark	   1279.3359	   2457.03	    0.0	    00000000     00000000	   1	[      1]
645   	0     	     10	 NeutLargeBright	   1281.5078	   2171.88	    0.0	    00000000     00000000	   1	[      7]
