#  Non-editable header begin --------------------------------------------------------------------------------
# 
#  data format...............: continuous
#  setname...................: BDF file
#  filename..................: none_specified
#  filepath..................: none_specified
#  nchan.....................: 64
#  pnts......................: 329728
#  srate.....................: 256
#  nevents...................: 640
#  generated by (bdf)........: 
#  generated by (set)........: BDF file
#  reported in ..............: 
#  prog Version..............: 8.02
#  creation date.............: 16-Nov-2020 14:32:05
#  user Account..............: 
# 
#  Non-editable header end --------------------------------------------------------------------------------

	bin 1,	# 60,	NegLargeDark
	bin 2,	# 60,	NegSmallDark
	bin 3,	# 60,	NegLargeBright
	bin 4,	# 60,	NegSmallBright
	bin 5,	# 60,	NeutLargeDark
	bin 6,	# 60,	NeutSmallDark
	bin 7,	# 60,	NeutLargeBright
	bin 8,	# 60,	NeutSmallBright



# item	 bepoch	  ecode	            label	      onset	          diff	     dura	b_flags	   a_flags	  enable	    bin
#                                                 (sec)           (msec)     (msec)    (binary)   (binary)


1     	0     	    253	              ""	      0.1406	      0.00	    0.0	    00000000     00000000	   1	[       ]
2     	0     	      5	    NegSmallDark	      1.1406	   1000.00	    0.0	    00000000     00000000	   1	[      2]
3     	0     	      8	   NeutLargeDark	      3.4570	   2316.41	    0.0	    00000000     00000000	   1	[      5]
4     	0     	      7	  NegSmallBright	      5.9414	   2484.38	    0.0	    00000000     00000000	   1	[      4]
5     	0     	      5	    NegSmallDark	      8.2656	   2324.22	    0.0	    00000000     00000000	   1	[      2]
6     	0     	      8	   NeutLargeDark	     10.7695	   2503.91	    0.0	    00000000     00000000	   1	[      5]
7     	0     	      5	    NegSmallDark	     13.0938	   2324.22	    0.0	    00000000     00000000	   1	[      2]
8     	0     	     10	 NeutLargeBright	     15.3281	   2234.38	    0.0	    00000000     00000000	   1	[      7]
9     	0     	      6	  NegLargeBright	     17.5195	   2191.41	    0.0	    00000000     00000000	   1	[      3]
10    	0     	      6	  NegLargeBright	     19.8438	   2324.22	    0.0	    00000000     00000000	   1	[      3]
11    	0     	      7	  NegSmallBright	     22.0078	   2164.06	    0.0	    00000000     00000000	   1	[      4]
12    	0     	      7	  NegSmallBright	     24.3828	   2375.00	    0.0	    00000000     00000000	   1	[      4]
13    	0     	      4	    NegLargeDark	     26.4844	   2101.56	    0.0	    00000000     00000000	   1	[      1]
14    	0     	     11	 NeutSmallBright	     28.9609	   2476.56	    0.0	    00000000     00000000	   1	[      8]
15    	0     	     11	 NeutSmallBright	     31.2930	   2332.03	    0.0	    00000000     00000000	   1	[      8]
16    	0     	      4	    NegLargeDark	     33.6992	   2406.25	    0.0	    00000000     00000000	   1	[      1]
17    	0     	      7	  NegSmallBright	     36.1914	   2492.19	    0.0	    00000000     00000000	   1	[      4]
18    	0     	      7	  NegSmallBright	     38.6055	   2414.06	    0.0	    00000000     00000000	   1	[      4]
19    	0     	      6	  NegLargeBright	     41.1133	   2507.81	    0.0	    00000000     00000000	   1	[      3]
20    	0     	      7	  NegSmallBright	     43.1953	   2082.03	    0.0	    00000000     00000000	   1	[      4]
21    	0     	     15	     condition15	     45.6016	   2406.25	    0.0	    00000000     00000000	   1	[       ]
22    	0     	      2	      condition2	     46.4570	    855.47	    0.0	    00000000     00000000	   1	[       ]
23    	0     	      5	    NegSmallDark	     48.0742	   1617.19	    0.0	    00000000     00000000	   1	[      2]
24    	0     	      9	   NeutSmallDark	     50.2773	   2203.12	    0.0	    00000000     00000000	   1	[      6]
25    	0     	      9	   NeutSmallDark	     52.5234	   2246.09	    0.0	    00000000     00000000	   1	[      6]
26    	0     	      9	   NeutSmallDark	     54.8047	   2281.25	    0.0	    00000000     00000000	   1	[      6]
27    	0     	      8	   NeutLargeDark	     56.9883	   2183.59	    0.0	    00000000     00000000	   1	[      5]
28    	0     	      9	   NeutSmallDark	     59.1016	   2113.28	    0.0	    00000000     00000000	   1	[      6]
29    	0     	      5	    NegSmallDark	     61.2578	   2156.25	    0.0	    00000000     00000000	   1	[      2]
30    	0     	      9	   NeutSmallDark	     63.4727	   2214.84	    0.0	    00000000     00000000	   1	[      6]
31    	0     	     13	     condition13	     65.6953	   2222.66	    0.0	    00000000     00000000	   1	[       ]
32    	0     	      2	      condition2	     66.4258	    730.47	    0.0	    00000000     00000000	   1	[       ]
33    	0     	      8	   NeutLargeDark	     67.9375	   1511.72	    0.0	    00000000     00000000	   1	[      5]
34    	0     	      4	    NegLargeDark	     70.1445	   2207.03	    0.0	    00000000     00000000	   1	[      1]
35    	0     	      8	   NeutLargeDark	     72.6562	   2511.72	    0.0	    00000000     00000000	   1	[      5]
36    	0     	      9	   NeutSmallDark	     75.0000	   2343.75	    0.0	    00000000     00000000	   1	[      6]
37    	0     	      9	   NeutSmallDark	     77.3672	   2367.19	    0.0	    00000000     00000000	   1	[      6]
38    	0     	      4	    NegLargeDark	     79.7109	   2343.75	    0.0	    00000000     00000000	   1	[      1]
39    	0     	      7	  NegSmallBright	     82.0625	   2351.56	    0.0	    00000000     00000000	   1	[      4]
40    	0     	     14	     condition14	     84.3164	   2253.91	    0.0	    00000000     00000000	   1	[       ]
41    	0     	      2	      condition2	     85.0898	    773.44	    0.0	    00000000     00000000	   1	[       ]
42    	0     	     11	 NeutSmallBright	     86.5625	   1472.66	    0.0	    00000000     00000000	   1	[      8]
43    	0     	      8	   NeutLargeDark	     88.8047	   2242.19	    0.0	    00000000     00000000	   1	[      5]
44    	0     	      4	    NegLargeDark	     90.9805	   2175.78	    0.0	    00000000     00000000	   1	[      1]
45    	0     	      4	    NegLargeDark	     93.3555	   2375.00	    0.0	    00000000     00000000	   1	[      1]
46    	0     	     12	     condition12	     95.4453	   2089.84	    0.0	    00000000     00000000	   1	[       ]
47    	0     	      2	      condition2	     96.0859	    640.62	    0.0	    00000000     00000000	   1	[       ]
48    	0     	      8	   NeutLargeDark	     97.8906	   1804.69	    0.0	    00000000     00000000	   1	[      5]
49    	0     	      4	    NegLargeDark	    100.1250	   2234.38	    0.0	    00000000     00000000	   1	[      1]
50    	0     	      4	    NegLargeDark	    102.6719	   2546.88	    0.0	    00000000     00000000	   1	[      1]
51    	0     	     14	     condition14	    104.8125	   2140.62	    0.0	    00000000     00000000	   1	[       ]
52    	0     	      2	      condition2	    105.4453	    632.81	    0.0	    00000000     00000000	   1	[       ]
53    	0     	      9	   NeutSmallDark	    106.9883	   1542.97	    0.0	    00000000     00000000	   1	[      6]
54    	0     	      4	    NegLargeDark	    109.1914	   2203.12	    0.0	    00000000     00000000	   1	[      1]
55    	0     	      5	    NegSmallDark	    111.2344	   2042.97	    0.0	    00000000     00000000	   1	[      2]
56    	0     	      7	  NegSmallBright	    113.6406	   2406.25	    0.0	    00000000     00000000	   1	[      4]
57    	0     	      6	  NegLargeBright	    115.9219	   2281.25	    0.0	    00000000     00000000	   1	[      3]
58    	0     	      8	   NeutLargeDark	    118.1289	   2207.03	    0.0	    00000000     00000000	   1	[      5]
59    	0     	     13	     condition13	    120.3906	   2261.72	    0.0	    00000000     00000000	   1	[       ]
60    	0     	      2	      condition2	    121.1172	    726.56	    0.0	    00000000     00000000	   1	[       ]
61    	0     	      7	  NegSmallBright	    122.6641	   1546.88	    0.0	    00000000     00000000	   1	[      4]
62    	0     	     11	 NeutSmallBright	    124.6875	   2023.44	    0.0	    00000000     00000000	   1	[      8]
63    	0     	      7	  NegSmallBright	    126.9023	   2214.84	    0.0	    00000000     00000000	   1	[      4]
64    	0     	      9	   NeutSmallDark	    129.2773	   2375.00	    0.0	    00000000     00000000	   1	[      6]
65    	0     	     10	 NeutLargeBright	    131.4609	   2183.59	    0.0	    00000000     00000000	   1	[      7]
66    	0     	     13	     condition13	    133.8242	   2363.28	    0.0	    00000000     00000000	   1	[       ]
67    	0     	      2	      condition2	    134.5312	    707.03	    0.0	    00000000     00000000	   1	[       ]
68    	0     	     11	 NeutSmallBright	    135.9688	   1437.50	    0.0	    00000000     00000000	   1	[      8]
69    	0     	      4	    NegLargeDark	    138.1133	   2144.53	    0.0	    00000000     00000000	   1	[      1]
70    	0     	     13	     condition13	    140.5859	   2472.66	    0.0	    00000000     00000000	   1	[       ]
71    	0     	      2	      condition2	    141.1680	    582.03	    0.0	    00000000     00000000	   1	[       ]
72    	0     	     11	 NeutSmallBright	    142.6602	   1492.19	    0.0	    00000000     00000000	   1	[      8]
73    	0     	      9	   NeutSmallDark	    144.7852	   2125.00	    0.0	    00000000     00000000	   1	[      6]
74    	0     	     13	     condition13	    147.1797	   2394.53	    0.0	    00000000     00000000	   1	[       ]
75    	0     	      2	      condition2	    147.6562	    476.56	    0.0	    00000000     00000000	   1	[       ]
76    	0     	     15	     condition15	    149.3711	   1714.84	    0.0	    00000000     00000000	   1	[       ]
77    	0     	      2	      condition2	    150.1406	    769.53	    0.0	    00000000     00000000	   1	[       ]
78    	0     	     15	     condition15	    151.8164	   1675.78	    0.0	    00000000     00000000	   1	[       ]
79    	0     	      2	      condition2	    152.4883	    671.88	    0.0	    00000000     00000000	   1	[       ]
80    	0     	     11	 NeutSmallBright	    154.0000	   1511.72	    0.0	    00000000     00000000	   1	[      8]
81    	0     	     10	 NeutLargeBright	    156.0430	   2042.97	    0.0	    00000000     00000000	   1	[      7]
82    	0     	      6	  NegLargeBright	    158.4180	   2375.00	    0.0	    00000000     00000000	   1	[      3]
83    	0     	      6	  NegLargeBright	    161.3125	   2894.53	    0.0	    00000000     00000000	   1	[      3]
84    	0     	      9	   NeutSmallDark	    163.8164	   2503.91	    0.0	    00000000     00000000	   1	[      6]
85    	0     	      4	    NegLargeDark	    166.1719	   2355.47	    0.0	    00000000     00000000	   1	[      1]
86    	0     	     11	 NeutSmallBright	    168.6445	   2472.66	    0.0	    00000000     00000000	   1	[      8]
87    	0     	     11	 NeutSmallBright	    171.1094	   2464.84	    0.0	    00000000     00000000	   1	[      8]
88    	0     	      7	  NegSmallBright	    173.3945	   2285.16	    0.0	    00000000     00000000	   1	[      4]
89    	0     	      4	    NegLargeDark	    175.8281	   2433.59	    0.0	    00000000     00000000	   1	[      1]
90    	0     	      9	   NeutSmallDark	    178.1211	   2292.97	    0.0	    00000000     00000000	   1	[      6]
91    	0     	     15	     condition15	    180.3555	   2234.38	    0.0	    00000000     00000000	   1	[       ]
92    	0     	      2	      condition2	    181.1758	    820.31	    0.0	    00000000     00000000	   1	[       ]
93    	0     	      9	   NeutSmallDark	    182.8008	   1625.00	    0.0	    00000000     00000000	   1	[      6]
94    	0     	      5	    NegSmallDark	    185.0234	   2222.66	    0.0	    00000000     00000000	   1	[      2]
95    	0     	     11	 NeutSmallBright	    187.2266	   2203.12	    0.0	    00000000     00000000	   1	[      8]
96    	0     	     15	     condition15	    189.5625	   2335.94	    0.0	    00000000     00000000	   1	[       ]
97    	0     	      2	      condition2	    190.3359	    773.44	    0.0	    00000000     00000000	   1	[       ]
98    	0     	      7	  NegSmallBright	    191.8477	   1511.72	    0.0	    00000000     00000000	   1	[      4]
99    	0     	     12	     condition12	    194.3711	   2523.44	    0.0	    00000000     00000000	   1	[       ]
100   	0     	      2	      condition2	    195.1719	    800.78	    0.0	    00000000     00000000	   1	[       ]
101   	0     	      6	  NegLargeBright	    196.6445	   1472.66	    0.0	    00000000     00000000	   1	[      3]
102   	0     	     11	 NeutSmallBright	    198.6797	   2035.16	    0.0	    00000000     00000000	   1	[      8]
103   	0     	      5	    NegSmallDark	    200.8516	   2171.88	    0.0	    00000000     00000000	   1	[      2]
104   	0     	     11	 NeutSmallBright	    202.9375	   2085.94	    0.0	    00000000     00000000	   1	[      8]
105   	0     	      5	    NegSmallDark	    205.0078	   2070.31	    0.0	    00000000     00000000	   1	[      2]
106   	0     	      9	   NeutSmallDark	    207.2148	   2207.03	    0.0	    00000000     00000000	   1	[      6]
107   	0     	      8	   NeutLargeDark	    209.4062	   2191.41	    0.0	    00000000     00000000	   1	[      5]
108   	0     	     12	     condition12	    211.5195	   2113.28	    0.0	    00000000     00000000	   1	[       ]
109   	0     	      2	      condition2	    212.1992	    679.69	    0.0	    00000000     00000000	   1	[       ]
110   	0     	     11	 NeutSmallBright	    213.6836	   1484.38	    0.0	    00000000     00000000	   1	[      8]
111   	0     	      4	    NegLargeDark	    216.0273	   2343.75	    0.0	    00000000     00000000	   1	[      1]
112   	0     	     11	 NeutSmallBright	    218.4219	   2394.53	    0.0	    00000000     00000000	   1	[      8]
113   	0     	     13	     condition13	    220.5781	   2156.25	    0.0	    00000000     00000000	   1	[       ]
114   	0     	      2	      condition2	    221.1406	    562.50	    0.0	    00000000     00000000	   1	[       ]
115   	0     	     10	 NeutLargeBright	    222.6289	   1488.28	    0.0	    00000000     00000000	   1	[      7]
116   	0     	      7	  NegSmallBright	    224.7852	   2156.25	    0.0	    00000000     00000000	   1	[      4]
117   	0     	      5	    NegSmallDark	    226.9062	   2121.09	    0.0	    00000000     00000000	   1	[      2]
118   	0     	      9	   NeutSmallDark	    229.3203	   2414.06	    0.0	    00000000     00000000	   1	[      6]
119   	0     	      9	   NeutSmallDark	    231.6055	   2285.16	    0.0	    00000000     00000000	   1	[      6]
120   	0     	      8	   NeutLargeDark	    233.9688	   2363.28	    0.0	    00000000     00000000	   1	[      5]
121   	0     	      9	   NeutSmallDark	    236.4336	   2464.84	    0.0	    00000000     00000000	   1	[      6]
122   	0     	      4	    NegLargeDark	    238.8984	   2464.84	    0.0	    00000000     00000000	   1	[      1]
123   	0     	      4	    NegLargeDark	    241.1914	   2292.97	    0.0	    00000000     00000000	   1	[      1]
124   	0     	      4	    NegLargeDark	    243.6172	   2425.78	    0.0	    00000000     00000000	   1	[      1]
125   	0     	      9	   NeutSmallDark	    245.8516	   2234.38	    0.0	    00000000     00000000	   1	[      6]
126   	0     	     10	 NeutLargeBright	    247.9961	   2144.53	    0.0	    00000000     00000000	   1	[      7]
127   	0     	     11	 NeutSmallBright	    250.3984	   2402.34	    0.0	    00000000     00000000	   1	[      8]
128   	0     	     10	 NeutLargeBright	    252.4922	   2093.75	    0.0	    00000000     00000000	   1	[      7]
129   	0     	     10	 NeutLargeBright	    254.7188	   2226.56	    0.0	    00000000     00000000	   1	[      7]
130   	0     	      9	   NeutSmallDark	    256.9805	   2261.72	    0.0	    00000000     00000000	   1	[      6]
131   	0     	      4	    NegLargeDark	    259.2930	   2312.50	    0.0	    00000000     00000000	   1	[      1]
132   	0     	     12	     condition12	    261.5273	   2234.38	    0.0	    00000000     00000000	   1	[       ]
133   	0     	      2	      condition2	    262.1836	    656.25	    0.0	    00000000     00000000	   1	[       ]
134   	0     	      9	   NeutSmallDark	    264.0234	   1839.84	    0.0	    00000000     00000000	   1	[      6]
135   	0     	      4	    NegLargeDark	    266.1172	   2093.75	    0.0	    00000000     00000000	   1	[      1]
136   	0     	      5	    NegSmallDark	    268.3594	   2242.19	    0.0	    00000000     00000000	   1	[      2]
137   	0     	      6	  NegLargeBright	    270.6836	   2324.22	    0.0	    00000000     00000000	   1	[      3]
138   	0     	     14	     condition14	    272.9805	   2296.88	    0.0	    00000000     00000000	   1	[       ]
139   	0     	      2	      condition2	    273.5156	    535.16	    0.0	    00000000     00000000	   1	[       ]
140   	0     	      9	   NeutSmallDark	    275.1016	   1585.94	    0.0	    00000000     00000000	   1	[      6]
141   	0     	      5	    NegSmallDark	    277.4961	   2394.53	    0.0	    00000000     00000000	   1	[      2]
142   	0     	      9	   NeutSmallDark	    280.0117	   2515.62	    0.0	    00000000     00000000	   1	[      6]
143   	0     	     11	 NeutSmallBright	    282.0742	   2062.50	    0.0	    00000000     00000000	   1	[      8]
144   	0     	      7	  NegSmallBright	    284.1992	   2125.00	    0.0	    00000000     00000000	   1	[      4]
145   	0     	      8	   NeutLargeDark	    286.5938	   2394.53	    0.0	    00000000     00000000	   1	[      5]
146   	0     	      6	  NegLargeBright	    289.0859	   2492.19	    0.0	    00000000     00000000	   1	[      3]
147   	0     	      6	  NegLargeBright	    291.4102	   2324.22	    0.0	    00000000     00000000	   1	[      3]
148   	0     	      5	    NegSmallDark	    293.5547	   2144.53	    0.0	    00000000     00000000	   1	[      2]
149   	0     	      5	    NegSmallDark	    295.9375	   2382.81	    0.0	    00000000     00000000	   1	[      2]
150   	0     	     10	 NeutLargeBright	    298.0625	   2125.00	    0.0	    00000000     00000000	   1	[      7]
151   	0     	     14	     condition14	    300.4258	   2363.28	    0.0	    00000000     00000000	   1	[       ]
152   	0     	      9	   NeutSmallDark	    302.7695	   2343.75	    0.0	    00000000     00000000	   1	[      6]
153   	0     	      7	  NegSmallBright	    304.8633	   2093.75	    0.0	    00000000     00000000	   1	[      4]
154   	0     	      5	    NegSmallDark	    307.1406	   2277.34	    0.0	    00000000     00000000	   1	[      2]
155   	0     	     11	 NeutSmallBright	    309.5625	   2421.88	    0.0	    00000000     00000000	   1	[      8]
156   	0     	      4	    NegLargeDark	    311.7773	   2214.84	    0.0	    00000000     00000000	   1	[      1]
157   	0     	     13	     condition13	    314.2812	   2503.91	    0.0	    00000000     00000000	   1	[       ]
158   	0     	      2	      condition2	    314.8359	    554.69	    0.0	    00000000     00000000	   1	[       ]
159   	0     	      6	  NegLargeBright	    316.4961	   1660.16	    0.0	    00000000     00000000	   1	[      3]
160   	0     	     10	 NeutLargeBright	    318.8086	   2312.50	    0.0	    00000000     00000000	   1	[      7]
161   	0     	    253	              ""	    321.3125	   2503.91	    0.0	    00000000     00000000	   1	[       ]
162   	0     	      7	  NegSmallBright	    322.3086	    996.09	    0.0	    00000000     00000000	   1	[      4]
163   	0     	      7	  NegSmallBright	    324.6523	   2343.75	    0.0	    00000000     00000000	   1	[      4]
164   	0     	     14	     condition14	    327.1680	   2515.62	    0.0	    00000000     00000000	   1	[       ]
165   	0     	      2	      condition2	    328.2656	   1097.66	    0.0	    00000000     00000000	   1	[       ]
166   	0     	     10	 NeutLargeBright	    329.3008	   1035.16	    0.0	    00000000     00000000	   1	[      7]
167   	0     	      5	    NegSmallDark	    331.4844	   2183.59	    0.0	    00000000     00000000	   1	[      2]
168   	0     	     14	     condition14	    333.8477	   2363.28	    0.0	    00000000     00000000	   1	[       ]
169   	0     	      2	      condition2	    334.4141	    566.41	    0.0	    00000000     00000000	   1	[       ]
170   	0     	     11	 NeutSmallBright	    336.2930	   1878.91	    0.0	    00000000     00000000	   1	[      8]
171   	0     	      6	  NegLargeBright	    338.6875	   2394.53	    0.0	    00000000     00000000	   1	[      3]
172   	0     	      5	    NegSmallDark	    341.0703	   2382.81	    0.0	    00000000     00000000	   1	[      2]
173   	0     	      4	    NegLargeDark	    343.3867	   2316.41	    0.0	    00000000     00000000	   1	[      1]
174   	0     	     10	 NeutLargeBright	    345.4688	   2082.03	    0.0	    00000000     00000000	   1	[      7]
175   	0     	     11	 NeutSmallBright	    347.8242	   2355.47	    0.0	    00000000     00000000	   1	[      8]
176   	0     	     11	 NeutSmallBright	    350.1484	   2324.22	    0.0	    00000000     00000000	   1	[      8]
177   	0     	     14	     condition14	    352.6328	   2484.38	    0.0	    00000000     00000000	   1	[       ]
178   	0     	      2	      condition2	    353.2031	    570.31	    0.0	    00000000     00000000	   1	[       ]
179   	0     	      7	  NegSmallBright	    355.1250	   1921.88	    0.0	    00000000     00000000	   1	[      4]
180   	0     	      9	   NeutSmallDark	    357.4414	   2316.41	    0.0	    00000000     00000000	   1	[      6]
181   	0     	      7	  NegSmallBright	    359.4922	   2050.78	    0.0	    00000000     00000000	   1	[      4]
182   	0     	      6	  NegLargeBright	    361.6992	   2207.03	    0.0	    00000000     00000000	   1	[      3]
183   	0     	      5	    NegSmallDark	    364.0117	   2312.50	    0.0	    00000000     00000000	   1	[      2]
184   	0     	     15	     condition15	    366.2344	   2222.66	    0.0	    00000000     00000000	   1	[       ]
185   	0     	     11	 NeutSmallBright	    368.4375	   2203.12	    0.0	    00000000     00000000	   1	[      8]
186   	0     	     11	 NeutSmallBright	    370.5742	   2136.72	    0.0	    00000000     00000000	   1	[      8]
187   	0     	      8	   NeutLargeDark	    372.8789	   2304.69	    0.0	    00000000     00000000	   1	[      5]
188   	0     	     11	 NeutSmallBright	    375.1406	   2261.72	    0.0	    00000000     00000000	   1	[      8]
189   	0     	      6	  NegLargeBright	    377.3438	   2203.12	    0.0	    00000000     00000000	   1	[      3]
190   	0     	      7	  NegSmallBright	    379.8008	   2457.03	    0.0	    00000000     00000000	   1	[      4]
191   	0     	      8	   NeutLargeDark	    381.9727	   2171.88	    0.0	    00000000     00000000	   1	[      5]
192   	0     	     10	 NeutLargeBright	    384.2578	   2285.16	    0.0	    00000000     00000000	   1	[      7]
193   	0     	      7	  NegSmallBright	    386.5703	   2312.50	    0.0	    00000000     00000000	   1	[      4]
194   	0     	      9	   NeutSmallDark	    388.8750	   2304.69	    0.0	    00000000     00000000	   1	[      6]
195   	0     	     15	     condition15	    391.0508	   2175.78	    0.0	    00000000     00000000	   1	[       ]
196   	0     	     10	 NeutLargeBright	    393.3320	   2281.25	    0.0	    00000000     00000000	   1	[      7]
197   	0     	     14	     condition14	    395.4062	   2074.22	    0.0	    00000000     00000000	   1	[       ]
198   	0     	      2	      condition2	    396.1250	    718.75	    0.0	    00000000     00000000	   1	[       ]
199   	0     	      6	  NegLargeBright	    397.7305	   1605.47	    0.0	    00000000     00000000	   1	[      3]
200   	0     	      7	  NegSmallBright	    399.9258	   2195.31	    0.0	    00000000     00000000	   1	[      4]
201   	0     	      5	    NegSmallDark	    402.1367	   2210.94	    0.0	    00000000     00000000	   1	[      2]
202   	0     	     15	     condition15	    404.4141	   2277.34	    0.0	    00000000     00000000	   1	[       ]
203   	0     	      2	      condition2	    405.3945	    980.47	    0.0	    00000000     00000000	   1	[       ]
204   	0     	     12	     condition12	    406.7852	   1390.62	    0.0	    00000000     00000000	   1	[       ]
205   	0     	      2	      condition2	    407.3750	    589.84	    0.0	    00000000     00000000	   1	[       ]
206   	0     	      8	   NeutLargeDark	    409.1289	   1753.91	    0.0	    00000000     00000000	   1	[      5]
207   	0     	      6	  NegLargeBright	    411.4453	   2316.41	    0.0	    00000000     00000000	   1	[      3]
208   	0     	     14	     condition14	    413.9688	   2523.44	    0.0	    00000000     00000000	   1	[       ]
209   	0     	      2	      condition2	    414.8281	    859.38	    0.0	    00000000     00000000	   1	[       ]
210   	0     	     11	 NeutSmallBright	    416.4531	   1625.00	    0.0	    00000000     00000000	   1	[      8]
211   	0     	      8	   NeutLargeDark	    418.7188	   2265.62	    0.0	    00000000     00000000	   1	[      5]
212   	0     	      7	  NegSmallBright	    421.0117	   2292.97	    0.0	    00000000     00000000	   1	[      4]
213   	0     	      6	  NegLargeBright	    423.1172	   2105.47	    0.0	    00000000     00000000	   1	[      3]
214   	0     	     10	 NeutLargeBright	    425.6211	   2503.91	    0.0	    00000000     00000000	   1	[      7]
215   	0     	      4	    NegLargeDark	    427.7344	   2113.28	    0.0	    00000000     00000000	   1	[      1]
216   	0     	     11	 NeutSmallBright	    430.1289	   2394.53	    0.0	    00000000     00000000	   1	[      8]
217   	0     	      9	   NeutSmallDark	    432.1602	   2031.25	    0.0	    00000000     00000000	   1	[      6]
218   	0     	     11	 NeutSmallBright	    434.6367	   2476.56	    0.0	    00000000     00000000	   1	[      8]
219   	0     	     12	     condition12	    437.0195	   2382.81	    0.0	    00000000     00000000	   1	[       ]
220   	0     	      2	      condition2	    437.9531	    933.59	    0.0	    00000000     00000000	   1	[       ]
221   	0     	     10	 NeutLargeBright	    439.1133	   1160.16	    0.0	    00000000     00000000	   1	[      7]
222   	0     	     11	 NeutSmallBright	    441.5469	   2433.59	    0.0	    00000000     00000000	   1	[      8]
223   	0     	      4	    NegLargeDark	    443.5898	   2042.97	    0.0	    00000000     00000000	   1	[      1]
224   	0     	      9	   NeutSmallDark	    445.9062	   2316.41	    0.0	    00000000     00000000	   1	[      6]
225   	0     	      8	   NeutLargeDark	    448.2500	   2343.75	    0.0	    00000000     00000000	   1	[      5]
226   	0     	      4	    NegLargeDark	    450.3633	   2113.28	    0.0	    00000000     00000000	   1	[      1]
227   	0     	      7	  NegSmallBright	    452.6367	   2273.44	    0.0	    00000000     00000000	   1	[      4]
228   	0     	      4	    NegLargeDark	    454.9023	   2265.62	    0.0	    00000000     00000000	   1	[      1]
229   	0     	      5	    NegSmallDark	    457.1953	   2292.97	    0.0	    00000000     00000000	   1	[      2]
230   	0     	      8	   NeutLargeDark	    459.6992	   2503.91	    0.0	    00000000     00000000	   1	[      5]
231   	0     	     10	 NeutLargeBright	    461.9219	   2222.66	    0.0	    00000000     00000000	   1	[      7]
232   	0     	      6	  NegLargeBright	    464.1758	   2253.91	    0.0	    00000000     00000000	   1	[      3]
233   	0     	     10	 NeutLargeBright	    466.4609	   2285.16	    0.0	    00000000     00000000	   1	[      7]
234   	0     	      7	  NegSmallBright	    468.6641	   2203.12	    0.0	    00000000     00000000	   1	[      4]
235   	0     	     10	 NeutLargeBright	    470.7383	   2074.22	    0.0	    00000000     00000000	   1	[      7]
236   	0     	      4	    NegLargeDark	    473.0430	   2304.69	    0.0	    00000000     00000000	   1	[      1]
237   	0     	     11	 NeutSmallBright	    475.0977	   2054.69	    0.0	    00000000     00000000	   1	[      8]
238   	0     	      6	  NegLargeBright	    477.3594	   2261.72	    0.0	    00000000     00000000	   1	[      3]
239   	0     	      7	  NegSmallBright	    479.7031	   2343.75	    0.0	    00000000     00000000	   1	[      4]
240   	0     	    253	              ""	    482.6406	   2937.50	    0.0	    00000000     00000000	   1	[       ]
241   	0     	      5	    NegSmallDark	    483.6211	    980.47	    0.0	    00000000     00000000	   1	[      2]
242   	0     	      6	  NegLargeBright	    485.9453	   2324.22	    0.0	    00000000     00000000	   1	[      3]
243   	0     	     10	 NeutLargeBright	    488.4805	   2535.16	    0.0	    00000000     00000000	   1	[      7]
244   	0     	     12	     condition12	    490.5234	   2042.97	    0.0	    00000000     00000000	   1	[       ]
245   	0     	      2	      condition2	    491.2773	    753.91	    0.0	    00000000     00000000	   1	[       ]
246   	0     	      8	   NeutLargeDark	    492.8672	   1589.84	    0.0	    00000000     00000000	   1	[      5]
247   	0     	     10	 NeutLargeBright	    495.1016	   2234.38	    0.0	    00000000     00000000	   1	[      7]
248   	0     	     10	 NeutLargeBright	    497.5781	   2476.56	    0.0	    00000000     00000000	   1	[      7]
249   	0     	      7	  NegSmallBright	    499.6992	   2121.09	    0.0	    00000000     00000000	   1	[      4]
250   	0     	      8	   NeutLargeDark	    502.1367	   2437.50	    0.0	    00000000     00000000	   1	[      5]
251   	0     	      7	  NegSmallBright	    504.5273	   2390.62	    0.0	    00000000     00000000	   1	[      4]
252   	0     	      7	  NegSmallBright	    506.6211	   2093.75	    0.0	    00000000     00000000	   1	[      4]
253   	0     	      7	  NegSmallBright	    509.0781	   2457.03	    0.0	    00000000     00000000	   1	[      4]
254   	0     	      7	  NegSmallBright	    511.4727	   2394.53	    0.0	    00000000     00000000	   1	[      4]
255   	0     	     11	 NeutSmallBright	    513.7266	   2253.91	    0.0	    00000000     00000000	   1	[      8]
256   	0     	     10	 NeutLargeBright	    515.8281	   2101.56	    0.0	    00000000     00000000	   1	[      7]
257   	0     	      5	    NegSmallDark	    518.1523	   2324.22	    0.0	    00000000     00000000	   1	[      2]
258   	0     	     13	     condition13	    520.4570	   2304.69	    0.0	    00000000     00000000	   1	[       ]
259   	0     	      2	      condition2	    521.0664	    609.38	    0.0	    00000000     00000000	   1	[       ]
260   	0     	      4	    NegLargeDark	    522.5820	   1515.62	    0.0	    00000000     00000000	   1	[      1]
261   	0     	     13	     condition13	    524.7734	   2191.41	    0.0	    00000000     00000000	   1	[       ]
262   	0     	      2	      condition2	    525.4297	    656.25	    0.0	    00000000     00000000	   1	[       ]
263   	0     	      6	  NegLargeBright	    527.1094	   1679.69	    0.0	    00000000     00000000	   1	[      3]
264   	0     	      5	    NegSmallDark	    529.5820	   2472.66	    0.0	    00000000     00000000	   1	[      2]
265   	0     	      5	    NegSmallDark	    531.9375	   2355.47	    0.0	    00000000     00000000	   1	[      2]
266   	0     	      5	    NegSmallDark	    534.2227	   2285.16	    0.0	    00000000     00000000	   1	[      2]
267   	0     	     11	 NeutSmallBright	    536.5938	   2371.09	    0.0	    00000000     00000000	   1	[      8]
268   	0     	      9	   NeutSmallDark	    538.9688	   2375.00	    0.0	    00000000     00000000	   1	[      6]
269   	0     	     11	 NeutSmallBright	    541.4648	   2496.09	    0.0	    00000000     00000000	   1	[      8]
270   	0     	      5	    NegSmallDark	    543.8672	   2402.34	    0.0	    00000000     00000000	   1	[      2]
271   	0     	     13	     condition13	    546.0938	   2226.56	    0.0	    00000000     00000000	   1	[       ]
272   	0     	      2	      condition2	    546.6367	    542.97	    0.0	    00000000     00000000	   1	[       ]
273   	0     	      4	    NegLargeDark	    548.2773	   1640.62	    0.0	    00000000     00000000	   1	[      1]
274   	0     	      6	  NegLargeBright	    550.3906	   2113.28	    0.0	    00000000     00000000	   1	[      3]
275   	0     	     11	 NeutSmallBright	    552.5352	   2144.53	    0.0	    00000000     00000000	   1	[      8]
276   	0     	      8	   NeutLargeDark	    554.8164	   2281.25	    0.0	    00000000     00000000	   1	[      5]
277   	0     	     15	     condition15	    557.1719	   2355.47	    0.0	    00000000     00000000	   1	[       ]
278   	0     	      2	      condition2	    557.8477	    675.78	    0.0	    00000000     00000000	   1	[       ]
279   	0     	      4	    NegLargeDark	    559.3047	   1457.03	    0.0	    00000000     00000000	   1	[      1]
280   	0     	     10	 NeutLargeBright	    561.4180	   2113.28	    0.0	    00000000     00000000	   1	[      7]
281   	0     	     10	 NeutLargeBright	    563.8828	   2464.84	    0.0	    00000000     00000000	   1	[      7]
282   	0     	     11	 NeutSmallBright	    566.0156	   2132.81	    0.0	    00000000     00000000	   1	[      8]
283   	0     	      4	    NegLargeDark	    568.0625	   2046.88	    0.0	    00000000     00000000	   1	[      1]
284   	0     	     11	 NeutSmallBright	    570.4531	   2390.62	    0.0	    00000000     00000000	   1	[      8]
285   	0     	      6	  NegLargeBright	    572.5977	   2144.53	    0.0	    00000000     00000000	   1	[      3]
286   	0     	      7	  NegSmallBright	    574.8125	   2214.84	    0.0	    00000000     00000000	   1	[      4]
287   	0     	      4	    NegLargeDark	    577.1250	   2312.50	    0.0	    00000000     00000000	   1	[      1]
288   	0     	      8	   NeutLargeDark	    579.2305	   2105.47	    0.0	    00000000     00000000	   1	[      5]
289   	0     	      6	  NegLargeBright	    581.6562	   2425.78	    0.0	    00000000     00000000	   1	[      3]
290   	0     	     10	 NeutLargeBright	    583.7383	   2082.03	    0.0	    00000000     00000000	   1	[      7]
291   	0     	      5	    NegSmallDark	    586.2344	   2496.09	    0.0	    00000000     00000000	   1	[      2]
292   	0     	      6	  NegLargeBright	    588.5664	   2332.03	    0.0	    00000000     00000000	   1	[      3]
293   	0     	     11	 NeutSmallBright	    590.8398	   2273.44	    0.0	    00000000     00000000	   1	[      8]
294   	0     	      6	  NegLargeBright	    592.9258	   2085.94	    0.0	    00000000     00000000	   1	[      3]
295   	0     	      7	  NegSmallBright	    595.2383	   2312.50	    0.0	    00000000     00000000	   1	[      4]
296   	0     	      4	    NegLargeDark	    597.7539	   2515.62	    0.0	    00000000     00000000	   1	[      1]
297   	0     	     14	     condition14	    600.0078	   2253.91	    0.0	    00000000     00000000	   1	[       ]
298   	0     	      2	      condition2	    600.6680	    660.16	    0.0	    00000000     00000000	   1	[       ]
299   	0     	      4	    NegLargeDark	    602.4805	   1812.50	    0.0	    00000000     00000000	   1	[      1]
300   	0     	      6	  NegLargeBright	    604.7031	   2222.66	    0.0	    00000000     00000000	   1	[      3]
301   	0     	      8	   NeutLargeDark	    607.2305	   2527.34	    0.0	    00000000     00000000	   1	[      5]
302   	0     	      4	    NegLargeDark	    609.2812	   2050.78	    0.0	    00000000     00000000	   1	[      1]
303   	0     	     15	     condition15	    611.6289	   2347.66	    0.0	    00000000     00000000	   1	[       ]
304   	0     	      2	      condition2	    612.3516	    722.66	    0.0	    00000000     00000000	   1	[       ]
305   	0     	     10	 NeutLargeBright	    613.7891	   1437.50	    0.0	    00000000     00000000	   1	[      7]
306   	0     	     15	     condition15	    616.0234	   2234.38	    0.0	    00000000     00000000	   1	[       ]
307   	0     	      2	      condition2	    616.8047	    781.25	    0.0	    00000000     00000000	   1	[       ]
308   	0     	      7	  NegSmallBright	    618.2578	   1453.12	    0.0	    00000000     00000000	   1	[      4]
309   	0     	      6	  NegLargeBright	    620.5625	   2304.69	    0.0	    00000000     00000000	   1	[      3]
310   	0     	      9	   NeutSmallDark	    622.6953	   2132.81	    0.0	    00000000     00000000	   1	[      6]
311   	0     	     13	     condition13	    625.1914	   2496.09	    0.0	    00000000     00000000	   1	[       ]
312   	0     	      2	      condition2	    625.7461	    554.69	    0.0	    00000000     00000000	   1	[       ]
313   	0     	     14	     condition14	    627.7070	   1960.94	    0.0	    00000000     00000000	   1	[       ]
314   	0     	      2	      condition2	    628.3594	    652.34	    0.0	    00000000     00000000	   1	[       ]
315   	0     	     11	 NeutSmallBright	    630.1797	   1820.31	    0.0	    00000000     00000000	   1	[      8]
316   	0     	     10	 NeutLargeBright	    632.5742	   2394.53	    0.0	    00000000     00000000	   1	[      7]
317   	0     	     10	 NeutLargeBright	    634.6758	   2101.56	    0.0	    00000000     00000000	   1	[      7]
318   	0     	      4	    NegLargeDark	    636.9727	   2296.88	    0.0	    00000000     00000000	   1	[      1]
319   	0     	      9	   NeutSmallDark	    639.0234	   2050.78	    0.0	    00000000     00000000	   1	[      6]
320   	0     	      8	   NeutLargeDark	    641.0977	   2074.22	    0.0	    00000000     00000000	   1	[      5]
321   	0     	      5	    NegSmallDark	    644.3711	   3273.44	    0.0	    00000000     00000000	   1	[      2]
322   	0     	     15	     condition15	    646.7656	   2394.53	    0.0	    00000000     00000000	   1	[       ]
323   	0     	      2	      condition2	    647.4688	    703.12	    0.0	    00000000     00000000	   1	[       ]
324   	0     	      6	  NegLargeBright	    649.2383	   1769.53	    0.0	    00000000     00000000	   1	[      3]
325   	0     	      4	    NegLargeDark	    651.6719	   2433.59	    0.0	    00000000     00000000	   1	[      1]
326   	0     	      8	   NeutLargeDark	    654.0273	   2355.47	    0.0	    00000000     00000000	   1	[      5]
327   	0     	     14	     condition14	    656.2695	   2242.19	    0.0	    00000000     00000000	   1	[       ]
328   	0     	      2	      condition2	    656.7969	    527.34	    0.0	    00000000     00000000	   1	[       ]
329   	0     	      7	  NegSmallBright	    658.5859	   1789.06	    0.0	    00000000     00000000	   1	[      4]
330   	0     	     15	     condition15	    660.7383	   2152.34	    0.0	    00000000     00000000	   1	[       ]
331   	0     	      2	      condition2	    661.3984	    660.16	    0.0	    00000000     00000000	   1	[       ]
332   	0     	      7	  NegSmallBright	    663.1719	   1773.44	    0.0	    00000000     00000000	   1	[      4]
333   	0     	      6	  NegLargeBright	    665.4961	   2324.22	    0.0	    00000000     00000000	   1	[      3]
334   	0     	     15	     condition15	    667.6719	   2175.78	    0.0	    00000000     00000000	   1	[       ]
335   	0     	      2	      condition2	    668.3594	    687.50	    0.0	    00000000     00000000	   1	[       ]
336   	0     	      5	    NegSmallDark	    670.1055	   1746.09	    0.0	    00000000     00000000	   1	[      2]
337   	0     	     12	     condition12	    672.3984	   2292.97	    0.0	    00000000     00000000	   1	[       ]
338   	0     	      2	      condition2	    672.8984	    500.00	    0.0	    00000000     00000000	   1	[       ]
339   	0     	      9	   NeutSmallDark	    674.4414	   1542.97	    0.0	    00000000     00000000	   1	[      6]
340   	0     	     12	     condition12	    676.8672	   2425.78	    0.0	    00000000     00000000	   1	[       ]
341   	0     	      2	      condition2	    677.2773	    410.16	    0.0	    00000000     00000000	   1	[       ]
342   	0     	     14	     condition14	    679.0312	   1753.91	    0.0	    00000000     00000000	   1	[       ]
343   	0     	      2	      condition2	    679.7109	    679.69	    0.0	    00000000     00000000	   1	[       ]
344   	0     	      9	   NeutSmallDark	    681.4648	   1753.91	    0.0	    00000000     00000000	   1	[      6]
345   	0     	      6	  NegLargeBright	    683.8008	   2335.94	    0.0	    00000000     00000000	   1	[      3]
346   	0     	     11	 NeutSmallBright	    686.0039	   2203.12	    0.0	    00000000     00000000	   1	[      8]
347   	0     	      9	   NeutSmallDark	    688.4961	   2492.19	    0.0	    00000000     00000000	   1	[      6]
348   	0     	     11	 NeutSmallBright	    690.5703	   2074.22	    0.0	    00000000     00000000	   1	[      8]
349   	0     	      9	   NeutSmallDark	    693.0156	   2445.31	    0.0	    00000000     00000000	   1	[      6]
350   	0     	      5	    NegSmallDark	    695.3789	   2363.28	    0.0	    00000000     00000000	   1	[      2]
351   	0     	     11	 NeutSmallBright	    697.7422	   2363.28	    0.0	    00000000     00000000	   1	[      8]
352   	0     	      9	   NeutSmallDark	    699.9766	   2234.38	    0.0	    00000000     00000000	   1	[      6]
353   	0     	     11	 NeutSmallBright	    702.2930	   2316.41	    0.0	    00000000     00000000	   1	[      8]
354   	0     	      6	  NegLargeBright	    704.4258	   2132.81	    0.0	    00000000     00000000	   1	[      3]
355   	0     	      5	    NegSmallDark	    706.5703	   2144.53	    0.0	    00000000     00000000	   1	[      2]
356   	0     	     10	 NeutLargeBright	    708.8242	   2253.91	    0.0	    00000000     00000000	   1	[      7]
357   	0     	      4	    NegLargeDark	    711.1680	   2343.75	    0.0	    00000000     00000000	   1	[      1]
358   	0     	     11	 NeutSmallBright	    713.5234	   2355.47	    0.0	    00000000     00000000	   1	[      8]
359   	0     	      8	   NeutLargeDark	    715.5742	   2050.78	    0.0	    00000000     00000000	   1	[      5]
360   	0     	     10	 NeutLargeBright	    717.7578	   2183.59	    0.0	    00000000     00000000	   1	[      7]
361   	0     	      8	   NeutLargeDark	    720.0742	   2316.41	    0.0	    00000000     00000000	   1	[      5]
362   	0     	      4	    NegLargeDark	    722.5977	   2523.44	    0.0	    00000000     00000000	   1	[      1]
363   	0     	      4	    NegLargeDark	    724.8711	   2273.44	    0.0	    00000000     00000000	   1	[      1]
364   	0     	      5	    NegSmallDark	    726.9961	   2125.00	    0.0	    00000000     00000000	   1	[      2]
365   	0     	      9	   NeutSmallDark	    729.4297	   2433.59	    0.0	    00000000     00000000	   1	[      6]
366   	0     	     12	     condition12	    731.8047	   2375.00	    0.0	    00000000     00000000	   1	[       ]
367   	0     	      2	      condition2	    732.4492	    644.53	    0.0	    00000000     00000000	   1	[       ]
368   	0     	      4	    NegLargeDark	    733.9258	   1476.56	    0.0	    00000000     00000000	   1	[      1]
369   	0     	      8	   NeutLargeDark	    735.9609	   2035.16	    0.0	    00000000     00000000	   1	[      5]
370   	0     	      8	   NeutLargeDark	    738.4336	   2472.66	    0.0	    00000000     00000000	   1	[      5]
371   	0     	      4	    NegLargeDark	    740.5508	   2117.19	    0.0	    00000000     00000000	   1	[      1]
372   	0     	      6	  NegLargeBright	    742.6523	   2101.56	    0.0	    00000000     00000000	   1	[      3]
373   	0     	     10	 NeutLargeBright	    744.9062	   2253.91	    0.0	    00000000     00000000	   1	[      7]
374   	0     	      8	   NeutLargeDark	    747.2617	   2355.47	    0.0	    00000000     00000000	   1	[      5]
375   	0     	     15	     condition15	    749.5430	   2281.25	    0.0	    00000000     00000000	   1	[       ]
376   	0     	      2	      condition2	    750.1875	    644.53	    0.0	    00000000     00000000	   1	[       ]
377   	0     	     10	 NeutLargeBright	    751.6367	   1449.22	    0.0	    00000000     00000000	   1	[      7]
378   	0     	      5	    NegSmallDark	    754.1328	   2496.09	    0.0	    00000000     00000000	   1	[      2]
379   	0     	      4	    NegLargeDark	    756.2969	   2164.06	    0.0	    00000000     00000000	   1	[      1]
380   	0     	      6	  NegLargeBright	    758.4805	   2183.59	    0.0	    00000000     00000000	   1	[      3]
381   	0     	      8	   NeutLargeDark	    760.6328	   2152.34	    0.0	    00000000     00000000	   1	[      5]
382   	0     	      6	  NegLargeBright	    762.9688	   2335.94	    0.0	    00000000     00000000	   1	[      3]
383   	0     	      7	  NegSmallBright	    765.0234	   2054.69	    0.0	    00000000     00000000	   1	[      4]
384   	0     	      7	  NegSmallBright	    767.3359	   2312.50	    0.0	    00000000     00000000	   1	[      4]
385   	0     	      8	   NeutLargeDark	    769.8320	   2496.09	    0.0	    00000000     00000000	   1	[      5]
386   	0     	      5	    NegSmallDark	    772.1641	   2332.03	    0.0	    00000000     00000000	   1	[      2]
387   	0     	      7	  NegSmallBright	    774.2188	   2054.69	    0.0	    00000000     00000000	   1	[      4]
388   	0     	     10	 NeutLargeBright	    776.4414	   2222.66	    0.0	    00000000     00000000	   1	[      7]
389   	0     	     10	 NeutLargeBright	    778.8477	   2406.25	    0.0	    00000000     00000000	   1	[      7]
390   	0     	      5	    NegSmallDark	    781.0898	   2242.19	    0.0	    00000000     00000000	   1	[      2]
391   	0     	      9	   NeutSmallDark	    783.3555	   2265.62	    0.0	    00000000     00000000	   1	[      6]
392   	0     	      6	  NegLargeBright	    785.8594	   2503.91	    0.0	    00000000     00000000	   1	[      3]
393   	0     	      4	    NegLargeDark	    787.9531	   2093.75	    0.0	    00000000     00000000	   1	[      1]
394   	0     	      4	    NegLargeDark	    790.3555	   2402.34	    0.0	    00000000     00000000	   1	[      1]
395   	0     	     11	 NeutSmallBright	    792.6914	   2335.94	    0.0	    00000000     00000000	   1	[      8]
396   	0     	      4	    NegLargeDark	    794.8828	   2191.41	    0.0	    00000000     00000000	   1	[      1]
397   	0     	     15	     condition15	    797.1992	   2316.41	    0.0	    00000000     00000000	   1	[       ]
398   	0     	      2	      condition2	    797.9258	    726.56	    0.0	    00000000     00000000	   1	[       ]
399   	0     	     10	 NeutLargeBright	    799.6133	   1687.50	    0.0	    00000000     00000000	   1	[      7]
400   	0     	      4	    NegLargeDark	    801.8984	   2285.16	    0.0	    00000000     00000000	   1	[      1]
401   	0     	     12	     condition12	    805.6875	   3789.06	    0.0	    00000000     00000000	   1	[       ]
402   	0     	      2	      condition2	    806.2773	    589.84	    0.0	    00000000     00000000	   1	[       ]
403   	0     	      6	  NegLargeBright	    808.1133	   1835.94	    0.0	    00000000     00000000	   1	[      3]
404   	0     	      4	    NegLargeDark	    810.4766	   2363.28	    0.0	    00000000     00000000	   1	[      1]
405   	0     	     10	 NeutLargeBright	    813.0117	   2535.16	    0.0	    00000000     00000000	   1	[      7]
406   	0     	      9	   NeutSmallDark	    815.3047	   2292.97	    0.0	    00000000     00000000	   1	[      6]
407   	0     	      6	  NegLargeBright	    817.5195	   2214.84	    0.0	    00000000     00000000	   1	[      3]
408   	0     	     14	     condition14	    819.9531	   2433.59	    0.0	    00000000     00000000	   1	[       ]
409   	0     	      2	      condition2	    820.5586	    605.47	    0.0	    00000000     00000000	   1	[       ]
410   	0     	     10	 NeutLargeBright	    822.0742	   1515.62	    0.0	    00000000     00000000	   1	[      7]
411   	0     	      4	    NegLargeDark	    824.2891	   2214.84	    0.0	    00000000     00000000	   1	[      1]
412   	0     	     11	 NeutSmallBright	    826.7227	   2433.59	    0.0	    00000000     00000000	   1	[      8]
413   	0     	     12	     condition12	    828.8281	   2105.47	    0.0	    00000000     00000000	   1	[       ]
414   	0     	      2	      condition2	    829.4102	    582.03	    0.0	    00000000     00000000	   1	[       ]
415   	0     	      9	   NeutSmallDark	    830.9805	   1570.31	    0.0	    00000000     00000000	   1	[      6]
416   	0     	      6	  NegLargeBright	    833.4766	   2496.09	    0.0	    00000000     00000000	   1	[      3]
417   	0     	      8	   NeutLargeDark	    835.5703	   2093.75	    0.0	    00000000     00000000	   1	[      5]
418   	0     	      4	    NegLargeDark	    838.0625	   2492.19	    0.0	    00000000     00000000	   1	[      1]
419   	0     	      4	    NegLargeDark	    840.5078	   2445.31	    0.0	    00000000     00000000	   1	[      1]
420   	0     	      9	   NeutSmallDark	    842.7930	   2285.16	    0.0	    00000000     00000000	   1	[      6]
421   	0     	      6	  NegLargeBright	    845.0273	   2234.38	    0.0	    00000000     00000000	   1	[      3]
422   	0     	     11	 NeutSmallBright	    847.4297	   2402.34	    0.0	    00000000     00000000	   1	[      8]
423   	0     	      5	    NegSmallDark	    849.7461	   2316.41	    0.0	    00000000     00000000	   1	[      2]
424   	0     	      5	    NegSmallDark	    852.0391	   2292.97	    0.0	    00000000     00000000	   1	[      2]
425   	0     	     10	 NeutLargeBright	    854.4219	   2382.81	    0.0	    00000000     00000000	   1	[      7]
426   	0     	      8	   NeutLargeDark	    856.7969	   2375.00	    0.0	    00000000     00000000	   1	[      5]
427   	0     	      8	   NeutLargeDark	    859.2500	   2453.12	    0.0	    00000000     00000000	   1	[      5]
428   	0     	      9	   NeutSmallDark	    861.3242	   2074.22	    0.0	    00000000     00000000	   1	[      6]
429   	0     	      7	  NegSmallBright	    863.8477	   2523.44	    0.0	    00000000     00000000	   1	[      4]
430   	0     	     11	 NeutSmallBright	    866.0938	   2246.09	    0.0	    00000000     00000000	   1	[      8]
431   	0     	      6	  NegLargeBright	    868.3984	   2304.69	    0.0	    00000000     00000000	   1	[      3]
432   	0     	     10	 NeutLargeBright	    870.4805	   2082.03	    0.0	    00000000     00000000	   1	[      7]
433   	0     	      8	   NeutLargeDark	    872.5938	   2113.28	    0.0	    00000000     00000000	   1	[      5]
434   	0     	      5	    NegSmallDark	    874.7500	   2156.25	    0.0	    00000000     00000000	   1	[      2]
435   	0     	      9	   NeutSmallDark	    876.9219	   2171.88	    0.0	    00000000     00000000	   1	[      6]
436   	0     	      6	  NegLargeBright	    879.0977	   2175.78	    0.0	    00000000     00000000	   1	[      3]
437   	0     	      8	   NeutLargeDark	    881.3398	   2242.19	    0.0	    00000000     00000000	   1	[      5]
438   	0     	     12	     condition12	    883.6250	   2285.16	    0.0	    00000000     00000000	   1	[       ]
439   	0     	      2	      condition2	    884.2422	    617.19	    0.0	    00000000     00000000	   1	[       ]
440   	0     	     12	     condition12	    885.7578	   1515.62	    0.0	    00000000     00000000	   1	[       ]
441   	0     	      2	      condition2	    886.3125	    554.69	    0.0	    00000000     00000000	   1	[       ]
442   	0     	      6	  NegLargeBright	    888.0508	   1738.28	    0.0	    00000000     00000000	   1	[      3]
443   	0     	     11	 NeutSmallBright	    890.1055	   2054.69	    0.0	    00000000     00000000	   1	[      8]
444   	0     	      4	    NegLargeDark	    892.4688	   2363.28	    0.0	    00000000     00000000	   1	[      1]
445   	0     	     11	 NeutSmallBright	    894.5625	   2093.75	    0.0	    00000000     00000000	   1	[      8]
446   	0     	     13	     condition13	    896.9961	   2433.59	    0.0	    00000000     00000000	   1	[       ]
447   	0     	      2	      condition2	    897.5469	    550.78	    0.0	    00000000     00000000	   1	[       ]
448   	0     	      7	  NegSmallBright	    899.1328	   1585.94	    0.0	    00000000     00000000	   1	[      4]
449   	0     	      8	   NeutLargeDark	    901.5547	   2421.88	    0.0	    00000000     00000000	   1	[      5]
450   	0     	      9	   NeutSmallDark	    904.0781	   2523.44	    0.0	    00000000     00000000	   1	[      6]
451   	0     	     10	 NeutLargeBright	    906.4961	   2417.97	    0.0	    00000000     00000000	   1	[      7]
452   	0     	      6	  NegLargeBright	    908.6875	   2191.41	    0.0	    00000000     00000000	   1	[      3]
453   	0     	      5	    NegSmallDark	    910.7422	   2054.69	    0.0	    00000000     00000000	   1	[      2]
454   	0     	     11	 NeutSmallBright	    912.8242	   2082.03	    0.0	    00000000     00000000	   1	[      8]
455   	0     	      8	   NeutLargeDark	    914.9492	   2125.00	    0.0	    00000000     00000000	   1	[      5]
456   	0     	     10	 NeutLargeBright	    917.0430	   2093.75	    0.0	    00000000     00000000	   1	[      7]
457   	0     	     12	     condition12	    919.4375	   2394.53	    0.0	    00000000     00000000	   1	[       ]
458   	0     	      2	      condition2	    919.9531	    515.62	    0.0	    00000000     00000000	   1	[       ]
459   	0     	      5	    NegSmallDark	    921.8711	   1917.97	    0.0	    00000000     00000000	   1	[      2]
460   	0     	     12	     condition12	    923.9648	   2093.75	    0.0	    00000000     00000000	   1	[       ]
461   	0     	      2	      condition2	    924.7188	    753.91	    0.0	    00000000     00000000	   1	[       ]
462   	0     	      9	   NeutSmallDark	    926.4609	   1742.19	    0.0	    00000000     00000000	   1	[      6]
463   	0     	      6	  NegLargeBright	    928.7539	   2292.97	    0.0	    00000000     00000000	   1	[      3]
464   	0     	      8	   NeutLargeDark	    930.9688	   2214.84	    0.0	    00000000     00000000	   1	[      5]
465   	0     	      5	    NegSmallDark	    933.4219	   2453.12	    0.0	    00000000     00000000	   1	[      2]
466   	0     	     10	 NeutLargeBright	    935.5547	   2132.81	    0.0	    00000000     00000000	   1	[      7]
467   	0     	      9	   NeutSmallDark	    937.6289	   2074.22	    0.0	    00000000     00000000	   1	[      6]
468   	0     	      8	   NeutLargeDark	    940.0234	   2394.53	    0.0	    00000000     00000000	   1	[      5]
469   	0     	     15	     condition15	    942.4688	   2445.31	    0.0	    00000000     00000000	   1	[       ]
470   	0     	      2	      condition2	    943.1602	    691.41	    0.0	    00000000     00000000	   1	[       ]
471   	0     	     10	 NeutLargeBright	    944.5625	   1402.34	    0.0	    00000000     00000000	   1	[      7]
472   	0     	      5	    NegSmallDark	    946.6250	   2062.50	    0.0	    00000000     00000000	   1	[      2]
473   	0     	      7	  NegSmallBright	    948.7773	   2152.34	    0.0	    00000000     00000000	   1	[      4]
474   	0     	     13	     condition13	    951.2617	   2484.38	    0.0	    00000000     00000000	   1	[       ]
475   	0     	      2	      condition2	    952.4336	   1171.88	    0.0	    00000000     00000000	   1	[       ]
476   	0     	      4	    NegLargeDark	    953.6953	   1261.72	    0.0	    00000000     00000000	   1	[      1]
477   	0     	      8	   NeutLargeDark	    955.8789	   2183.59	    0.0	    00000000     00000000	   1	[      5]
478   	0     	      8	   NeutLargeDark	    958.0039	   2125.00	    0.0	    00000000     00000000	   1	[      5]
479   	0     	      7	  NegSmallBright	    960.5000	   2496.09	    0.0	    00000000     00000000	   1	[      4]
480   	0     	     13	     condition13	    962.6914	   2191.41	    0.0	    00000000     00000000	   1	[       ]
481   	0     	      2	      condition2	    963.2578	    566.41	    0.0	    00000000     00000000	   1	[       ]
482   	0     	    253	              ""	    965.6562	   2398.44	    0.0	    00000000     00000000	   1	[       ]
483   	0     	      9	   NeutSmallDark	    966.6641	   1007.81	    0.0	    00000000     00000000	   1	[      6]
484   	0     	      9	   NeutSmallDark	    968.7891	   2125.00	    0.0	    00000000     00000000	   1	[      6]
485   	0     	     10	 NeutLargeBright	    970.8320	   2042.97	    0.0	    00000000     00000000	   1	[      7]
486   	0     	      7	  NegSmallBright	    973.1367	   2304.69	    0.0	    00000000     00000000	   1	[      4]
487   	0     	      8	   NeutLargeDark	    975.4688	   2332.03	    0.0	    00000000     00000000	   1	[      5]
488   	0     	      9	   NeutSmallDark	    977.8555	   2386.72	    0.0	    00000000     00000000	   1	[      6]
489   	0     	     13	     condition13	    980.2773	   2421.88	    0.0	    00000000     00000000	   1	[       ]
490   	0     	      2	      condition2	    981.0117	    734.38	    0.0	    00000000     00000000	   1	[       ]
491   	0     	      7	  NegSmallBright	    982.3906	   1378.91	    0.0	    00000000     00000000	   1	[      4]
492   	0     	      6	  NegLargeBright	    984.6562	   2265.62	    0.0	    00000000     00000000	   1	[      3]
493   	0     	      4	    NegLargeDark	    987.1289	   2472.66	    0.0	    00000000     00000000	   1	[      1]
494   	0     	     10	 NeutLargeBright	    989.1836	   2054.69	    0.0	    00000000     00000000	   1	[      7]
495   	0     	     13	     condition13	    991.3594	   2175.78	    0.0	    00000000     00000000	   1	[       ]
496   	0     	      2	      condition2	    991.9336	    574.22	    0.0	    00000000     00000000	   1	[       ]
497   	0     	      5	    NegSmallDark	    993.4023	   1468.75	    0.0	    00000000     00000000	   1	[      2]
498   	0     	     11	 NeutSmallBright	    995.5156	   2113.28	    0.0	    00000000     00000000	   1	[      8]
499   	0     	      9	   NeutSmallDark	    997.8984	   2382.81	    0.0	    00000000     00000000	   1	[      6]
500   	0     	     12	     condition12	    999.9922	   2093.75	    0.0	    00000000     00000000	   1	[       ]
501   	0     	      2	      condition2	   1000.4258	    433.59	    0.0	    00000000     00000000	   1	[       ]
502   	0     	     14	     condition14	   1002.0273	   1601.56	    0.0	    00000000     00000000	   1	[       ]
503   	0     	      2	      condition2	   1002.8164	    789.06	    0.0	    00000000     00000000	   1	[       ]
504   	0     	     10	 NeutLargeBright	   1004.1992	   1382.81	    0.0	    00000000     00000000	   1	[      7]
505   	0     	     10	 NeutLargeBright	   1006.3828	   2183.59	    0.0	    00000000     00000000	   1	[      7]
506   	0     	      4	    NegLargeDark	   1008.5977	   2214.84	    0.0	    00000000     00000000	   1	[      1]
507   	0     	      6	  NegLargeBright	   1011.0117	   2414.06	    0.0	    00000000     00000000	   1	[      3]
508   	0     	      7	  NegSmallBright	   1013.3750	   2363.28	    0.0	    00000000     00000000	   1	[      4]
509   	0     	      8	   NeutLargeDark	   1015.6719	   2296.88	    0.0	    00000000     00000000	   1	[      5]
510   	0     	      8	   NeutLargeDark	   1017.7148	   2042.97	    0.0	    00000000     00000000	   1	[      5]
511   	0     	      7	  NegSmallBright	   1019.7969	   2082.03	    0.0	    00000000     00000000	   1	[      4]
512   	0     	      4	    NegLargeDark	   1022.2227	   2425.78	    0.0	    00000000     00000000	   1	[      1]
513   	0     	      8	   NeutLargeDark	   1024.6875	   2464.84	    0.0	    00000000     00000000	   1	[      5]
514   	0     	      5	    NegSmallDark	   1027.1992	   2511.72	    0.0	    00000000     00000000	   1	[      2]
515   	0     	      5	    NegSmallDark	   1029.6758	   2476.56	    0.0	    00000000     00000000	   1	[      2]
516   	0     	      5	    NegSmallDark	   1032.0078	   2332.03	    0.0	    00000000     00000000	   1	[      2]
517   	0     	      5	    NegSmallDark	   1034.3633	   2355.47	    0.0	    00000000     00000000	   1	[      2]
518   	0     	      9	   NeutSmallDark	   1036.4688	   2105.47	    0.0	    00000000     00000000	   1	[      6]
519   	0     	      7	  NegSmallBright	   1038.5703	   2101.56	    0.0	    00000000     00000000	   1	[      4]
520   	0     	      8	   NeutLargeDark	   1041.0547	   2484.38	    0.0	    00000000     00000000	   1	[      5]
521   	0     	     14	     condition14	   1043.1602	   2105.47	    0.0	    00000000     00000000	   1	[       ]
522   	0     	      2	      condition2	   1043.6367	    476.56	    0.0	    00000000     00000000	   1	[       ]
523   	0     	     10	 NeutLargeBright	   1045.2812	   1644.53	    0.0	    00000000     00000000	   1	[      7]
524   	0     	      9	   NeutSmallDark	   1047.6680	   2386.72	    0.0	    00000000     00000000	   1	[      6]
525   	0     	      6	  NegLargeBright	   1049.9414	   2273.44	    0.0	    00000000     00000000	   1	[      3]
526   	0     	      7	  NegSmallBright	   1052.3867	   2445.31	    0.0	    00000000     00000000	   1	[      4]
527   	0     	      8	   NeutLargeDark	   1054.6172	   2230.47	    0.0	    00000000     00000000	   1	[      5]
528   	0     	      6	  NegLargeBright	   1057.0430	   2425.78	    0.0	    00000000     00000000	   1	[      3]
529   	0     	      8	   NeutLargeDark	   1059.3789	   2335.94	    0.0	    00000000     00000000	   1	[      5]
530   	0     	     13	     condition13	   1061.5820	   2203.12	    0.0	    00000000     00000000	   1	[       ]
531   	0     	      9	   NeutSmallDark	   1063.8750	   2292.97	    0.0	    00000000     00000000	   1	[      6]
532   	0     	     15	     condition15	   1066.0391	   2164.06	    0.0	    00000000     00000000	   1	[       ]
533   	0     	      2	      condition2	   1066.8242	    785.16	    0.0	    00000000     00000000	   1	[       ]
534   	0     	     13	     condition13	   1068.4922	   1667.97	    0.0	    00000000     00000000	   1	[       ]
535   	0     	      2	      condition2	   1069.2812	    789.06	    0.0	    00000000     00000000	   1	[       ]
536   	0     	     11	 NeutSmallBright	   1070.7578	   1476.56	    0.0	    00000000     00000000	   1	[      8]
537   	0     	      7	  NegSmallBright	   1072.9023	   2144.53	    0.0	    00000000     00000000	   1	[      4]
538   	0     	      5	    NegSmallDark	   1075.3555	   2453.12	    0.0	    00000000     00000000	   1	[      2]
539   	0     	     11	 NeutSmallBright	   1077.4375	   2082.03	    0.0	    00000000     00000000	   1	[      8]
540   	0     	      7	  NegSmallBright	   1079.7227	   2285.16	    0.0	    00000000     00000000	   1	[      4]
541   	0     	      6	  NegLargeBright	   1082.1992	   2476.56	    0.0	    00000000     00000000	   1	[      3]
542   	0     	     11	 NeutSmallBright	   1084.6016	   2402.34	    0.0	    00000000     00000000	   1	[      8]
543   	0     	     12	     condition12	   1086.8867	   2285.16	    0.0	    00000000     00000000	   1	[       ]
544   	0     	      2	      condition2	   1087.4766	    589.84	    0.0	    00000000     00000000	   1	[       ]
545   	0     	      6	  NegLargeBright	   1089.2305	   1753.91	    0.0	    00000000     00000000	   1	[      3]
546   	0     	      8	   NeutLargeDark	   1091.3438	   2113.28	    0.0	    00000000     00000000	   1	[      5]
547   	0     	      9	   NeutSmallDark	   1093.6484	   2304.69	    0.0	    00000000     00000000	   1	[      6]
548   	0     	      5	    NegSmallDark	   1095.7695	   2121.09	    0.0	    00000000     00000000	   1	[      2]
549   	0     	     13	     condition13	   1097.8633	   2093.75	    0.0	    00000000     00000000	   1	[       ]
550   	0     	      2	      condition2	   1098.6133	    750.00	    0.0	    00000000     00000000	   1	[       ]
551   	0     	      4	    NegLargeDark	   1100.0977	   1484.38	    0.0	    00000000     00000000	   1	[      1]
552   	0     	      5	    NegSmallDark	   1102.6133	   2515.62	    0.0	    00000000     00000000	   1	[      2]
553   	0     	      4	    NegLargeDark	   1104.9062	   2292.97	    0.0	    00000000     00000000	   1	[      1]
554   	0     	     14	     condition14	   1107.0000	   2093.75	    0.0	    00000000     00000000	   1	[       ]
555   	0     	      2	      condition2	   1107.5703	    570.31	    0.0	    00000000     00000000	   1	[       ]
556   	0     	      5	    NegSmallDark	   1109.0742	   1503.91	    0.0	    00000000     00000000	   1	[      2]
557   	0     	     10	 NeutLargeBright	   1111.5078	   2433.59	    0.0	    00000000     00000000	   1	[      7]
558   	0     	      8	   NeutLargeDark	   1113.6133	   2105.47	    0.0	    00000000     00000000	   1	[      5]
559   	0     	      9	   NeutSmallDark	   1115.9258	   2312.50	    0.0	    00000000     00000000	   1	[      6]
560   	0     	      5	    NegSmallDark	   1118.0586	   2132.81	    0.0	    00000000     00000000	   1	[      2]
561   	0     	     11	 NeutSmallBright	   1120.4766	   2417.97	    0.0	    00000000     00000000	   1	[      8]
562   	0     	     11	 NeutSmallBright	   1122.6992	   2222.66	    0.0	    00000000     00000000	   1	[      8]
563   	0     	      5	    NegSmallDark	   1126.6523	   3953.12	    0.0	    00000000     00000000	   1	[      2]
564   	0     	     10	 NeutLargeBright	   1128.9570	   2304.69	    0.0	    00000000     00000000	   1	[      7]
565   	0     	      9	   NeutSmallDark	   1131.1172	   2160.16	    0.0	    00000000     00000000	   1	[      6]
566   	0     	     13	     condition13	   1133.3320	   2214.84	    0.0	    00000000     00000000	   1	[       ]
567   	0     	      2	      condition2	   1133.9453	    613.28	    0.0	    00000000     00000000	   1	[       ]
568   	0     	      6	  NegLargeBright	   1135.4258	   1480.47	    0.0	    00000000     00000000	   1	[      3]
569   	0     	     10	 NeutLargeBright	   1137.9219	   2496.09	    0.0	    00000000     00000000	   1	[      7]
570   	0     	      8	   NeutLargeDark	   1140.2969	   2375.00	    0.0	    00000000     00000000	   1	[      5]
571   	0     	     10	 NeutLargeBright	   1142.7891	   2492.19	    0.0	    00000000     00000000	   1	[      7]
572   	0     	      9	   NeutSmallDark	   1145.1250	   2335.94	    0.0	    00000000     00000000	   1	[      6]
573   	0     	      9	   NeutSmallDark	   1147.4375	   2312.50	    0.0	    00000000     00000000	   1	[      6]
574   	0     	      7	  NegSmallBright	   1149.5625	   2125.00	    0.0	    00000000     00000000	   1	[      4]
575   	0     	      4	    NegLargeDark	   1151.7266	   2164.06	    0.0	    00000000     00000000	   1	[      1]
576   	0     	      8	   NeutLargeDark	   1154.0586	   2332.03	    0.0	    00000000     00000000	   1	[      5]
577   	0     	     15	     condition15	   1156.4336	   2375.00	    0.0	    00000000     00000000	   1	[       ]
578   	0     	      2	      condition2	   1157.0273	    593.75	    0.0	    00000000     00000000	   1	[       ]
579   	0     	      8	   NeutLargeDark	   1158.9180	   1890.62	    0.0	    00000000     00000000	   1	[      5]
580   	0     	      6	  NegLargeBright	   1161.0625	   2144.53	    0.0	    00000000     00000000	   1	[      3]
581   	0     	      6	  NegLargeBright	   1163.4141	   2351.56	    0.0	    00000000     00000000	   1	[      3]
582   	0     	     10	 NeutLargeBright	   1165.6992	   2285.16	    0.0	    00000000     00000000	   1	[      7]
583   	0     	      6	  NegLargeBright	   1167.9453	   2246.09	    0.0	    00000000     00000000	   1	[      3]
584   	0     	      7	  NegSmallBright	   1170.4062	   2460.94	    0.0	    00000000     00000000	   1	[      4]
585   	0     	     12	     condition12	   1172.7734	   2367.19	    0.0	    00000000     00000000	   1	[       ]
586   	0     	      2	      condition2	   1173.2695	    496.09	    0.0	    00000000     00000000	   1	[       ]
587   	0     	      6	  NegLargeBright	   1174.9062	   1636.72	    0.0	    00000000     00000000	   1	[      3]
588   	0     	     10	 NeutLargeBright	   1177.2305	   2324.22	    0.0	    00000000     00000000	   1	[      7]
589   	0     	     11	 NeutSmallBright	   1179.4453	   2214.84	    0.0	    00000000     00000000	   1	[      8]
590   	0     	     14	     condition14	   1181.9688	   2523.44	    0.0	    00000000     00000000	   1	[       ]
591   	0     	      2	      condition2	   1182.6328	    664.06	    0.0	    00000000     00000000	   1	[       ]
592   	0     	     10	 NeutLargeBright	   1184.3828	   1750.00	    0.0	    00000000     00000000	   1	[      7]
593   	0     	     10	 NeutLargeBright	   1186.6758	   2292.97	    0.0	    00000000     00000000	   1	[      7]
594   	0     	      8	   NeutLargeDark	   1188.8320	   2156.25	    0.0	    00000000     00000000	   1	[      5]
595   	0     	      6	  NegLargeBright	   1191.1758	   2343.75	    0.0	    00000000     00000000	   1	[      3]
596   	0     	     15	     condition15	   1193.3789	   2203.12	    0.0	    00000000     00000000	   1	[       ]
597   	0     	      2	      condition2	   1194.5547	   1175.78	    0.0	    00000000     00000000	   1	[       ]
598   	0     	      9	   NeutSmallDark	   1195.7305	   1175.78	    0.0	    00000000     00000000	   1	[      6]
599   	0     	      5	    NegSmallDark	   1197.9961	   2265.62	    0.0	    00000000     00000000	   1	[      2]
600   	0     	      5	    NegSmallDark	   1200.4492	   2453.12	    0.0	    00000000     00000000	   1	[      2]
601   	0     	     11	 NeutSmallBright	   1202.4961	   2046.88	    0.0	    00000000     00000000	   1	[      8]
602   	0     	     12	     condition12	   1204.7070	   2210.94	    0.0	    00000000     00000000	   1	[       ]
603   	0     	      2	      condition2	   1205.4766	    769.53	    0.0	    00000000     00000000	   1	[       ]
604   	0     	      4	    NegLargeDark	   1207.0938	   1617.19	    0.0	    00000000     00000000	   1	[      1]
605   	0     	      6	  NegLargeBright	   1209.5273	   2433.59	    0.0	    00000000     00000000	   1	[      3]
606   	0     	      7	  NegSmallBright	   1211.8789	   2351.56	    0.0	    00000000     00000000	   1	[      4]
607   	0     	      4	    NegLargeDark	   1214.2031	   2324.22	    0.0	    00000000     00000000	   1	[      1]
608   	0     	     11	 NeutSmallBright	   1216.6406	   2437.50	    0.0	    00000000     00000000	   1	[      8]
609   	0     	      8	   NeutLargeDark	   1218.7422	   2101.56	    0.0	    00000000     00000000	   1	[      5]
610   	0     	      8	   NeutLargeDark	   1221.2188	   2476.56	    0.0	    00000000     00000000	   1	[      5]
611   	0     	     14	     condition14	   1223.5000	   2281.25	    0.0	    00000000     00000000	   1	[       ]
612   	0     	      2	      condition2	   1224.3047	    804.69	    0.0	    00000000     00000000	   1	[       ]
613   	0     	     14	     condition14	   1226.0039	   1699.22	    0.0	    00000000     00000000	   1	[       ]
614   	0     	      2	      condition2	   1226.6602	    656.25	    0.0	    00000000     00000000	   1	[       ]
615   	0     	     10	 NeutLargeBright	   1228.3008	   1640.62	    0.0	    00000000     00000000	   1	[      7]
616   	0     	     10	 NeutLargeBright	   1230.7656	   2464.84	    0.0	    00000000     00000000	   1	[      7]
617   	0     	      8	   NeutLargeDark	   1233.1289	   2363.28	    0.0	    00000000     00000000	   1	[      5]
618   	0     	      9	   NeutSmallDark	   1235.4102	   2281.25	    0.0	    00000000     00000000	   1	[      6]
619   	0     	      7	  NegSmallBright	   1237.4961	   2085.94	    0.0	    00000000     00000000	   1	[      4]
620   	0     	      4	    NegLargeDark	   1239.6406	   2144.53	    0.0	    00000000     00000000	   1	[      1]
621   	0     	     10	 NeutLargeBright	   1241.7734	   2132.81	    0.0	    00000000     00000000	   1	[      7]
622   	0     	     10	 NeutLargeBright	   1244.2578	   2484.38	    0.0	    00000000     00000000	   1	[      7]
623   	0     	      5	    NegSmallDark	   1246.3008	   2042.97	    0.0	    00000000     00000000	   1	[      2]
624   	0     	     11	 NeutSmallBright	   1248.7461	   2445.31	    0.0	    00000000     00000000	   1	[      8]
625   	0     	      7	  NegSmallBright	   1251.2305	   2484.38	    0.0	    00000000     00000000	   1	[      4]
626   	0     	      5	    NegSmallDark	   1253.3125	   2082.03	    0.0	    00000000     00000000	   1	[      2]
627   	0     	      7	  NegSmallBright	   1255.6875	   2375.00	    0.0	    00000000     00000000	   1	[      4]
628   	0     	      8	   NeutLargeDark	   1257.9531	   2265.62	    0.0	    00000000     00000000	   1	[      5]
629   	0     	     11	 NeutSmallBright	   1260.2266	   2273.44	    0.0	    00000000     00000000	   1	[      8]
630   	0     	     11	 NeutSmallBright	   1262.6484	   2421.88	    0.0	    00000000     00000000	   1	[      8]
631   	0     	      8	   NeutLargeDark	   1264.9531	   2304.69	    0.0	    00000000     00000000	   1	[      5]
632   	0     	      6	  NegLargeBright	   1267.1875	   2234.38	    0.0	    00000000     00000000	   1	[      3]
633   	0     	      5	    NegSmallDark	   1269.4727	   2285.16	    0.0	    00000000     00000000	   1	[      2]
634   	0     	      6	  NegLargeBright	   1271.9766	   2503.91	    0.0	    00000000     00000000	   1	[      3]
635   	0     	      7	  NegSmallBright	   1274.3711	   2394.53	    0.0	    00000000     00000000	   1	[      4]
636   	0     	      5	    NegSmallDark	   1276.4531	   2082.03	    0.0	    00000000     00000000	   1	[      2]
637   	0     	      7	  NegSmallBright	   1278.7695	   2316.41	    0.0	    00000000     00000000	   1	[      4]
638   	0     	      7	  NegSmallBright	   1281.2109	   2441.41	    0.0	    00000000     00000000	   1	[      4]
639   	0     	      9	   NeutSmallDark	   1283.5273	   2316.41	    0.0	    00000000     00000000	   1	[      6]
640   	0     	      5	    NegSmallDark	   1286.0195	   2492.19	    0.0	    00000000     00000000	   1	[      2]
