#  Non-editable header begin --------------------------------------------------------------------------------
# 
#  data format...............: continuous
#  setname...................: BDF file
#  filename..................: none_specified
#  filepath..................: none_specified
#  nchan.....................: 64
#  pnts......................: 327168
#  srate.....................: 256
#  nevents...................: 650
#  generated by (bdf)........: 
#  generated by (set)........: BDF file
#  reported in ..............: 
#  prog Version..............: 8.02
#  creation date.............: 16-Nov-2020 14:33:22
#  user Account..............: 
# 
#  Non-editable header end --------------------------------------------------------------------------------

	bin 1,	# 60,	NegLargeDark
	bin 2,	# 60,	NegSmallDark
	bin 3,	# 60,	NegLargeBright
	bin 4,	# 60,	NegSmallBright
	bin 5,	# 60,	NeutLargeDark
	bin 6,	# 60,	NeutSmallDark
	bin 7,	# 60,	NeutLargeBright
	bin 8,	# 60,	NeutSmallBright



# item	 bepoch	  ecode	            label	      onset	          diff	     dura	b_flags	   a_flags	  enable	    bin
#                                                 (sec)           (msec)     (msec)    (binary)   (binary)


1     	0     	    253	              ""	      0.5312	      0.00	    0.0	    00000000     00000000	   1	[       ]
2     	0     	      7	  NegSmallBright	      1.5234	    992.19	    0.0	    00000000     00000000	   1	[      4]
3     	0     	      9	   NeutSmallDark	      3.9688	   2445.31	    0.0	    00000000     00000000	   1	[      6]
4     	0     	      7	  NegSmallBright	      6.1836	   2214.84	    0.0	    00000000     00000000	   1	[      4]
5     	0     	      4	    NegLargeDark	      8.2578	   2074.22	    0.0	    00000000     00000000	   1	[      1]
6     	0     	      9	   NeutSmallDark	     10.7109	   2453.12	    0.0	    00000000     00000000	   1	[      6]
7     	0     	      4	    NegLargeDark	     12.8359	   2125.00	    0.0	    00000000     00000000	   1	[      1]
8     	0     	      9	   NeutSmallDark	     14.8672	   2031.25	    0.0	    00000000     00000000	   1	[      6]
9     	0     	     13	     condition13	     16.9336	   2066.41	    0.0	    00000000     00000000	   1	[       ]
10    	0     	      2	      condition2	     17.6094	    675.78	    0.0	    00000000     00000000	   1	[       ]
11    	0     	     11	 NeutSmallBright	     19.3750	   1765.62	    0.0	    00000000     00000000	   1	[      8]
12    	0     	      6	  NegLargeBright	     21.5000	   2125.00	    0.0	    00000000     00000000	   1	[      3]
13    	0     	     13	     condition13	     23.9531	   2453.12	    0.0	    00000000     00000000	   1	[       ]
14    	0     	      2	      condition2	     24.5234	    570.31	    0.0	    00000000     00000000	   1	[       ]
15    	0     	     14	     condition14	     26.3164	   1792.97	    0.0	    00000000     00000000	   1	[       ]
16    	0     	      2	      condition2	     26.9648	    648.44	    0.0	    00000000     00000000	   1	[       ]
17    	0     	     12	     condition12	     28.5312	   1566.41	    0.0	    00000000     00000000	   1	[       ]
18    	0     	      2	      condition2	     29.0781	    546.88	    0.0	    00000000     00000000	   1	[       ]
19    	0     	      8	   NeutLargeDark	     30.8047	   1726.56	    0.0	    00000000     00000000	   1	[      5]
20    	0     	      9	   NeutSmallDark	     32.8516	   2046.88	    0.0	    00000000     00000000	   1	[      6]
21    	0     	      9	   NeutSmallDark	     35.1953	   2343.75	    0.0	    00000000     00000000	   1	[      6]
22    	0     	      8	   NeutLargeDark	     37.6367	   2441.41	    0.0	    00000000     00000000	   1	[      5]
23    	0     	     10	 NeutLargeBright	     40.0234	   2386.72	    0.0	    00000000     00000000	   1	[      7]
24    	0     	     10	 NeutLargeBright	     42.3945	   2371.09	    0.0	    00000000     00000000	   1	[      7]
25    	0     	     11	 NeutSmallBright	     44.7695	   2375.00	    0.0	    00000000     00000000	   1	[      8]
26    	0     	      4	    NegLargeDark	     47.2852	   2515.62	    0.0	    00000000     00000000	   1	[      1]
27    	0     	     11	 NeutSmallBright	     49.5195	   2234.38	    0.0	    00000000     00000000	   1	[      8]
28    	0     	      4	    NegLargeDark	     51.9922	   2472.66	    0.0	    00000000     00000000	   1	[      1]
29    	0     	      4	    NegLargeDark	     54.4570	   2464.84	    0.0	    00000000     00000000	   1	[      1]
30    	0     	     10	 NeutLargeBright	     56.7734	   2316.41	    0.0	    00000000     00000000	   1	[      7]
31    	0     	     14	     condition14	     59.1367	   2363.28	    0.0	    00000000     00000000	   1	[       ]
32    	0     	      2	      condition2	     59.7891	    652.34	    0.0	    00000000     00000000	   1	[       ]
33    	0     	      7	  NegSmallBright	     61.6406	   1851.56	    0.0	    00000000     00000000	   1	[      4]
34    	0     	      9	   NeutSmallDark	     63.7422	   2101.56	    0.0	    00000000     00000000	   1	[      6]
35    	0     	      6	  NegLargeBright	     65.8594	   2117.19	    0.0	    00000000     00000000	   1	[      3]
36    	0     	      4	    NegLargeDark	     67.8906	   2031.25	    0.0	    00000000     00000000	   1	[      1]
37    	0     	      5	    NegSmallDark	     70.3945	   2503.91	    0.0	    00000000     00000000	   1	[      2]
38    	0     	      5	    NegSmallDark	     72.8594	   2464.84	    0.0	    00000000     00000000	   1	[      2]
39    	0     	      7	  NegSmallBright	     75.2539	   2394.53	    0.0	    00000000     00000000	   1	[      4]
40    	0     	      9	   NeutSmallDark	     77.2773	   2023.44	    0.0	    00000000     00000000	   1	[      6]
41    	0     	     12	     condition12	     79.6328	   2355.47	    0.0	    00000000     00000000	   1	[       ]
42    	0     	      2	      condition2	     80.0898	    457.03	    0.0	    00000000     00000000	   1	[       ]
43    	0     	     12	     condition12	     81.8047	   1714.84	    0.0	    00000000     00000000	   1	[       ]
44    	0     	      2	      condition2	     82.2930	    488.28	    0.0	    00000000     00000000	   1	[       ]
45    	0     	      7	  NegSmallBright	     84.1016	   1808.59	    0.0	    00000000     00000000	   1	[      4]
46    	0     	      8	   NeutLargeDark	     86.4141	   2312.50	    0.0	    00000000     00000000	   1	[      5]
47    	0     	      7	  NegSmallBright	     88.5781	   2164.06	    0.0	    00000000     00000000	   1	[      4]
48    	0     	      8	   NeutLargeDark	     90.7812	   2203.12	    0.0	    00000000     00000000	   1	[      5]
49    	0     	      8	   NeutLargeDark	     93.0859	   2304.69	    0.0	    00000000     00000000	   1	[      5]
50    	0     	     14	     condition14	     95.3984	   2312.50	    0.0	    00000000     00000000	   1	[       ]
51    	0     	      2	      condition2	     95.9102	    511.72	    0.0	    00000000     00000000	   1	[       ]
52    	0     	      9	   NeutSmallDark	     97.5430	   1632.81	    0.0	    00000000     00000000	   1	[      6]
53    	0     	     12	     condition12	     99.7656	   2222.66	    0.0	    00000000     00000000	   1	[       ]
54    	0     	      2	      condition2	    100.2578	    492.19	    0.0	    00000000     00000000	   1	[       ]
55    	0     	      4	    NegLargeDark	    101.9414	   1683.59	    0.0	    00000000     00000000	   1	[      1]
56    	0     	     12	     condition12	    104.2148	   2273.44	    0.0	    00000000     00000000	   1	[       ]
57    	0     	      2	      condition2	    104.6836	    468.75	    0.0	    00000000     00000000	   1	[       ]
58    	0     	      4	    NegLargeDark	    106.7109	   2027.34	    0.0	    00000000     00000000	   1	[      1]
59    	0     	      7	  NegSmallBright	    108.8438	   2132.81	    0.0	    00000000     00000000	   1	[      4]
60    	0     	     10	 NeutLargeBright	    110.9375	   2093.75	    0.0	    00000000     00000000	   1	[      7]
61    	0     	      4	    NegLargeDark	    113.3516	   2414.06	    0.0	    00000000     00000000	   1	[      1]
62    	0     	     14	     condition14	    115.6445	   2292.97	    0.0	    00000000     00000000	   1	[       ]
63    	0     	      2	      condition2	    116.1289	    484.38	    0.0	    00000000     00000000	   1	[       ]
64    	0     	     15	     condition15	    117.8008	   1671.88	    0.0	    00000000     00000000	   1	[       ]
65    	0     	      2	      condition2	    118.6484	    847.66	    0.0	    00000000     00000000	   1	[       ]
66    	0     	      8	   NeutLargeDark	    120.2422	   1593.75	    0.0	    00000000     00000000	   1	[      5]
67    	0     	     11	 NeutSmallBright	    122.5664	   2324.22	    0.0	    00000000     00000000	   1	[      8]
68    	0     	      9	   NeutSmallDark	    124.7422	   2175.78	    0.0	    00000000     00000000	   1	[      6]
69    	0     	      8	   NeutLargeDark	    126.8242	   2082.03	    0.0	    00000000     00000000	   1	[      5]
70    	0     	     10	 NeutLargeBright	    129.1172	   2292.97	    0.0	    00000000     00000000	   1	[      7]
71    	0     	     11	 NeutSmallBright	    131.3516	   2234.38	    0.0	    00000000     00000000	   1	[      8]
72    	0     	     10	 NeutLargeBright	    133.7578	   2406.25	    0.0	    00000000     00000000	   1	[      7]
73    	0     	      9	   NeutSmallDark	    135.8594	   2101.56	    0.0	    00000000     00000000	   1	[      6]
74    	0     	     13	     condition13	    137.9453	   2085.94	    0.0	    00000000     00000000	   1	[       ]
75    	0     	      2	      condition2	    138.4805	    535.16	    0.0	    00000000     00000000	   1	[       ]
76    	0     	      8	   NeutLargeDark	    140.0078	   1527.34	    0.0	    00000000     00000000	   1	[      5]
77    	0     	      4	    NegLargeDark	    142.4336	   2425.78	    0.0	    00000000     00000000	   1	[      1]
78    	0     	     11	 NeutSmallBright	    144.4961	   2062.50	    0.0	    00000000     00000000	   1	[      8]
79    	0     	      8	   NeutLargeDark	    146.9922	   2496.09	    0.0	    00000000     00000000	   1	[      5]
80    	0     	      5	    NegSmallDark	    149.3555	   2363.28	    0.0	    00000000     00000000	   1	[      2]
81    	0     	      6	  NegLargeBright	    151.4883	   2132.81	    0.0	    00000000     00000000	   1	[      3]
82    	0     	     11	 NeutSmallBright	    153.7812	   2292.97	    0.0	    00000000     00000000	   1	[      8]
83    	0     	      6	  NegLargeBright	    156.2148	   2433.59	    0.0	    00000000     00000000	   1	[      3]
84    	0     	     13	     condition13	    158.5195	   2304.69	    0.0	    00000000     00000000	   1	[       ]
85    	0     	      2	      condition2	    159.0781	    558.59	    0.0	    00000000     00000000	   1	[       ]
86    	0     	    253	              ""	    160.3594	   1281.25	    0.0	    00000000     00000000	   1	[       ]
87    	0     	     10	 NeutLargeBright	    161.3789	   1019.53	    0.0	    00000000     00000000	   1	[      7]
88    	0     	     11	 NeutSmallBright	    163.8242	   2445.31	    0.0	    00000000     00000000	   1	[      8]
89    	0     	     14	     condition14	    166.1680	   2343.75	    0.0	    00000000     00000000	   1	[       ]
90    	0     	      2	      condition2	    166.7305	    562.50	    0.0	    00000000     00000000	   1	[       ]
91    	0     	      9	   NeutSmallDark	    168.4492	   1718.75	    0.0	    00000000     00000000	   1	[      6]
92    	0     	     15	     condition15	    170.5430	   2093.75	    0.0	    00000000     00000000	   1	[       ]
93    	0     	      2	      condition2	    171.2109	    667.97	    0.0	    00000000     00000000	   1	[       ]
94    	0     	      9	   NeutSmallDark	    172.5664	   1355.47	    0.0	    00000000     00000000	   1	[      6]
95    	0     	      5	    NegSmallDark	    174.7109	   2144.53	    0.0	    00000000     00000000	   1	[      2]
96    	0     	      4	    NegLargeDark	    176.7969	   2085.94	    0.0	    00000000     00000000	   1	[      1]
97    	0     	      6	  NegLargeBright	    178.9102	   2113.28	    0.0	    00000000     00000000	   1	[      3]
98    	0     	     10	 NeutLargeBright	    181.4336	   2523.44	    0.0	    00000000     00000000	   1	[      7]
99    	0     	     10	 NeutLargeBright	    183.5273	   2093.75	    0.0	    00000000     00000000	   1	[      7]
100   	0     	     11	 NeutSmallBright	    185.6406	   2113.28	    0.0	    00000000     00000000	   1	[      8]
101   	0     	      4	    NegLargeDark	    187.9844	   2343.75	    0.0	    00000000     00000000	   1	[      1]
102   	0     	      7	  NegSmallBright	    190.2891	   2304.69	    0.0	    00000000     00000000	   1	[      4]
103   	0     	      5	    NegSmallDark	    192.6250	   2335.94	    0.0	    00000000     00000000	   1	[      2]
104   	0     	      5	    NegSmallDark	    195.0156	   2390.62	    0.0	    00000000     00000000	   1	[      2]
105   	0     	     10	 NeutLargeBright	    197.5117	   2496.09	    0.0	    00000000     00000000	   1	[      7]
106   	0     	      8	   NeutLargeDark	    199.5547	   2042.97	    0.0	    00000000     00000000	   1	[      5]
107   	0     	     11	 NeutSmallBright	    201.8398	   2285.16	    0.0	    00000000     00000000	   1	[      8]
108   	0     	     10	 NeutLargeBright	    204.0742	   2234.38	    0.0	    00000000     00000000	   1	[      7]
109   	0     	      5	    NegSmallDark	    206.5391	   2464.84	    0.0	    00000000     00000000	   1	[      2]
110   	0     	      5	    NegSmallDark	    208.7422	   2203.12	    0.0	    00000000     00000000	   1	[      2]
111   	0     	      7	  NegSmallBright	    210.7969	   2054.69	    0.0	    00000000     00000000	   1	[      4]
112   	0     	     10	 NeutLargeBright	    213.1875	   2390.62	    0.0	    00000000     00000000	   1	[      7]
113   	0     	      9	   NeutSmallDark	    215.3750	   2187.50	    0.0	    00000000     00000000	   1	[      6]
114   	0     	      9	   NeutSmallDark	    217.4062	   2031.25	    0.0	    00000000     00000000	   1	[      6]
115   	0     	      6	  NegLargeBright	    219.6797	   2273.44	    0.0	    00000000     00000000	   1	[      3]
116   	0     	     12	     condition12	    222.1250	   2445.31	    0.0	    00000000     00000000	   1	[       ]
117   	0     	      2	      condition2	    222.6953	    570.31	    0.0	    00000000     00000000	   1	[       ]
118   	0     	      8	   NeutLargeDark	    224.2383	   1542.97	    0.0	    00000000     00000000	   1	[      5]
119   	0     	     10	 NeutLargeBright	    226.5625	   2324.22	    0.0	    00000000     00000000	   1	[      7]
120   	0     	      7	  NegSmallBright	    228.6172	   2054.69	    0.0	    00000000     00000000	   1	[      4]
121   	0     	     11	 NeutSmallBright	    230.6719	   2054.69	    0.0	    00000000     00000000	   1	[      8]
122   	0     	      6	  NegLargeBright	    232.8242	   2152.34	    0.0	    00000000     00000000	   1	[      3]
123   	0     	     10	 NeutLargeBright	    235.2383	   2414.06	    0.0	    00000000     00000000	   1	[      7]
124   	0     	     10	 NeutLargeBright	    237.4727	   2234.38	    0.0	    00000000     00000000	   1	[      7]
125   	0     	     10	 NeutLargeBright	    239.7969	   2324.22	    0.0	    00000000     00000000	   1	[      7]
126   	0     	     10	 NeutLargeBright	    242.0391	   2242.19	    0.0	    00000000     00000000	   1	[      7]
127   	0     	      4	    NegLargeDark	    244.2852	   2246.09	    0.0	    00000000     00000000	   1	[      1]
128   	0     	     12	     condition12	    246.7266	   2441.41	    0.0	    00000000     00000000	   1	[       ]
129   	0     	      2	      condition2	    247.3594	    632.81	    0.0	    00000000     00000000	   1	[       ]
130   	0     	      6	  NegLargeBright	    249.0312	   1671.88	    0.0	    00000000     00000000	   1	[      3]
131   	0     	      8	   NeutLargeDark	    251.3047	   2273.44	    0.0	    00000000     00000000	   1	[      5]
132   	0     	      7	  NegSmallBright	    253.3398	   2035.16	    0.0	    00000000     00000000	   1	[      4]
133   	0     	      8	   NeutLargeDark	    255.5625	   2222.66	    0.0	    00000000     00000000	   1	[      5]
134   	0     	      7	  NegSmallBright	    257.9570	   2394.53	    0.0	    00000000     00000000	   1	[      4]
135   	0     	      5	    NegSmallDark	    260.2227	   2265.62	    0.0	    00000000     00000000	   1	[      2]
136   	0     	      5	    NegSmallDark	    262.4844	   2261.72	    0.0	    00000000     00000000	   1	[      2]
137   	0     	      9	   NeutSmallDark	    264.5391	   2054.69	    0.0	    00000000     00000000	   1	[      6]
138   	0     	      8	   NeutLargeDark	    266.5938	   2054.69	    0.0	    00000000     00000000	   1	[      5]
139   	0     	     14	     condition14	    268.7773	   2183.59	    0.0	    00000000     00000000	   1	[       ]
140   	0     	      2	      condition2	    269.3789	    601.56	    0.0	    00000000     00000000	   1	[       ]
141   	0     	      8	   NeutLargeDark	    270.8516	   1472.66	    0.0	    00000000     00000000	   1	[      5]
142   	0     	      6	  NegLargeBright	    273.2031	   2351.56	    0.0	    00000000     00000000	   1	[      3]
143   	0     	     14	     condition14	    275.6680	   2464.84	    0.0	    00000000     00000000	   1	[       ]
144   	0     	      2	      condition2	    276.2227	    554.69	    0.0	    00000000     00000000	   1	[       ]
145   	0     	     10	 NeutLargeBright	    278.0039	   1781.25	    0.0	    00000000     00000000	   1	[      7]
146   	0     	      2	      condition2	    279.3164	   1312.50	    0.0	    00000000     00000000	   1	[       ]
147   	0     	     15	     condition15	    280.5195	   1203.12	    0.0	    00000000     00000000	   1	[       ]
148   	0     	      2	      condition2	    281.1211	    601.56	    0.0	    00000000     00000000	   1	[       ]
149   	0     	     10	 NeutLargeBright	    282.6016	   1480.47	    0.0	    00000000     00000000	   1	[      7]
150   	0     	     11	 NeutSmallBright	    284.9258	   2324.22	    0.0	    00000000     00000000	   1	[      8]
151   	0     	     10	 NeutLargeBright	    287.1406	   2214.84	    0.0	    00000000     00000000	   1	[      7]
152   	0     	      6	  NegLargeBright	    289.3242	   2183.59	    0.0	    00000000     00000000	   1	[      3]
153   	0     	      6	  NegLargeBright	    291.6680	   2343.75	    0.0	    00000000     00000000	   1	[      3]
154   	0     	      8	   NeutLargeDark	    294.0312	   2363.28	    0.0	    00000000     00000000	   1	[      5]
155   	0     	      9	   NeutSmallDark	    296.2461	   2214.84	    0.0	    00000000     00000000	   1	[      6]
156   	0     	     11	 NeutSmallBright	    298.3672	   2121.09	    0.0	    00000000     00000000	   1	[      8]
157   	0     	      6	  NegLargeBright	    300.4727	   2105.47	    0.0	    00000000     00000000	   1	[      3]
158   	0     	     11	 NeutSmallBright	    302.6250	   2152.34	    0.0	    00000000     00000000	   1	[      8]
159   	0     	      7	  NegSmallBright	    305.0117	   2386.72	    0.0	    00000000     00000000	   1	[      4]
160   	0     	      9	   NeutSmallDark	    307.3633	   2351.56	    0.0	    00000000     00000000	   1	[      6]
161   	0     	     10	 NeutLargeBright	    309.6484	   2285.16	    0.0	    00000000     00000000	   1	[      7]
162   	0     	     11	 NeutSmallBright	    312.1719	   2523.44	    0.0	    00000000     00000000	   1	[      8]
163   	0     	      5	    NegSmallDark	    314.2383	   2066.41	    0.0	    00000000     00000000	   1	[      2]
164   	0     	      9	   NeutSmallDark	    316.3125	   2074.22	    0.0	    00000000     00000000	   1	[      6]
165   	0     	      8	   NeutLargeDark	    319.0234	   2710.94	    0.0	    00000000     00000000	   1	[      5]
166   	0     	      6	  NegLargeBright	    321.4180	   2394.53	    0.0	    00000000     00000000	   1	[      3]
167   	0     	      5	    NegSmallDark	    323.7344	   2316.41	    0.0	    00000000     00000000	   1	[      2]
168   	0     	      7	  NegSmallBright	    325.8672	   2132.81	    0.0	    00000000     00000000	   1	[      4]
169   	0     	      6	  NegLargeBright	    328.2031	   2335.94	    0.0	    00000000     00000000	   1	[      3]
170   	0     	      5	    NegSmallDark	    330.5039	   2300.78	    0.0	    00000000     00000000	   1	[      2]
171   	0     	      9	   NeutSmallDark	    332.6094	   2105.47	    0.0	    00000000     00000000	   1	[      6]
172   	0     	      5	    NegSmallDark	    335.0234	   2414.06	    0.0	    00000000     00000000	   1	[      2]
173   	0     	     10	 NeutLargeBright	    337.4570	   2433.59	    0.0	    00000000     00000000	   1	[      7]
174   	0     	     11	 NeutSmallBright	    339.5117	   2054.69	    0.0	    00000000     00000000	   1	[      8]
175   	0     	      7	  NegSmallBright	    341.6367	   2125.00	    0.0	    00000000     00000000	   1	[      4]
176   	0     	     11	 NeutSmallBright	    343.7500	   2113.28	    0.0	    00000000     00000000	   1	[      8]
177   	0     	      6	  NegLargeBright	    345.9531	   2203.12	    0.0	    00000000     00000000	   1	[      3]
178   	0     	     10	 NeutLargeBright	    348.2383	   2285.16	    0.0	    00000000     00000000	   1	[      7]
179   	0     	      5	    NegSmallDark	    350.6992	   2460.94	    0.0	    00000000     00000000	   1	[      2]
180   	0     	      8	   NeutLargeDark	    352.9258	   2226.56	    0.0	    00000000     00000000	   1	[      5]
181   	0     	      8	   NeutLargeDark	    354.9766	   2050.78	    0.0	    00000000     00000000	   1	[      5]
182   	0     	     11	 NeutSmallBright	    357.0703	   2093.75	    0.0	    00000000     00000000	   1	[      8]
183   	0     	      6	  NegLargeBright	    359.1875	   2117.19	    0.0	    00000000     00000000	   1	[      3]
184   	0     	      9	   NeutSmallDark	    361.2500	   2062.50	    0.0	    00000000     00000000	   1	[      6]
185   	0     	      7	  NegSmallBright	    363.7539	   2503.91	    0.0	    00000000     00000000	   1	[      4]
186   	0     	      5	    NegSmallDark	    365.9570	   2203.12	    0.0	    00000000     00000000	   1	[      2]
187   	0     	      4	    NegLargeDark	    368.4102	   2453.12	    0.0	    00000000     00000000	   1	[      1]
188   	0     	      5	    NegSmallDark	    370.8359	   2425.78	    0.0	    00000000     00000000	   1	[      2]
189   	0     	      5	    NegSmallDark	    373.3516	   2515.62	    0.0	    00000000     00000000	   1	[      2]
190   	0     	     11	 NeutSmallBright	    375.3945	   2042.97	    0.0	    00000000     00000000	   1	[      8]
191   	0     	     12	     condition12	    377.5273	   2132.81	    0.0	    00000000     00000000	   1	[       ]
192   	0     	      2	      condition2	    378.1484	    621.09	    0.0	    00000000     00000000	   1	[       ]
193   	0     	     11	 NeutSmallBright	    379.8828	   1734.38	    0.0	    00000000     00000000	   1	[      8]
194   	0     	      4	    NegLargeDark	    382.1953	   2312.50	    0.0	    00000000     00000000	   1	[      1]
195   	0     	      4	    NegLargeDark	    384.5898	   2394.53	    0.0	    00000000     00000000	   1	[      1]
196   	0     	      6	  NegLargeBright	    386.8438	   2253.91	    0.0	    00000000     00000000	   1	[      3]
197   	0     	      4	    NegLargeDark	    389.3281	   2484.38	    0.0	    00000000     00000000	   1	[      1]
198   	0     	     11	 NeutSmallBright	    391.7617	   2433.59	    0.0	    00000000     00000000	   1	[      8]
199   	0     	      6	  NegLargeBright	    393.8359	   2074.22	    0.0	    00000000     00000000	   1	[      3]
200   	0     	     11	 NeutSmallBright	    395.9922	   2156.25	    0.0	    00000000     00000000	   1	[      8]
201   	0     	      5	    NegSmallDark	    398.2461	   2253.91	    0.0	    00000000     00000000	   1	[      2]
202   	0     	     14	     condition14	    400.7383	   2492.19	    0.0	    00000000     00000000	   1	[       ]
203   	0     	      2	      condition2	    401.2461	    507.81	    0.0	    00000000     00000000	   1	[       ]
204   	0     	      5	    NegSmallDark	    402.8828	   1636.72	    0.0	    00000000     00000000	   1	[      2]
205   	0     	      8	   NeutLargeDark	    405.2578	   2375.00	    0.0	    00000000     00000000	   1	[      5]
206   	0     	     10	 NeutLargeBright	    407.5000	   2242.19	    0.0	    00000000     00000000	   1	[      7]
207   	0     	     15	     condition15	    409.6953	   2195.31	    0.0	    00000000     00000000	   1	[       ]
208   	0     	      2	      condition2	    410.5352	    839.84	    0.0	    00000000     00000000	   1	[       ]
209   	0     	     15	     condition15	    412.0469	   1511.72	    0.0	    00000000     00000000	   1	[       ]
210   	0     	      2	      condition2	    412.8945	    847.66	    0.0	    00000000     00000000	   1	[       ]
211   	0     	      6	  NegLargeBright	    414.2617	   1367.19	    0.0	    00000000     00000000	   1	[      3]
212   	0     	      6	  NegLargeBright	    416.3867	   2125.00	    0.0	    00000000     00000000	   1	[      3]
213   	0     	     10	 NeutLargeBright	    418.6406	   2253.91	    0.0	    00000000     00000000	   1	[      7]
214   	0     	      5	    NegSmallDark	    420.9453	   2304.69	    0.0	    00000000     00000000	   1	[      2]
215   	0     	      5	    NegSmallDark	    423.0781	   2132.81	    0.0	    00000000     00000000	   1	[      2]
216   	0     	      4	    NegLargeDark	    425.4219	   2343.75	    0.0	    00000000     00000000	   1	[      1]
217   	0     	     11	 NeutSmallBright	    427.7148	   2292.97	    0.0	    00000000     00000000	   1	[      8]
218   	0     	     11	 NeutSmallBright	    429.8516	   2136.72	    0.0	    00000000     00000000	   1	[      8]
219   	0     	      9	   NeutSmallDark	    432.3555	   2503.91	    0.0	    00000000     00000000	   1	[      6]
220   	0     	      9	   NeutSmallDark	    434.7266	   2371.09	    0.0	    00000000     00000000	   1	[      6]
221   	0     	      5	    NegSmallDark	    437.0742	   2347.66	    0.0	    00000000     00000000	   1	[      2]
222   	0     	      6	  NegLargeBright	    439.5781	   2503.91	    0.0	    00000000     00000000	   1	[      3]
223   	0     	     15	     condition15	    442.0703	   2492.19	    0.0	    00000000     00000000	   1	[       ]
224   	0     	      2	      condition2	    442.7891	    718.75	    0.0	    00000000     00000000	   1	[       ]
225   	0     	     11	 NeutSmallBright	    444.3242	   1535.16	    0.0	    00000000     00000000	   1	[      8]
226   	0     	     10	 NeutLargeBright	    446.3906	   2066.41	    0.0	    00000000     00000000	   1	[      7]
227   	0     	      6	  NegLargeBright	    448.6328	   2242.19	    0.0	    00000000     00000000	   1	[      3]
228   	0     	      6	  NegLargeBright	    451.1172	   2484.38	    0.0	    00000000     00000000	   1	[      3]
229   	0     	     12	     condition12	    453.1523	   2035.16	    0.0	    00000000     00000000	   1	[       ]
230   	0     	      2	      condition2	    453.8750	    722.66	    0.0	    00000000     00000000	   1	[       ]
231   	0     	     11	 NeutSmallBright	    455.5039	   1628.91	    0.0	    00000000     00000000	   1	[      8]
232   	0     	      2	      condition2	    457.1641	   1660.16	    0.0	    00000000     00000000	   1	[       ]
233   	0     	      7	  NegSmallBright	    457.9609	    796.88	    0.0	    00000000     00000000	   1	[      4]
234   	0     	      7	  NegSmallBright	    460.1133	   2152.34	    0.0	    00000000     00000000	   1	[      4]
235   	0     	      5	    NegSmallDark	    462.5664	   2453.12	    0.0	    00000000     00000000	   1	[      2]
236   	0     	      7	  NegSmallBright	    464.9609	   2394.53	    0.0	    00000000     00000000	   1	[      4]
237   	0     	      7	  NegSmallBright	    467.1367	   2175.78	    0.0	    00000000     00000000	   1	[      4]
238   	0     	     15	     condition15	    469.4102	   2273.44	    0.0	    00000000     00000000	   1	[       ]
239   	0     	      2	      condition2	    470.1445	    734.38	    0.0	    00000000     00000000	   1	[       ]
240   	0     	     13	     condition13	    471.8828	   1738.28	    0.0	    00000000     00000000	   1	[       ]
241   	0     	      2	      condition2	    472.5156	    632.81	    0.0	    00000000     00000000	   1	[       ]
242   	0     	      8	   NeutLargeDark	    474.3164	   1800.78	    0.0	    00000000     00000000	   1	[      5]
243   	0     	      6	  NegLargeBright	    476.7305	   2414.06	    0.0	    00000000     00000000	   1	[      3]
244   	0     	    253	              ""	    478.5156	   1785.16	    0.0	    00000000     00000000	   1	[       ]
245   	0     	      4	    NegLargeDark	    479.5234	   1007.81	    0.0	    00000000     00000000	   1	[      1]
246   	0     	      5	    NegSmallDark	    481.6055	   2082.03	    0.0	    00000000     00000000	   1	[      2]
247   	0     	     10	 NeutLargeBright	    483.8594	   2253.91	    0.0	    00000000     00000000	   1	[      7]
248   	0     	      4	    NegLargeDark	    485.8945	   2035.16	    0.0	    00000000     00000000	   1	[      1]
249   	0     	      8	   NeutLargeDark	    487.9961	   2101.56	    0.0	    00000000     00000000	   1	[      5]
250   	0     	     13	     condition13	    490.2891	   2292.97	    0.0	    00000000     00000000	   1	[       ]
251   	0     	      2	      condition2	    490.8984	    609.38	    0.0	    00000000     00000000	   1	[       ]
252   	0     	      9	   NeutSmallDark	    492.6133	   1714.84	    0.0	    00000000     00000000	   1	[      6]
253   	0     	     11	 NeutSmallBright	    494.7070	   2093.75	    0.0	    00000000     00000000	   1	[      8]
254   	0     	     15	     condition15	    496.8711	   2164.06	    0.0	    00000000     00000000	   1	[       ]
255   	0     	      2	      condition2	    497.7031	    832.03	    0.0	    00000000     00000000	   1	[       ]
256   	0     	     11	 NeutSmallBright	    499.0742	   1371.09	    0.0	    00000000     00000000	   1	[      8]
257   	0     	      9	   NeutSmallDark	    501.2695	   2195.31	    0.0	    00000000     00000000	   1	[      6]
258   	0     	      8	   NeutLargeDark	    503.5938	   2324.22	    0.0	    00000000     00000000	   1	[      5]
259   	0     	      8	   NeutLargeDark	    505.9180	   2324.22	    0.0	    00000000     00000000	   1	[      5]
260   	0     	     13	     condition13	    508.0234	   2105.47	    0.0	    00000000     00000000	   1	[       ]
261   	0     	      2	      condition2	    508.6562	    632.81	    0.0	    00000000     00000000	   1	[       ]
262   	0     	      4	    NegLargeDark	    510.4453	   1789.06	    0.0	    00000000     00000000	   1	[      1]
263   	0     	      9	   NeutSmallDark	    512.9414	   2496.09	    0.0	    00000000     00000000	   1	[      6]
264   	0     	     12	     condition12	    515.1836	   2242.19	    0.0	    00000000     00000000	   1	[       ]
265   	0     	      2	      condition2	    515.8945	    710.94	    0.0	    00000000     00000000	   1	[       ]
266   	0     	      9	   NeutSmallDark	    517.2461	   1351.56	    0.0	    00000000     00000000	   1	[      6]
267   	0     	      7	  NegSmallBright	    519.5234	   2277.34	    0.0	    00000000     00000000	   1	[      4]
268   	0     	      5	    NegSmallDark	    521.8750	   2351.56	    0.0	    00000000     00000000	   1	[      2]
269   	0     	      9	   NeutSmallDark	    524.2383	   2363.28	    0.0	    00000000     00000000	   1	[      6]
270   	0     	      9	   NeutSmallDark	    526.6836	   2445.31	    0.0	    00000000     00000000	   1	[      6]
271   	0     	     14	     condition14	    528.9297	   2246.09	    0.0	    00000000     00000000	   1	[       ]
272   	0     	      2	      condition2	    529.5820	    652.34	    0.0	    00000000     00000000	   1	[       ]
273   	0     	      8	   NeutLargeDark	    531.3125	   1730.47	    0.0	    00000000     00000000	   1	[      5]
274   	0     	     10	 NeutLargeBright	    533.4453	   2132.81	    0.0	    00000000     00000000	   1	[      7]
275   	0     	      8	   NeutLargeDark	    535.7422	   2296.88	    0.0	    00000000     00000000	   1	[      5]
276   	0     	      4	    NegLargeDark	    538.1953	   2453.12	    0.0	    00000000     00000000	   1	[      1]
277   	0     	     14	     condition14	    540.4570	   2261.72	    0.0	    00000000     00000000	   1	[       ]
278   	0     	      2	      condition2	    541.2500	    792.97	    0.0	    00000000     00000000	   1	[       ]
279   	0     	     15	     condition15	    542.8945	   1644.53	    0.0	    00000000     00000000	   1	[       ]
280   	0     	      2	      condition2	    543.6055	    710.94	    0.0	    00000000     00000000	   1	[       ]
281   	0     	      7	  NegSmallBright	    544.9180	   1312.50	    0.0	    00000000     00000000	   1	[      4]
282   	0     	      5	    NegSmallDark	    547.2891	   2371.09	    0.0	    00000000     00000000	   1	[      2]
283   	0     	     10	 NeutLargeBright	    549.4141	   2125.00	    0.0	    00000000     00000000	   1	[      7]
284   	0     	      8	   NeutLargeDark	    551.8672	   2453.12	    0.0	    00000000     00000000	   1	[      5]
285   	0     	     11	 NeutSmallBright	    554.2734	   2406.25	    0.0	    00000000     00000000	   1	[      8]
286   	0     	      5	    NegSmallDark	    556.5156	   2242.19	    0.0	    00000000     00000000	   1	[      2]
287   	0     	     12	     condition12	    558.7695	   2253.91	    0.0	    00000000     00000000	   1	[       ]
288   	0     	      2	      condition2	    559.4062	    636.72	    0.0	    00000000     00000000	   1	[       ]
289   	0     	      7	  NegSmallBright	    561.2461	   1839.84	    0.0	    00000000     00000000	   1	[      4]
290   	0     	     13	     condition13	    563.3906	   2144.53	    0.0	    00000000     00000000	   1	[       ]
291   	0     	      2	      condition2	    563.9453	    554.69	    0.0	    00000000     00000000	   1	[       ]
292   	0     	     12	     condition12	    565.7734	   1828.12	    0.0	    00000000     00000000	   1	[       ]
293   	0     	      2	      condition2	    566.2969	    523.44	    0.0	    00000000     00000000	   1	[       ]
294   	0     	     15	     condition15	    567.9766	   1679.69	    0.0	    00000000     00000000	   1	[       ]
295   	0     	      2	      condition2	    568.8438	    867.19	    0.0	    00000000     00000000	   1	[       ]
296   	0     	     10	 NeutLargeBright	    570.3398	   1496.09	    0.0	    00000000     00000000	   1	[      7]
297   	0     	     13	     condition13	    572.4961	   2156.25	    0.0	    00000000     00000000	   1	[       ]
298   	0     	      2	      condition2	    573.0625	    566.41	    0.0	    00000000     00000000	   1	[       ]
299   	0     	      6	  NegLargeBright	    574.6289	   1566.41	    0.0	    00000000     00000000	   1	[      3]
300   	0     	      5	    NegSmallDark	    576.7305	   2101.56	    0.0	    00000000     00000000	   1	[      2]
301   	0     	      4	    NegLargeDark	    579.0078	   2277.34	    0.0	    00000000     00000000	   1	[      1]
302   	0     	      4	    NegLargeDark	    581.1211	   2113.28	    0.0	    00000000     00000000	   1	[      1]
303   	0     	      4	    NegLargeDark	    583.4453	   2324.22	    0.0	    00000000     00000000	   1	[      1]
304   	0     	      7	  NegSmallBright	    585.9570	   2511.72	    0.0	    00000000     00000000	   1	[      4]
305   	0     	      7	  NegSmallBright	    588.3711	   2414.06	    0.0	    00000000     00000000	   1	[      4]
306   	0     	     14	     condition14	    590.6172	   2246.09	    0.0	    00000000     00000000	   1	[       ]
307   	0     	      2	      condition2	    591.2227	    605.47	    0.0	    00000000     00000000	   1	[       ]
308   	0     	      6	  NegLargeBright	    592.7188	   1496.09	    0.0	    00000000     00000000	   1	[      3]
309   	0     	      4	    NegLargeDark	    595.1133	   2394.53	    0.0	    00000000     00000000	   1	[      1]
310   	0     	     10	 NeutLargeBright	    597.3984	   2285.16	    0.0	    00000000     00000000	   1	[      7]
311   	0     	      6	  NegLargeBright	    599.5625	   2164.06	    0.0	    00000000     00000000	   1	[      3]
312   	0     	      4	    NegLargeDark	    601.7773	   2214.84	    0.0	    00000000     00000000	   1	[      1]
313   	0     	      7	  NegSmallBright	    604.2305	   2453.12	    0.0	    00000000     00000000	   1	[      4]
314   	0     	     12	     condition12	    606.4961	   2265.62	    0.0	    00000000     00000000	   1	[       ]
315   	0     	      2	      condition2	    606.9688	    472.66	    0.0	    00000000     00000000	   1	[       ]
316   	0     	      6	  NegLargeBright	    608.9102	   1941.41	    0.0	    00000000     00000000	   1	[      3]
317   	0     	      5	    NegSmallDark	    611.2344	   2324.22	    0.0	    00000000     00000000	   1	[      2]
318   	0     	      7	  NegSmallBright	    613.5664	   2332.03	    0.0	    00000000     00000000	   1	[      4]
319   	0     	      6	  NegLargeBright	    615.7422	   2175.78	    0.0	    00000000     00000000	   1	[      3]
320   	0     	      9	   NeutSmallDark	    617.8555	   2113.28	    0.0	    00000000     00000000	   1	[      6]
321   	0     	     15	     condition15	    620.1875	   2332.03	    0.0	    00000000     00000000	   1	[       ]
322   	0     	      2	      condition2	    620.9414	    753.91	    0.0	    00000000     00000000	   1	[       ]
323   	0     	      5	    NegSmallDark	    622.2305	   1289.06	    0.0	    00000000     00000000	   1	[      2]
324   	0     	      9	   NeutSmallDark	    624.7383	   2507.81	    0.0	    00000000     00000000	   1	[      6]
325   	0     	      8	   NeutLargeDark	    626.8398	   2101.56	    0.0	    00000000     00000000	   1	[      5]
326   	0     	      8	   NeutLargeDark	    629.0547	   2214.84	    0.0	    00000000     00000000	   1	[      5]
327   	0     	      6	  NegLargeBright	    631.4492	   2394.53	    0.0	    00000000     00000000	   1	[      3]
328   	0     	      9	   NeutSmallDark	    633.8633	   2414.06	    0.0	    00000000     00000000	   1	[      6]
329   	0     	     10	 NeutLargeBright	    636.0273	   2164.06	    0.0	    00000000     00000000	   1	[      7]
330   	0     	    253	              ""	    638.4375	   2410.16	    0.0	    00000000     00000000	   1	[       ]
331   	0     	     13	     condition13	    639.4414	   1003.91	    0.0	    00000000     00000000	   1	[       ]
332   	0     	      2	      condition2	    640.0000	    558.59	    0.0	    00000000     00000000	   1	[       ]
333   	0     	      7	  NegSmallBright	    641.8438	   1843.75	    0.0	    00000000     00000000	   1	[      4]
334   	0     	      4	    NegLargeDark	    644.1172	   2273.44	    0.0	    00000000     00000000	   1	[      1]
335   	0     	     11	 NeutSmallBright	    646.6328	   2515.62	    0.0	    00000000     00000000	   1	[      8]
336   	0     	      5	    NegSmallDark	    648.8164	   2183.59	    0.0	    00000000     00000000	   1	[      2]
337   	0     	      6	  NegLargeBright	    651.1602	   2343.75	    0.0	    00000000     00000000	   1	[      3]
338   	0     	     14	     condition14	    653.4844	   2324.22	    0.0	    00000000     00000000	   1	[       ]
339   	0     	      2	      condition2	    654.0820	    597.66	    0.0	    00000000     00000000	   1	[       ]
340   	0     	      6	  NegLargeBright	    655.5898	   1507.81	    0.0	    00000000     00000000	   1	[      3]
341   	0     	      6	  NegLargeBright	    657.6836	   2093.75	    0.0	    00000000     00000000	   1	[      3]
342   	0     	     10	 NeutLargeBright	    660.1758	   2492.19	    0.0	    00000000     00000000	   1	[      7]
343   	0     	      7	  NegSmallBright	    662.5703	   2394.53	    0.0	    00000000     00000000	   1	[      4]
344   	0     	     10	 NeutLargeBright	    664.9531	   2382.81	    0.0	    00000000     00000000	   1	[      7]
345   	0     	      8	   NeutLargeDark	    667.1289	   2175.78	    0.0	    00000000     00000000	   1	[      5]
346   	0     	     10	 NeutLargeBright	    669.4609	   2332.03	    0.0	    00000000     00000000	   1	[      7]
347   	0     	      4	    NegLargeDark	    671.8789	   2417.97	    0.0	    00000000     00000000	   1	[      1]
348   	0     	     10	 NeutLargeBright	    674.2695	   2390.62	    0.0	    00000000     00000000	   1	[      7]
349   	0     	      7	  NegSmallBright	    676.3945	   2125.00	    0.0	    00000000     00000000	   1	[      4]
350   	0     	     11	 NeutSmallBright	    678.5781	   2183.59	    0.0	    00000000     00000000	   1	[      8]
351   	0     	     10	 NeutLargeBright	    680.9141	   2335.94	    0.0	    00000000     00000000	   1	[      7]
352   	0     	     10	 NeutLargeBright	    683.3672	   2453.12	    0.0	    00000000     00000000	   1	[      7]
353   	0     	      8	   NeutLargeDark	    685.5820	   2214.84	    0.0	    00000000     00000000	   1	[      5]
354   	0     	      5	    NegSmallDark	    687.6328	   2050.78	    0.0	    00000000     00000000	   1	[      2]
355   	0     	      8	   NeutLargeDark	    689.6797	   2046.88	    0.0	    00000000     00000000	   1	[      5]
356   	0     	      9	   NeutSmallDark	    691.9609	   2281.25	    0.0	    00000000     00000000	   1	[      6]
357   	0     	      4	    NegLargeDark	    694.3477	   2386.72	    0.0	    00000000     00000000	   1	[      1]
358   	0     	      8	   NeutLargeDark	    696.6992	   2351.56	    0.0	    00000000     00000000	   1	[      5]
359   	0     	      7	  NegSmallBright	    698.7344	   2035.16	    0.0	    00000000     00000000	   1	[      4]
360   	0     	      7	  NegSmallBright	    700.8477	   2113.28	    0.0	    00000000     00000000	   1	[      4]
361   	0     	      6	  NegLargeBright	    703.1719	   2324.22	    0.0	    00000000     00000000	   1	[      3]
362   	0     	      8	   NeutLargeDark	    705.3555	   2183.59	    0.0	    00000000     00000000	   1	[      5]
363   	0     	      5	    NegSmallDark	    707.4180	   2062.50	    0.0	    00000000     00000000	   1	[      2]
364   	0     	     12	     condition12	    709.7539	   2335.94	    0.0	    00000000     00000000	   1	[       ]
365   	0     	      2	      condition2	    710.5000	    746.09	    0.0	    00000000     00000000	   1	[       ]
366   	0     	      9	   NeutSmallDark	    712.0391	   1539.06	    0.0	    00000000     00000000	   1	[      6]
367   	0     	      5	    NegSmallDark	    714.2109	   2171.88	    0.0	    00000000     00000000	   1	[      2]
368   	0     	      4	    NegLargeDark	    716.4648	   2253.91	    0.0	    00000000     00000000	   1	[      1]
369   	0     	      7	  NegSmallBright	    718.6680	   2203.12	    0.0	    00000000     00000000	   1	[      4]
370   	0     	      9	   NeutSmallDark	    721.0547	   2386.72	    0.0	    00000000     00000000	   1	[      6]
371   	0     	      4	    NegLargeDark	    723.4180	   2363.28	    0.0	    00000000     00000000	   1	[      1]
372   	0     	      4	    NegLargeDark	    725.8398	   2421.88	    0.0	    00000000     00000000	   1	[      1]
373   	0     	     10	 NeutLargeBright	    728.0547	   2214.84	    0.0	    00000000     00000000	   1	[      7]
374   	0     	     12	     condition12	    730.3086	   2253.91	    0.0	    00000000     00000000	   1	[       ]
375   	0     	      2	      condition2	    730.9492	    640.62	    0.0	    00000000     00000000	   1	[       ]
376   	0     	      6	  NegLargeBright	    732.6445	   1695.31	    0.0	    00000000     00000000	   1	[      3]
377   	0     	     12	     condition12	    734.7773	   2132.81	    0.0	    00000000     00000000	   1	[       ]
378   	0     	      2	      condition2	    735.2539	    476.56	    0.0	    00000000     00000000	   1	[       ]
379   	0     	      6	  NegLargeBright	    736.9531	   1699.22	    0.0	    00000000     00000000	   1	[      3]
380   	0     	     11	 NeutSmallBright	    739.0039	   2050.78	    0.0	    00000000     00000000	   1	[      8]
381   	0     	      7	  NegSmallBright	    741.0977	   2093.75	    0.0	    00000000     00000000	   1	[      4]
382   	0     	     10	 NeutLargeBright	    743.3438	   2246.09	    0.0	    00000000     00000000	   1	[      7]
383   	0     	      7	  NegSmallBright	    745.5273	   2183.59	    0.0	    00000000     00000000	   1	[      4]
384   	0     	      7	  NegSmallBright	    748.0117	   2484.38	    0.0	    00000000     00000000	   1	[      4]
385   	0     	      7	  NegSmallBright	    750.1133	   2101.56	    0.0	    00000000     00000000	   1	[      4]
386   	0     	      9	   NeutSmallDark	    752.1562	   2042.97	    0.0	    00000000     00000000	   1	[      6]
387   	0     	      5	    NegSmallDark	    754.2422	   2085.94	    0.0	    00000000     00000000	   1	[      2]
388   	0     	      7	  NegSmallBright	    756.6445	   2402.34	    0.0	    00000000     00000000	   1	[      4]
389   	0     	      7	  NegSmallBright	    759.0312	   2386.72	    0.0	    00000000     00000000	   1	[      4]
390   	0     	     10	 NeutLargeBright	    761.5430	   2511.72	    0.0	    00000000     00000000	   1	[      7]
391   	0     	      5	    NegSmallDark	    763.7188	   2175.78	    0.0	    00000000     00000000	   1	[      2]
392   	0     	     11	 NeutSmallBright	    765.8516	   2132.81	    0.0	    00000000     00000000	   1	[      8]
393   	0     	      6	  NegLargeBright	    768.2852	   2433.59	    0.0	    00000000     00000000	   1	[      3]
394   	0     	      8	   NeutLargeDark	    770.6289	   2343.75	    0.0	    00000000     00000000	   1	[      5]
395   	0     	      6	  NegLargeBright	    772.8828	   2253.91	    0.0	    00000000     00000000	   1	[      3]
396   	0     	      4	    NegLargeDark	    775.2969	   2414.06	    0.0	    00000000     00000000	   1	[      1]
397   	0     	      7	  NegSmallBright	    777.4414	   2144.53	    0.0	    00000000     00000000	   1	[      4]
398   	0     	      9	   NeutSmallDark	    779.5273	   2085.94	    0.0	    00000000     00000000	   1	[      6]
399   	0     	      9	   NeutSmallDark	    782.0195	   2492.19	    0.0	    00000000     00000000	   1	[      6]
400   	0     	      8	   NeutLargeDark	    784.3438	   2324.22	    0.0	    00000000     00000000	   1	[      5]
401   	0     	      6	  NegLargeBright	    786.5898	   2246.09	    0.0	    00000000     00000000	   1	[      3]
402   	0     	      6	  NegLargeBright	    789.0547	   2464.84	    0.0	    00000000     00000000	   1	[      3]
403   	0     	      9	   NeutSmallDark	    791.1562	   2101.56	    0.0	    00000000     00000000	   1	[      6]
404   	0     	     11	 NeutSmallBright	    793.5000	   2343.75	    0.0	    00000000     00000000	   1	[      8]
405   	0     	      4	    NegLargeDark	    795.7852	   2285.16	    0.0	    00000000     00000000	   1	[      1]
406   	0     	     11	 NeutSmallBright	    798.0117	   2226.56	    0.0	    00000000     00000000	   1	[      8]
407   	0     	     10	 NeutLargeBright	    800.0781	   2066.41	    0.0	    00000000     00000000	   1	[      7]
408   	0     	      6	  NegLargeBright	    802.4922	   2414.06	    0.0	    00000000     00000000	   1	[      3]
409   	0     	      8	   NeutLargeDark	    804.8750	   2382.81	    0.0	    00000000     00000000	   1	[      5]
410   	0     	      5	    NegSmallDark	    807.1875	   2312.50	    0.0	    00000000     00000000	   1	[      2]
411   	0     	     11	 NeutSmallBright	    809.3125	   2125.00	    0.0	    00000000     00000000	   1	[      8]
412   	0     	      8	   NeutLargeDark	    811.4180	   2105.47	    0.0	    00000000     00000000	   1	[      5]
413   	0     	     10	 NeutLargeBright	    813.4922	   2074.22	    0.0	    00000000     00000000	   1	[      7]
414   	0     	      5	    NegSmallDark	    815.9336	   2441.41	    0.0	    00000000     00000000	   1	[      2]
415   	0     	     10	 NeutLargeBright	    818.1484	   2214.84	    0.0	    00000000     00000000	   1	[      7]
416   	0     	     15	     condition15	    820.3203	   2171.88	    0.0	    00000000     00000000	   1	[       ]
417   	0     	      2	      condition2	    821.3945	   1074.22	    0.0	    00000000     00000000	   1	[       ]
418   	0     	     13	     condition13	    822.3672	    972.66	    0.0	    00000000     00000000	   1	[       ]
419   	0     	      2	      condition2	    822.8750	    507.81	    0.0	    00000000     00000000	   1	[       ]
420   	0     	      8	   NeutLargeDark	    824.8398	   1964.84	    0.0	    00000000     00000000	   1	[      5]
421   	0     	     11	 NeutSmallBright	    827.1328	   2292.97	    0.0	    00000000     00000000	   1	[      8]
422   	0     	      9	   NeutSmallDark	    829.5195	   2386.72	    0.0	    00000000     00000000	   1	[      6]
423   	0     	      8	   NeutLargeDark	    831.9336	   2414.06	    0.0	    00000000     00000000	   1	[      5]
424   	0     	      8	   NeutLargeDark	    834.2578	   2324.22	    0.0	    00000000     00000000	   1	[      5]
425   	0     	      8	   NeutLargeDark	    836.7617	   2503.91	    0.0	    00000000     00000000	   1	[      5]
426   	0     	     11	 NeutSmallBright	    838.9141	   2152.34	    0.0	    00000000     00000000	   1	[      8]
427   	0     	     10	 NeutLargeBright	    841.4492	   2535.16	    0.0	    00000000     00000000	   1	[      7]
428   	0     	     10	 NeutLargeBright	    843.7148	   2265.62	    0.0	    00000000     00000000	   1	[      7]
429   	0     	     11	 NeutSmallBright	    846.1758	   2460.94	    0.0	    00000000     00000000	   1	[      8]
430   	0     	      7	  NegSmallBright	    848.5000	   2324.22	    0.0	    00000000     00000000	   1	[      4]
431   	0     	      4	    NegLargeDark	    850.9570	   2457.03	    0.0	    00000000     00000000	   1	[      1]
432   	0     	      7	  NegSmallBright	    853.0000	   2042.97	    0.0	    00000000     00000000	   1	[      4]
433   	0     	     10	 NeutLargeBright	    855.2539	   2253.91	    0.0	    00000000     00000000	   1	[      7]
434   	0     	     14	     condition14	    857.4688	   2214.84	    0.0	    00000000     00000000	   1	[       ]
435   	0     	      2	      condition2	    858.1953	    726.56	    0.0	    00000000     00000000	   1	[       ]
436   	0     	      9	   NeutSmallDark	    859.6719	   1476.56	    0.0	    00000000     00000000	   1	[      6]
437   	0     	      7	  NegSmallBright	    861.7969	   2125.00	    0.0	    00000000     00000000	   1	[      4]
438   	0     	      4	    NegLargeDark	    863.9492	   2152.34	    0.0	    00000000     00000000	   1	[      1]
439   	0     	      7	  NegSmallBright	    866.1641	   2214.84	    0.0	    00000000     00000000	   1	[      4]
440   	0     	     10	 NeutLargeBright	    868.6562	   2492.19	    0.0	    00000000     00000000	   1	[      7]
441   	0     	     15	     condition15	    870.7695	   2113.28	    0.0	    00000000     00000000	   1	[       ]
442   	0     	      2	      condition2	    871.7305	    960.94	    0.0	    00000000     00000000	   1	[       ]
443   	0     	     11	 NeutSmallBright	    872.8047	   1074.22	    0.0	    00000000     00000000	   1	[      8]
444   	0     	      8	   NeutLargeDark	    874.8867	   2082.03	    0.0	    00000000     00000000	   1	[      5]
445   	0     	     11	 NeutSmallBright	    877.3906	   2503.91	    0.0	    00000000     00000000	   1	[      8]
446   	0     	      7	  NegSmallBright	    879.4258	   2035.16	    0.0	    00000000     00000000	   1	[      4]
447   	0     	      7	  NegSmallBright	    881.4492	   2023.44	    0.0	    00000000     00000000	   1	[      4]
448   	0     	      4	    NegLargeDark	    883.7031	   2253.91	    0.0	    00000000     00000000	   1	[      1]
449   	0     	      6	  NegLargeBright	    885.9883	   2285.16	    0.0	    00000000     00000000	   1	[      3]
450   	0     	      9	   NeutSmallDark	    888.4922	   2503.91	    0.0	    00000000     00000000	   1	[      6]
451   	0     	      6	  NegLargeBright	    890.6953	   2203.12	    0.0	    00000000     00000000	   1	[      3]
452   	0     	      7	  NegSmallBright	    892.9688	   2273.44	    0.0	    00000000     00000000	   1	[      4]
453   	0     	     11	 NeutSmallBright	    895.0625	   2093.75	    0.0	    00000000     00000000	   1	[      8]
454   	0     	      5	    NegSmallDark	    897.2656	   2203.12	    0.0	    00000000     00000000	   1	[      2]
455   	0     	     13	     condition13	    899.5625	   2296.88	    0.0	    00000000     00000000	   1	[       ]
456   	0     	      2	      condition2	    900.2539	    691.41	    0.0	    00000000     00000000	   1	[       ]
457   	0     	     10	 NeutLargeBright	    901.7969	   1542.97	    0.0	    00000000     00000000	   1	[      7]
458   	0     	     11	 NeutSmallBright	    903.8672	   2070.31	    0.0	    00000000     00000000	   1	[      8]
459   	0     	     14	     condition14	    906.0117	   2144.53	    0.0	    00000000     00000000	   1	[       ]
460   	0     	      2	      condition2	    906.6172	    605.47	    0.0	    00000000     00000000	   1	[       ]
461   	0     	      6	  NegLargeBright	    908.1953	   1578.12	    0.0	    00000000     00000000	   1	[      3]
462   	0     	      9	   NeutSmallDark	    910.5508	   2355.47	    0.0	    00000000     00000000	   1	[      6]
463   	0     	     15	     condition15	    912.6641	   2113.28	    0.0	    00000000     00000000	   1	[       ]
464   	0     	      2	      condition2	    913.2969	    632.81	    0.0	    00000000     00000000	   1	[       ]
465   	0     	      8	   NeutLargeDark	    914.7695	   1472.66	    0.0	    00000000     00000000	   1	[      5]
466   	0     	      6	  NegLargeBright	    916.8125	   2042.97	    0.0	    00000000     00000000	   1	[      3]
467   	0     	      6	  NegLargeBright	    919.1250	   2312.50	    0.0	    00000000     00000000	   1	[      3]
468   	0     	     10	 NeutLargeBright	    921.3711	   2246.09	    0.0	    00000000     00000000	   1	[      7]
469   	0     	      8	   NeutLargeDark	    923.9023	   2531.25	    0.0	    00000000     00000000	   1	[      5]
470   	0     	      6	  NegLargeBright	    926.1875	   2285.16	    0.0	    00000000     00000000	   1	[      3]
471   	0     	     11	 NeutSmallBright	    928.6016	   2414.06	    0.0	    00000000     00000000	   1	[      8]
472   	0     	      8	   NeutLargeDark	    931.1172	   2515.62	    0.0	    00000000     00000000	   1	[      5]
473   	0     	     11	 NeutSmallBright	    933.1992	   2082.03	    0.0	    00000000     00000000	   1	[      8]
474   	0     	      5	    NegSmallDark	    935.4531	   2253.91	    0.0	    00000000     00000000	   1	[      2]
475   	0     	      4	    NegLargeDark	    937.4883	   2035.16	    0.0	    00000000     00000000	   1	[      1]
476   	0     	     15	     condition15	    939.9922	   2503.91	    0.0	    00000000     00000000	   1	[       ]
477   	0     	      2	      condition2	    940.8320	    839.84	    0.0	    00000000     00000000	   1	[       ]
478   	0     	      7	  NegSmallBright	    942.0352	   1203.12	    0.0	    00000000     00000000	   1	[      4]
479   	0     	      6	  NegLargeBright	    944.5508	   2515.62	    0.0	    00000000     00000000	   1	[      3]
480   	0     	      6	  NegLargeBright	    946.6445	   2093.75	    0.0	    00000000     00000000	   1	[      3]
481   	0     	     11	 NeutSmallBright	    948.8398	   2195.31	    0.0	    00000000     00000000	   1	[      8]
482   	0     	      2	      condition2	    949.7070	    867.19	    0.0	    00000000     00000000	   1	[       ]
483   	0     	     11	 NeutSmallBright	    951.0000	   1292.97	    0.0	    00000000     00000000	   1	[      8]
484   	0     	      9	   NeutSmallDark	    953.1250	   2125.00	    0.0	    00000000     00000000	   1	[      6]
485   	0     	    253	              ""	    955.9844	   2859.38	    0.0	    00000000     00000000	   1	[       ]
486   	0     	     11	 NeutSmallBright	    956.9844	   1000.00	    0.0	    00000000     00000000	   1	[      8]
487   	0     	      9	   NeutSmallDark	    959.3398	   2355.47	    0.0	    00000000     00000000	   1	[      6]
488   	0     	      5	    NegSmallDark	    961.4141	   2074.22	    0.0	    00000000     00000000	   1	[      2]
489   	0     	     11	 NeutSmallBright	    963.5469	   2132.81	    0.0	    00000000     00000000	   1	[      8]
490   	0     	      8	   NeutLargeDark	    965.7227	   2175.78	    0.0	    00000000     00000000	   1	[      5]
491   	0     	      8	   NeutLargeDark	    967.8750	   2152.34	    0.0	    00000000     00000000	   1	[      5]
492   	0     	      9	   NeutSmallDark	    970.3906	   2515.62	    0.0	    00000000     00000000	   1	[      6]
493   	0     	      7	  NegSmallBright	    972.4531	   2062.50	    0.0	    00000000     00000000	   1	[      4]
494   	0     	     10	 NeutLargeBright	    974.5781	   2125.00	    0.0	    00000000     00000000	   1	[      7]
495   	0     	      9	   NeutSmallDark	    976.6797	   2101.56	    0.0	    00000000     00000000	   1	[      6]
496   	0     	     12	     condition12	    979.0859	   2406.25	    0.0	    00000000     00000000	   1	[       ]
497   	0     	      2	      condition2	    979.8398	    753.91	    0.0	    00000000     00000000	   1	[       ]
498   	0     	     13	     condition13	    981.4609	   1621.09	    0.0	    00000000     00000000	   1	[       ]
499   	0     	      2	      condition2	    982.0234	    562.50	    0.0	    00000000     00000000	   1	[       ]
500   	0     	     14	     condition14	    983.5039	   1480.47	    0.0	    00000000     00000000	   1	[       ]
501   	0     	      2	      condition2	    983.9531	    449.22	    0.0	    00000000     00000000	   1	[       ]
502   	0     	      9	   NeutSmallDark	    985.8672	   1914.06	    0.0	    00000000     00000000	   1	[      6]
503   	0     	      5	    NegSmallDark	    988.3711	   2503.91	    0.0	    00000000     00000000	   1	[      2]
504   	0     	      9	   NeutSmallDark	    990.4062	   2035.16	    0.0	    00000000     00000000	   1	[      6]
505   	0     	     13	     condition13	    992.6680	   2261.72	    0.0	    00000000     00000000	   1	[       ]
506   	0     	      2	      condition2	    993.2305	    562.50	    0.0	    00000000     00000000	   1	[       ]
507   	0     	      5	    NegSmallDark	    995.0234	   1792.97	    0.0	    00000000     00000000	   1	[      2]
508   	0     	      8	   NeutLargeDark	    997.3086	   2285.16	    0.0	    00000000     00000000	   1	[      5]
509   	0     	      4	    NegLargeDark	    999.5625	   2253.91	    0.0	    00000000     00000000	   1	[      1]
510   	0     	     13	     condition13	   1001.9961	   2433.59	    0.0	    00000000     00000000	   1	[       ]
511   	0     	      2	      condition2	   1002.6914	    695.31	    0.0	    00000000     00000000	   1	[       ]
512   	0     	     11	 NeutSmallBright	   1004.2891	   1597.66	    0.0	    00000000     00000000	   1	[      8]
513   	0     	      9	   NeutSmallDark	   1006.4414	   2152.34	    0.0	    00000000     00000000	   1	[      6]
514   	0     	      8	   NeutLargeDark	   1008.9492	   2507.81	    0.0	    00000000     00000000	   1	[      5]
515   	0     	     10	 NeutLargeBright	   1011.4102	   2460.94	    0.0	    00000000     00000000	   1	[      7]
516   	0     	      4	    NegLargeDark	   1013.8945	   2484.38	    0.0	    00000000     00000000	   1	[      1]
517   	0     	      4	    NegLargeDark	   1016.1719	   2277.34	    0.0	    00000000     00000000	   1	[      1]
518   	0     	     15	     condition15	   1018.4844	   2312.50	    0.0	    00000000     00000000	   1	[       ]
519   	0     	      2	      condition2	   1019.1953	    710.94	    0.0	    00000000     00000000	   1	[       ]
520   	0     	      4	    NegLargeDark	   1020.8789	   1683.59	    0.0	    00000000     00000000	   1	[      1]
521   	0     	      8	   NeutLargeDark	   1023.2617	   2382.81	    0.0	    00000000     00000000	   1	[      5]
522   	0     	      4	    NegLargeDark	   1025.3555	   2093.75	    0.0	    00000000     00000000	   1	[      1]
523   	0     	      7	  NegSmallBright	   1027.7109	   2355.47	    0.0	    00000000     00000000	   1	[      4]
524   	0     	     11	 NeutSmallBright	   1030.2031	   2492.19	    0.0	    00000000     00000000	   1	[      8]
525   	0     	      5	    NegSmallDark	   1032.6602	   2457.03	    0.0	    00000000     00000000	   1	[      2]
526   	0     	      4	    NegLargeDark	   1034.7227	   2062.50	    0.0	    00000000     00000000	   1	[      1]
527   	0     	     13	     condition13	   1037.0078	   2285.16	    0.0	    00000000     00000000	   1	[       ]
528   	0     	      2	      condition2	   1037.5078	    500.00	    0.0	    00000000     00000000	   1	[       ]
529   	0     	     11	 NeutSmallBright	   1039.3828	   1875.00	    0.0	    00000000     00000000	   1	[      8]
530   	0     	     15	     condition15	   1041.6836	   2300.78	    0.0	    00000000     00000000	   1	[       ]
531   	0     	      2	      condition2	   1042.7305	   1046.88	    0.0	    00000000     00000000	   1	[       ]
532   	0     	     10	 NeutLargeBright	   1043.7773	   1046.88	    0.0	    00000000     00000000	   1	[      7]
533   	0     	      5	    NegSmallDark	   1045.9023	   2125.00	    0.0	    00000000     00000000	   1	[      2]
534   	0     	     13	     condition13	   1048.2461	   2343.75	    0.0	    00000000     00000000	   1	[       ]
535   	0     	      2	      condition2	   1048.6875	    441.41	    0.0	    00000000     00000000	   1	[       ]
536   	0     	      9	   NeutSmallDark	   1050.7617	   2074.22	    0.0	    00000000     00000000	   1	[      6]
537   	0     	     10	 NeutLargeBright	   1052.8164	   2054.69	    0.0	    00000000     00000000	   1	[      7]
538   	0     	      9	   NeutSmallDark	   1055.0703	   2253.91	    0.0	    00000000     00000000	   1	[      6]
539   	0     	      4	    NegLargeDark	   1057.1836	   2113.28	    0.0	    00000000     00000000	   1	[      1]
540   	0     	     15	     condition15	   1059.4648	   2281.25	    0.0	    00000000     00000000	   1	[       ]
541   	0     	      2	      condition2	   1060.3047	    839.84	    0.0	    00000000     00000000	   1	[       ]
542   	0     	      6	  NegLargeBright	   1061.6211	   1316.41	    0.0	    00000000     00000000	   1	[      3]
543   	0     	      4	    NegLargeDark	   1064.1445	   2523.44	    0.0	    00000000     00000000	   1	[      1]
544   	0     	      6	  NegLargeBright	   1066.4297	   2285.16	    0.0	    00000000     00000000	   1	[      3]
545   	0     	      8	   NeutLargeDark	   1068.4805	   2050.78	    0.0	    00000000     00000000	   1	[      5]
546   	0     	      6	  NegLargeBright	   1070.5547	   2074.22	    0.0	    00000000     00000000	   1	[      3]
547   	0     	      9	   NeutSmallDark	   1072.9414	   2386.72	    0.0	    00000000     00000000	   1	[      6]
548   	0     	     10	 NeutLargeBright	   1075.3633	   2421.88	    0.0	    00000000     00000000	   1	[      7]
549   	0     	      4	    NegLargeDark	   1077.8281	   2464.84	    0.0	    00000000     00000000	   1	[      1]
550   	0     	      4	    NegLargeDark	   1079.9414	   2113.28	    0.0	    00000000     00000000	   1	[      1]
551   	0     	      7	  NegSmallBright	   1082.3555	   2414.06	    0.0	    00000000     00000000	   1	[      4]
552   	0     	     10	 NeutLargeBright	   1084.6719	   2316.41	    0.0	    00000000     00000000	   1	[      7]
553   	0     	      7	  NegSmallBright	   1086.9062	   2234.38	    0.0	    00000000     00000000	   1	[      4]
554   	0     	     11	 NeutSmallBright	   1089.3086	   2402.34	    0.0	    00000000     00000000	   1	[      8]
555   	0     	      5	    NegSmallDark	   1091.4336	   2125.00	    0.0	    00000000     00000000	   1	[      2]
556   	0     	      5	    NegSmallDark	   1093.4570	   2023.44	    0.0	    00000000     00000000	   1	[      2]
557   	0     	      7	  NegSmallBright	   1095.7891	   2332.03	    0.0	    00000000     00000000	   1	[      4]
558   	0     	      5	    NegSmallDark	   1098.2344	   2445.31	    0.0	    00000000     00000000	   1	[      2]
559   	0     	     10	 NeutLargeBright	   1100.5703	   2335.94	    0.0	    00000000     00000000	   1	[      7]
560   	0     	      9	   NeutSmallDark	   1102.7539	   2183.59	    0.0	    00000000     00000000	   1	[      6]
561   	0     	     12	     condition12	   1105.2656	   2511.72	    0.0	    00000000     00000000	   1	[       ]
562   	0     	      2	      condition2	   1105.7383	    472.66	    0.0	    00000000     00000000	   1	[       ]
563   	0     	      8	   NeutLargeDark	   1107.7227	   1984.38	    0.0	    00000000     00000000	   1	[      5]
564   	0     	      5	    NegSmallDark	   1110.0664	   2343.75	    0.0	    00000000     00000000	   1	[      2]
565   	0     	     12	     condition12	   1112.4102	   2343.75	    0.0	    00000000     00000000	   1	[       ]
566   	0     	      2	      condition2	   1112.9219	    511.72	    0.0	    00000000     00000000	   1	[       ]
567   	0     	     14	     condition14	   1114.7930	   1871.09	    0.0	    00000000     00000000	   1	[       ]
568   	0     	      2	      condition2	   1115.2852	    492.19	    0.0	    00000000     00000000	   1	[       ]
569   	0     	    253	              ""	   1117.2969	   2011.72	    0.0	    00000000     00000000	   1	[       ]
570   	0     	      4	    NegLargeDark	   1118.3125	   1015.62	    0.0	    00000000     00000000	   1	[      1]
571   	0     	      8	   NeutLargeDark	   1120.7773	   2464.84	    0.0	    00000000     00000000	   1	[      5]
572   	0     	      6	  NegLargeBright	   1123.0508	   2273.44	    0.0	    00000000     00000000	   1	[      3]
573   	0     	      6	  NegLargeBright	   1125.1641	   2113.28	    0.0	    00000000     00000000	   1	[      3]
574   	0     	      8	   NeutLargeDark	   1127.6094	   2445.31	    0.0	    00000000     00000000	   1	[      5]
575   	0     	      4	    NegLargeDark	   1130.0938	   2484.38	    0.0	    00000000     00000000	   1	[      1]
576   	0     	     14	     condition14	   1132.3047	   2210.94	    0.0	    00000000     00000000	   1	[       ]
577   	0     	      2	      condition2	   1133.0039	    699.22	    0.0	    00000000     00000000	   1	[       ]
578   	0     	     14	     condition14	   1134.6719	   1667.97	    0.0	    00000000     00000000	   1	[       ]
579   	0     	      2	      condition2	   1135.2148	    542.97	    0.0	    00000000     00000000	   1	[       ]
580   	0     	      7	  NegSmallBright	   1136.8359	   1621.09	    0.0	    00000000     00000000	   1	[      4]
581   	0     	      9	   NeutSmallDark	   1139.2969	   2460.94	    0.0	    00000000     00000000	   1	[      6]
582   	0     	      8	   NeutLargeDark	   1141.4531	   2156.25	    0.0	    00000000     00000000	   1	[      5]
583   	0     	      8	   NeutLargeDark	   1143.9453	   2492.19	    0.0	    00000000     00000000	   1	[      5]
584   	0     	      5	    NegSmallDark	   1146.0117	   2066.41	    0.0	    00000000     00000000	   1	[      2]
585   	0     	     14	     condition14	   1148.1328	   2121.09	    0.0	    00000000     00000000	   1	[       ]
586   	0     	      2	      condition2	   1148.6602	    527.34	    0.0	    00000000     00000000	   1	[       ]
587   	0     	      9	   NeutSmallDark	   1150.3594	   1699.22	    0.0	    00000000     00000000	   1	[      6]
588   	0     	     11	 NeutSmallBright	   1152.6133	   2253.91	    0.0	    00000000     00000000	   1	[      8]
589   	0     	      4	    NegLargeDark	   1154.9180	   2304.69	    0.0	    00000000     00000000	   1	[      1]
590   	0     	      2	      condition2	   1156.4688	   1550.78	    0.0	    00000000     00000000	   1	[       ]
591   	0     	     13	     condition13	   1157.1484	    679.69	    0.0	    00000000     00000000	   1	[       ]
592   	0     	      2	      condition2	   1157.8633	    714.84	    0.0	    00000000     00000000	   1	[       ]
593   	0     	      4	    NegLargeDark	   1159.6758	   1812.50	    0.0	    00000000     00000000	   1	[      1]
594   	0     	      5	    NegSmallDark	   1162.1602	   2484.38	    0.0	    00000000     00000000	   1	[      2]
595   	0     	     10	 NeutLargeBright	   1164.5117	   2351.56	    0.0	    00000000     00000000	   1	[      7]
596   	0     	      5	    NegSmallDark	   1166.5547	   2042.97	    0.0	    00000000     00000000	   1	[      2]
597   	0     	      4	    NegLargeDark	   1169.0117	   2457.03	    0.0	    00000000     00000000	   1	[      1]
598   	0     	      4	    NegLargeDark	   1171.1133	   2101.56	    0.0	    00000000     00000000	   1	[      1]
599   	0     	     15	     condition15	   1173.4805	   2367.19	    0.0	    00000000     00000000	   1	[       ]
600   	0     	      2	      condition2	   1174.3555	    875.00	    0.0	    00000000     00000000	   1	[       ]
601   	0     	      9	   NeutSmallDark	   1175.6523	   1296.88	    0.0	    00000000     00000000	   1	[      6]
602   	0     	      7	  NegSmallBright	   1177.8281	   2175.78	    0.0	    00000000     00000000	   1	[      4]
603   	0     	     12	     condition12	   1179.9102	   2082.03	    0.0	    00000000     00000000	   1	[       ]
604   	0     	      2	      condition2	   1180.4648	    554.69	    0.0	    00000000     00000000	   1	[       ]
605   	0     	      4	    NegLargeDark	   1182.0820	   1617.19	    0.0	    00000000     00000000	   1	[      1]
606   	0     	     13	     condition13	   1184.5781	   2496.09	    0.0	    00000000     00000000	   1	[       ]
607   	0     	      2	      condition2	   1185.0664	    488.28	    0.0	    00000000     00000000	   1	[       ]
608   	0     	      4	    NegLargeDark	   1187.0938	   2027.34	    0.0	    00000000     00000000	   1	[      1]
609   	0     	      6	  NegLargeBright	   1189.1367	   2042.97	    0.0	    00000000     00000000	   1	[      3]
610   	0     	      7	  NegSmallBright	   1191.4414	   2304.69	    0.0	    00000000     00000000	   1	[      4]
611   	0     	      9	   NeutSmallDark	   1193.8750	   2433.59	    0.0	    00000000     00000000	   1	[      6]
612   	0     	     10	 NeutLargeBright	   1196.1680	   2292.97	    0.0	    00000000     00000000	   1	[      7]
613   	0     	      5	    NegSmallDark	   1198.3008	   2132.81	    0.0	    00000000     00000000	   1	[      2]
614   	0     	      4	    NegLargeDark	   1200.5078	   2207.03	    0.0	    00000000     00000000	   1	[      1]
615   	0     	     15	     condition15	   1202.5781	   2070.31	    0.0	    00000000     00000000	   1	[       ]
616   	0     	      2	      condition2	   1203.3477	    769.53	    0.0	    00000000     00000000	   1	[       ]
617   	0     	      7	  NegSmallBright	   1205.0547	   1707.03	    0.0	    00000000     00000000	   1	[      4]
618   	0     	     14	     condition14	   1207.1562	   2101.56	    0.0	    00000000     00000000	   1	[       ]
619   	0     	      2	      condition2	   1207.7812	    625.00	    0.0	    00000000     00000000	   1	[       ]
620   	0     	      4	    NegLargeDark	   1209.4414	   1660.16	    0.0	    00000000     00000000	   1	[      1]
621   	0     	     11	 NeutSmallBright	   1211.8477	   2406.25	    0.0	    00000000     00000000	   1	[      8]
622   	0     	      5	    NegSmallDark	   1214.1211	   2273.44	    0.0	    00000000     00000000	   1	[      2]
623   	0     	      7	  NegSmallBright	   1216.3242	   2203.12	    0.0	    00000000     00000000	   1	[      4]
624   	0     	      5	    NegSmallDark	   1218.5586	   2234.38	    0.0	    00000000     00000000	   1	[      2]
625   	0     	      4	    NegLargeDark	   1220.9414	   2382.81	    0.0	    00000000     00000000	   1	[      1]
626   	0     	      6	  NegLargeBright	   1223.4570	   2515.62	    0.0	    00000000     00000000	   1	[      3]
627   	0     	      7	  NegSmallBright	   1225.7422	   2285.16	    0.0	    00000000     00000000	   1	[      4]
628   	0     	      6	  NegLargeBright	   1228.1562	   2414.06	    0.0	    00000000     00000000	   1	[      3]
629   	0     	      8	   NeutLargeDark	   1230.2188	   2062.50	    0.0	    00000000     00000000	   1	[      5]
630   	0     	      5	    NegSmallDark	   1232.5625	   2343.75	    0.0	    00000000     00000000	   1	[      2]
631   	0     	     11	 NeutSmallBright	   1234.8047	   2242.19	    0.0	    00000000     00000000	   1	[      8]
632   	0     	      9	   NeutSmallDark	   1237.2109	   2406.25	    0.0	    00000000     00000000	   1	[      6]
633   	0     	     10	 NeutLargeBright	   1239.3359	   2125.00	    0.0	    00000000     00000000	   1	[      7]
634   	0     	      7	  NegSmallBright	   1241.4883	   2152.34	    0.0	    00000000     00000000	   1	[      4]
635   	0     	     11	 NeutSmallBright	   1243.6523	   2164.06	    0.0	    00000000     00000000	   1	[      8]
636   	0     	      5	    NegSmallDark	   1245.8672	   2214.84	    0.0	    00000000     00000000	   1	[      2]
637   	0     	      5	    NegSmallDark	   1248.0078	   2140.62	    0.0	    00000000     00000000	   1	[      2]
638   	0     	      5	    NegSmallDark	   1250.1250	   2117.19	    0.0	    00000000     00000000	   1	[      2]
639   	0     	     11	 NeutSmallBright	   1252.1680	   2042.97	    0.0	    00000000     00000000	   1	[      8]
640   	0     	     11	 NeutSmallBright	   1254.4414	   2273.44	    0.0	    00000000     00000000	   1	[      8]
641   	0     	      9	   NeutSmallDark	   1256.9453	   2503.91	    0.0	    00000000     00000000	   1	[      6]
642   	0     	      8	   NeutLargeDark	   1259.4609	   2515.62	    0.0	    00000000     00000000	   1	[      5]
643   	0     	      6	  NegLargeBright	   1261.9336	   2472.66	    0.0	    00000000     00000000	   1	[      3]
644   	0     	     13	     condition13	   1264.0469	   2113.28	    0.0	    00000000     00000000	   1	[       ]
645   	0     	      2	      condition2	   1264.7305	    683.59	    0.0	    00000000     00000000	   1	[       ]
646   	0     	      9	   NeutSmallDark	   1266.3516	   1621.09	    0.0	    00000000     00000000	   1	[      6]
647   	0     	      6	  NegLargeBright	   1268.5859	   2234.38	    0.0	    00000000     00000000	   1	[      3]
648   	0     	      6	  NegLargeBright	   1271.0703	   2484.38	    0.0	    00000000     00000000	   1	[      3]
649   	0     	     11	 NeutSmallBright	   1273.5039	   2433.59	    0.0	    00000000     00000000	   1	[      8]
650   	0     	      8	   NeutLargeDark	   1275.7188	   2214.84	    0.0	    00000000     00000000	   1	[      5]
