#  Non-editable header begin --------------------------------------------------------------------------------
# 
#  data format...............: continuous
#  setname...................: BDF file
#  filename..................: none_specified
#  filepath..................: none_specified
#  nchan.....................: 64
#  pnts......................: 326912
#  srate.....................: 256
#  nevents...................: 650
#  generated by (bdf)........: 
#  generated by (set)........: BDF file
#  reported in ..............: 
#  prog Version..............: 8.02
#  creation date.............: 18-Nov-2020 17:03:15
#  user Account..............: 
# 
#  Non-editable header end --------------------------------------------------------------------------------

	bin 1,	# 60,	NegLargeDark
	bin 2,	# 60,	NegSmallDark
	bin 3,	# 60,	NegLargeBright
	bin 4,	# 60,	NegSmallBright
	bin 5,	# 60,	NeutLargeDark
	bin 6,	# 60,	NeutSmallDark
	bin 7,	# 60,	NeutLargeBright
	bin 8,	# 60,	NeutSmallBright



# item	 bepoch	  ecode	            label	      onset	          diff	     dura	b_flags	   a_flags	  enable	    bin
#                                                 (sec)           (msec)     (msec)    (binary)   (binary)


1     	0     	    253	              ""	      0.6562	      0.00	    0.0	    00000000     00000000	   1	[       ]
2     	0     	      4	    NegLargeDark	      1.6484	    992.19	    0.0	    00000000     00000000	   1	[      1]
3     	0     	     11	 NeutSmallBright	      3.8906	   2242.19	    0.0	    00000000     00000000	   1	[      8]
4     	0     	      7	  NegSmallBright	      5.9844	   2093.75	    0.0	    00000000     00000000	   1	[      4]
5     	0     	      9	   NeutSmallDark	      8.0273	   2042.97	    0.0	    00000000     00000000	   1	[      6]
6     	0     	      7	  NegSmallBright	     10.2344	   2207.03	    0.0	    00000000     00000000	   1	[      4]
7     	0     	     11	 NeutSmallBright	     12.4883	   2253.91	    0.0	    00000000     00000000	   1	[      8]
8     	0     	      4	    NegLargeDark	     14.8711	   2382.81	    0.0	    00000000     00000000	   1	[      1]
9     	0     	      4	    NegLargeDark	     17.2969	   2425.78	    0.0	    00000000     00000000	   1	[      1]
10    	0     	      9	   NeutSmallDark	     19.3477	   2050.78	    0.0	    00000000     00000000	   1	[      6]
11    	0     	      4	    NegLargeDark	     21.6914	   2343.75	    0.0	    00000000     00000000	   1	[      1]
12    	0     	      4	    NegLargeDark	     24.0273	   2335.94	    0.0	    00000000     00000000	   1	[      1]
13    	0     	      6	  NegLargeBright	     26.3203	   2292.97	    0.0	    00000000     00000000	   1	[      3]
14    	0     	     11	 NeutSmallBright	     28.3438	   2023.44	    0.0	    00000000     00000000	   1	[      8]
15    	0     	     15	     condition15	     30.6875	   2343.75	    0.0	    00000000     00000000	   1	[       ]
16    	0     	      2	      condition2	     31.4688	    781.25	    0.0	    00000000     00000000	   1	[       ]
17    	0     	     11	 NeutSmallBright	     33.0117	   1542.97	    0.0	    00000000     00000000	   1	[      8]
18    	0     	      7	  NegSmallBright	     35.1758	   2164.06	    0.0	    00000000     00000000	   1	[      4]
19    	0     	      7	  NegSmallBright	     37.5195	   2343.75	    0.0	    00000000     00000000	   1	[      4]
20    	0     	      6	  NegLargeBright	     39.9844	   2464.84	    0.0	    00000000     00000000	   1	[      3]
21    	0     	      6	  NegLargeBright	     42.3711	   2386.72	    0.0	    00000000     00000000	   1	[      3]
22    	0     	     13	     condition13	     44.9023	   2531.25	    0.0	    00000000     00000000	   1	[       ]
23    	0     	      2	      condition2	     45.5820	    679.69	    0.0	    00000000     00000000	   1	[       ]
24    	0     	     14	     condition14	     47.2578	   1675.78	    0.0	    00000000     00000000	   1	[       ]
25    	0     	      2	      condition2	     47.8320	    574.22	    0.0	    00000000     00000000	   1	[       ]
26    	0     	     11	 NeutSmallBright	     49.7734	   1941.41	    0.0	    00000000     00000000	   1	[      8]
27    	0     	     10	 NeutLargeBright	     51.9258	   2152.34	    0.0	    00000000     00000000	   1	[      7]
28    	0     	      7	  NegSmallBright	     54.0312	   2105.47	    0.0	    00000000     00000000	   1	[      4]
29    	0     	      7	  NegSmallBright	     56.1641	   2132.81	    0.0	    00000000     00000000	   1	[      4]
30    	0     	      5	    NegSmallDark	     58.6680	   2503.91	    0.0	    00000000     00000000	   1	[      2]
31    	0     	      4	    NegLargeDark	     61.0039	   2335.94	    0.0	    00000000     00000000	   1	[      1]
32    	0     	     14	     condition14	     63.4180	   2414.06	    0.0	    00000000     00000000	   1	[       ]
33    	0     	      2	      condition2	     63.9844	    566.41	    0.0	    00000000     00000000	   1	[       ]
34    	0     	     10	 NeutLargeBright	     65.5312	   1546.88	    0.0	    00000000     00000000	   1	[      7]
35    	0     	      9	   NeutSmallDark	     67.9453	   2414.06	    0.0	    00000000     00000000	   1	[      6]
36    	0     	      7	  NegSmallBright	     70.1680	   2222.66	    0.0	    00000000     00000000	   1	[      4]
37    	0     	      6	  NegLargeBright	     72.3828	   2214.84	    0.0	    00000000     00000000	   1	[      3]
38    	0     	      7	  NegSmallBright	     74.5156	   2132.81	    0.0	    00000000     00000000	   1	[      4]
39    	0     	     10	 NeutLargeBright	     76.8594	   2343.75	    0.0	    00000000     00000000	   1	[      7]
40    	0     	      9	   NeutSmallDark	     78.9453	   2085.94	    0.0	    00000000     00000000	   1	[      6]
41    	0     	      9	   NeutSmallDark	     81.2070	   2261.72	    0.0	    00000000     00000000	   1	[      6]
42    	0     	     10	 NeutLargeBright	     83.4102	   2203.12	    0.0	    00000000     00000000	   1	[      7]
43    	0     	      4	    NegLargeDark	     85.7266	   2316.41	    0.0	    00000000     00000000	   1	[      1]
44    	0     	      9	   NeutSmallDark	     87.9180	   2191.41	    0.0	    00000000     00000000	   1	[      6]
45    	0     	      9	   NeutSmallDark	     90.0938	   2175.78	    0.0	    00000000     00000000	   1	[      6]
46    	0     	      7	  NegSmallBright	     92.3555	   2261.72	    0.0	    00000000     00000000	   1	[      4]
47    	0     	      6	  NegLargeBright	     94.8203	   2464.84	    0.0	    00000000     00000000	   1	[      3]
48    	0     	     10	 NeutLargeBright	     96.9062	   2085.94	    0.0	    00000000     00000000	   1	[      7]
49    	0     	     10	 NeutLargeBright	     99.0273	   2121.09	    0.0	    00000000     00000000	   1	[      7]
50    	0     	     13	     condition13	    101.4531	   2425.78	    0.0	    00000000     00000000	   1	[       ]
51    	0     	      2	      condition2	    101.9258	    472.66	    0.0	    00000000     00000000	   1	[       ]
52    	0     	      9	   NeutSmallDark	    103.5664	   1640.62	    0.0	    00000000     00000000	   1	[      6]
53    	0     	      5	    NegSmallDark	    105.8828	   2316.41	    0.0	    00000000     00000000	   1	[      2]
54    	0     	     11	 NeutSmallBright	    107.9648	   2082.03	    0.0	    00000000     00000000	   1	[      8]
55    	0     	      6	  NegLargeBright	    110.1289	   2164.06	    0.0	    00000000     00000000	   1	[      3]
56    	0     	      6	  NegLargeBright	    112.1719	   2042.97	    0.0	    00000000     00000000	   1	[      3]
57    	0     	      5	    NegSmallDark	    114.4844	   2312.50	    0.0	    00000000     00000000	   1	[      2]
58    	0     	      6	  NegLargeBright	    116.5195	   2035.16	    0.0	    00000000     00000000	   1	[      3]
59    	0     	      9	   NeutSmallDark	    118.9844	   2464.84	    0.0	    00000000     00000000	   1	[      6]
60    	0     	      7	  NegSmallBright	    121.1094	   2125.00	    0.0	    00000000     00000000	   1	[      4]
61    	0     	     10	 NeutLargeBright	    123.4727	   2363.28	    0.0	    00000000     00000000	   1	[      7]
62    	0     	     10	 NeutLargeBright	    125.7852	   2312.50	    0.0	    00000000     00000000	   1	[      7]
63    	0     	     10	 NeutLargeBright	    127.8984	   2113.28	    0.0	    00000000     00000000	   1	[      7]
64    	0     	      4	    NegLargeDark	    130.0117	   2113.28	    0.0	    00000000     00000000	   1	[      1]
65    	0     	      9	   NeutSmallDark	    132.0469	   2035.16	    0.0	    00000000     00000000	   1	[      6]
66    	0     	      7	  NegSmallBright	    134.3828	   2335.94	    0.0	    00000000     00000000	   1	[      4]
67    	0     	      4	    NegLargeDark	    136.8867	   2503.91	    0.0	    00000000     00000000	   1	[      1]
68    	0     	     12	     condition12	    139.2891	   2402.34	    0.0	    00000000     00000000	   1	[       ]
69    	0     	      2	      condition2	    139.8594	    570.31	    0.0	    00000000     00000000	   1	[       ]
70    	0     	      9	   NeutSmallDark	    141.4648	   1605.47	    0.0	    00000000     00000000	   1	[      6]
71    	0     	      9	   NeutSmallDark	    143.4961	   2031.25	    0.0	    00000000     00000000	   1	[      6]
72    	0     	      5	    NegSmallDark	    145.5508	   2054.69	    0.0	    00000000     00000000	   1	[      2]
73    	0     	      8	   NeutLargeDark	    147.5859	   2035.16	    0.0	    00000000     00000000	   1	[      5]
74    	0     	      6	  NegLargeBright	    149.6680	   2082.03	    0.0	    00000000     00000000	   1	[      3]
75    	0     	     10	 NeutLargeBright	    151.9609	   2292.97	    0.0	    00000000     00000000	   1	[      7]
76    	0     	      8	   NeutLargeDark	    154.3945	   2433.59	    0.0	    00000000     00000000	   1	[      5]
77    	0     	     11	 NeutSmallBright	    156.9023	   2507.81	    0.0	    00000000     00000000	   1	[      8]
78    	0     	    253	              ""	    158.2500	   1347.66	    0.0	    00000000     00000000	   1	[       ]
79    	0     	     10	 NeutLargeBright	    159.2617	   1011.72	    0.0	    00000000     00000000	   1	[      7]
80    	0     	     13	     condition13	    161.3555	   2093.75	    0.0	    00000000     00000000	   1	[       ]
81    	0     	      2	      condition2	    162.1445	    789.06	    0.0	    00000000     00000000	   1	[       ]
82    	0     	     13	     condition13	    163.3789	   1234.38	    0.0	    00000000     00000000	   1	[       ]
83    	0     	      2	      condition2	    163.9102	    531.25	    0.0	    00000000     00000000	   1	[       ]
84    	0     	      5	    NegSmallDark	    165.6016	   1691.41	    0.0	    00000000     00000000	   1	[      2]
85    	0     	      8	   NeutLargeDark	    167.7148	   2113.28	    0.0	    00000000     00000000	   1	[      5]
86    	0     	     15	     condition15	    170.1484	   2433.59	    0.0	    00000000     00000000	   1	[       ]
87    	0     	      2	      condition2	    170.8086	    660.16	    0.0	    00000000     00000000	   1	[       ]
88    	0     	     11	 NeutSmallBright	    172.3438	   1535.16	    0.0	    00000000     00000000	   1	[      8]
89    	0     	      9	   NeutSmallDark	    174.7266	   2382.81	    0.0	    00000000     00000000	   1	[      6]
90    	0     	      8	   NeutLargeDark	    176.7930	   2066.41	    0.0	    00000000     00000000	   1	[      5]
91    	0     	     11	 NeutSmallBright	    179.0273	   2234.38	    0.0	    00000000     00000000	   1	[      8]
92    	0     	      8	   NeutLargeDark	    181.3398	   2312.50	    0.0	    00000000     00000000	   1	[      5]
93    	0     	      6	  NegLargeBright	    183.5234	   2183.59	    0.0	    00000000     00000000	   1	[      3]
94    	0     	     10	 NeutLargeBright	    185.9766	   2453.12	    0.0	    00000000     00000000	   1	[      7]
95    	0     	      6	  NegLargeBright	    188.3906	   2414.06	    0.0	    00000000     00000000	   1	[      3]
96    	0     	     13	     condition13	    190.7773	   2386.72	    0.0	    00000000     00000000	   1	[       ]
97    	0     	      2	      condition2	    191.3320	    554.69	    0.0	    00000000     00000000	   1	[       ]
98    	0     	      9	   NeutSmallDark	    192.8789	   1546.88	    0.0	    00000000     00000000	   1	[      6]
99    	0     	     15	     condition15	    195.1758	   2296.88	    0.0	    00000000     00000000	   1	[       ]
100   	0     	      2	      condition2	    195.9336	    757.81	    0.0	    00000000     00000000	   1	[       ]
101   	0     	      9	   NeutSmallDark	    197.2070	   1273.44	    0.0	    00000000     00000000	   1	[      6]
102   	0     	      7	  NegSmallBright	    199.2500	   2042.97	    0.0	    00000000     00000000	   1	[      4]
103   	0     	      4	    NegLargeDark	    201.2969	   2046.88	    0.0	    00000000     00000000	   1	[      1]
104   	0     	      8	   NeutLargeDark	    203.6992	   2402.34	    0.0	    00000000     00000000	   1	[      5]
105   	0     	      5	    NegSmallDark	    205.8242	   2125.00	    0.0	    00000000     00000000	   1	[      2]
106   	0     	      4	    NegLargeDark	    208.3477	   2523.44	    0.0	    00000000     00000000	   1	[      1]
107   	0     	     15	     condition15	    210.4102	   2062.50	    0.0	    00000000     00000000	   1	[       ]
108   	0     	      2	      condition2	    211.5898	   1179.69	    0.0	    00000000     00000000	   1	[       ]
109   	0     	     10	 NeutLargeBright	    212.8359	   1246.09	    0.0	    00000000     00000000	   1	[      7]
110   	0     	      8	   NeutLargeDark	    215.3086	   2472.66	    0.0	    00000000     00000000	   1	[      5]
111   	0     	      4	    NegLargeDark	    217.4531	   2144.53	    0.0	    00000000     00000000	   1	[      1]
112   	0     	      4	    NegLargeDark	    219.9375	   2484.38	    0.0	    00000000     00000000	   1	[      1]
113   	0     	     10	 NeutLargeBright	    222.2031	   2265.62	    0.0	    00000000     00000000	   1	[      7]
114   	0     	     15	     condition15	    224.2969	   2093.75	    0.0	    00000000     00000000	   1	[       ]
115   	0     	      2	      condition2	    224.7812	    484.38	    0.0	    00000000     00000000	   1	[       ]
116   	0     	      6	  NegLargeBright	    226.4297	   1648.44	    0.0	    00000000     00000000	   1	[      3]
117   	0     	      5	    NegSmallDark	    228.8125	   2382.81	    0.0	    00000000     00000000	   1	[      2]
118   	0     	     14	     condition14	    231.3086	   2496.09	    0.0	    00000000     00000000	   1	[       ]
119   	0     	      2	      condition2	    231.8711	    562.50	    0.0	    00000000     00000000	   1	[       ]
120   	0     	     14	     condition14	    233.7930	   1921.88	    0.0	    00000000     00000000	   1	[       ]
121   	0     	      2	      condition2	    234.4570	    664.06	    0.0	    00000000     00000000	   1	[       ]
122   	0     	      4	    NegLargeDark	    235.9766	   1519.53	    0.0	    00000000     00000000	   1	[      1]
123   	0     	      7	  NegSmallBright	    238.3711	   2394.53	    0.0	    00000000     00000000	   1	[      4]
124   	0     	     15	     condition15	    240.6055	   2234.38	    0.0	    00000000     00000000	   1	[       ]
125   	0     	      2	      condition2	    241.2109	    605.47	    0.0	    00000000     00000000	   1	[       ]
126   	0     	      9	   NeutSmallDark	    242.6484	   1437.50	    0.0	    00000000     00000000	   1	[      6]
127   	0     	      8	   NeutLargeDark	    244.8125	   2164.06	    0.0	    00000000     00000000	   1	[      5]
128   	0     	     11	 NeutSmallBright	    247.0547	   2242.19	    0.0	    00000000     00000000	   1	[      8]
129   	0     	      4	    NegLargeDark	    249.5312	   2476.56	    0.0	    00000000     00000000	   1	[      1]
130   	0     	     11	 NeutSmallBright	    252.0352	   2503.91	    0.0	    00000000     00000000	   1	[      8]
131   	0     	     13	     condition13	    254.4688	   2433.59	    0.0	    00000000     00000000	   1	[       ]
132   	0     	      2	      condition2	    254.9961	    527.34	    0.0	    00000000     00000000	   1	[       ]
133   	0     	      5	    NegSmallDark	    256.5234	   1527.34	    0.0	    00000000     00000000	   1	[      2]
134   	0     	      7	  NegSmallBright	    258.6445	   2121.09	    0.0	    00000000     00000000	   1	[      4]
135   	0     	      7	  NegSmallBright	    260.6875	   2042.97	    0.0	    00000000     00000000	   1	[      4]
136   	0     	     12	     condition12	    262.8750	   2187.50	    0.0	    00000000     00000000	   1	[       ]
137   	0     	      2	      condition2	    263.3594	    484.38	    0.0	    00000000     00000000	   1	[       ]
138   	0     	      9	   NeutSmallDark	    265.3164	   1957.03	    0.0	    00000000     00000000	   1	[      6]
139   	0     	     10	 NeutLargeBright	    267.7305	   2414.06	    0.0	    00000000     00000000	   1	[      7]
140   	0     	     10	 NeutLargeBright	    269.8438	   2113.28	    0.0	    00000000     00000000	   1	[      7]
141   	0     	      8	   NeutLargeDark	    272.0195	   2175.78	    0.0	    00000000     00000000	   1	[      5]
142   	0     	      5	    NegSmallDark	    274.5234	   2503.91	    0.0	    00000000     00000000	   1	[      2]
143   	0     	     10	 NeutLargeBright	    276.8086	   2285.16	    0.0	    00000000     00000000	   1	[      7]
144   	0     	     10	 NeutLargeBright	    279.0508	   2242.19	    0.0	    00000000     00000000	   1	[      7]
145   	0     	      5	    NegSmallDark	    281.2539	   2203.12	    0.0	    00000000     00000000	   1	[      2]
146   	0     	      4	    NegLargeDark	    283.3398	   2085.94	    0.0	    00000000     00000000	   1	[      1]
147   	0     	      2	      condition2	    284.0703	    730.47	    0.0	    00000000     00000000	   1	[       ]
148   	0     	      5	    NegSmallDark	    285.8320	   1761.72	    0.0	    00000000     00000000	   1	[      2]
149   	0     	      8	   NeutLargeDark	    288.1172	   2285.16	    0.0	    00000000     00000000	   1	[      5]
150   	0     	      7	  NegSmallBright	    290.3203	   2203.12	    0.0	    00000000     00000000	   1	[      4]
151   	0     	      6	  NegLargeBright	    292.3945	   2074.22	    0.0	    00000000     00000000	   1	[      3]
152   	0     	      6	  NegLargeBright	    294.5273	   2132.81	    0.0	    00000000     00000000	   1	[      3]
153   	0     	      6	  NegLargeBright	    296.7031	   2175.78	    0.0	    00000000     00000000	   1	[      3]
154   	0     	     11	 NeutSmallBright	    299.1172	   2414.06	    0.0	    00000000     00000000	   1	[      8]
155   	0     	      6	  NegLargeBright	    301.2305	   2113.28	    0.0	    00000000     00000000	   1	[      3]
156   	0     	      6	  NegLargeBright	    303.4336	   2203.12	    0.0	    00000000     00000000	   1	[      3]
157   	0     	      4	    NegLargeDark	    305.5391	   2105.47	    0.0	    00000000     00000000	   1	[      1]
158   	0     	     10	 NeutLargeBright	    307.6016	   2062.50	    0.0	    00000000     00000000	   1	[      7]
159   	0     	      9	   NeutSmallDark	    310.0352	   2433.59	    0.0	    00000000     00000000	   1	[      6]
160   	0     	     10	 NeutLargeBright	    312.3594	   2324.22	    0.0	    00000000     00000000	   1	[      7]
161   	0     	      8	   NeutLargeDark	    314.8047	   2445.31	    0.0	    00000000     00000000	   1	[      5]
162   	0     	    253	              ""	    316.9688	   2164.06	    0.0	    00000000     00000000	   1	[       ]
163   	0     	      5	    NegSmallDark	    317.9648	    996.09	    0.0	    00000000     00000000	   1	[      2]
164   	0     	     10	 NeutLargeBright	    320.1875	   2222.66	    0.0	    00000000     00000000	   1	[      7]
165   	0     	      4	    NegLargeDark	    322.6445	   2457.03	    0.0	    00000000     00000000	   1	[      1]
166   	0     	      6	  NegLargeBright	    324.7266	   2082.03	    0.0	    00000000     00000000	   1	[      3]
167   	0     	      2	      condition2	    324.8125	     85.94	    0.0	    00000000     00000000	   1	[       ]
168   	0     	      7	  NegSmallBright	    326.9727	   2160.16	    0.0	    00000000     00000000	   1	[      4]
169   	0     	      6	  NegLargeBright	    329.1562	   2183.59	    0.0	    00000000     00000000	   1	[      3]
170   	0     	      6	  NegLargeBright	    331.5977	   2441.41	    0.0	    00000000     00000000	   1	[      3]
171   	0     	     11	 NeutSmallBright	    334.1016	   2503.91	    0.0	    00000000     00000000	   1	[      8]
172   	0     	      9	   NeutSmallDark	    336.4062	   2304.69	    0.0	    00000000     00000000	   1	[      6]
173   	0     	      4	    NegLargeDark	    338.4727	   2066.41	    0.0	    00000000     00000000	   1	[      1]
174   	0     	     11	 NeutSmallBright	    340.7539	   2281.25	    0.0	    00000000     00000000	   1	[      8]
175   	0     	      8	   NeutLargeDark	    343.0586	   2304.69	    0.0	    00000000     00000000	   1	[      5]
176   	0     	     10	 NeutLargeBright	    345.1211	   2062.50	    0.0	    00000000     00000000	   1	[      7]
177   	0     	      7	  NegSmallBright	    347.4453	   2324.22	    0.0	    00000000     00000000	   1	[      4]
178   	0     	     11	 NeutSmallBright	    349.8125	   2367.19	    0.0	    00000000     00000000	   1	[      8]
179   	0     	     13	     condition13	    352.2539	   2441.41	    0.0	    00000000     00000000	   1	[       ]
180   	0     	     11	 NeutSmallBright	    354.4688	   2214.84	    0.0	    00000000     00000000	   1	[      8]
181   	0     	      7	  NegSmallBright	    356.9531	   2484.38	    0.0	    00000000     00000000	   1	[      4]
182   	0     	      5	    NegSmallDark	    359.4688	   2515.62	    0.0	    00000000     00000000	   1	[      2]
183   	0     	     13	     condition13	    361.9023	   2433.59	    0.0	    00000000     00000000	   1	[       ]
184   	0     	      2	      condition2	    362.4727	    570.31	    0.0	    00000000     00000000	   1	[       ]
185   	0     	      9	   NeutSmallDark	    364.3281	   1855.47	    0.0	    00000000     00000000	   1	[      6]
186   	0     	      7	  NegSmallBright	    366.5508	   2222.66	    0.0	    00000000     00000000	   1	[      4]
187   	0     	      9	   NeutSmallDark	    369.0742	   2523.44	    0.0	    00000000     00000000	   1	[      6]
188   	0     	     10	 NeutLargeBright	    371.2070	   2132.81	    0.0	    00000000     00000000	   1	[      7]
189   	0     	      6	  NegLargeBright	    373.6523	   2445.31	    0.0	    00000000     00000000	   1	[      3]
190   	0     	      5	    NegSmallDark	    375.7773	   2125.00	    0.0	    00000000     00000000	   1	[      2]
191   	0     	      5	    NegSmallDark	    378.1406	   2363.28	    0.0	    00000000     00000000	   1	[      2]
192   	0     	     14	     condition14	    380.5469	   2406.25	    0.0	    00000000     00000000	   1	[       ]
193   	0     	      2	      condition2	    381.2188	    671.88	    0.0	    00000000     00000000	   1	[       ]
194   	0     	     10	 NeutLargeBright	    383.0078	   1789.06	    0.0	    00000000     00000000	   1	[      7]
195   	0     	      6	  NegLargeBright	    385.2031	   2195.31	    0.0	    00000000     00000000	   1	[      3]
196   	0     	     11	 NeutSmallBright	    387.3750	   2171.88	    0.0	    00000000     00000000	   1	[      8]
197   	0     	      5	    NegSmallDark	    389.6016	   2226.56	    0.0	    00000000     00000000	   1	[      2]
198   	0     	      9	   NeutSmallDark	    391.9336	   2332.03	    0.0	    00000000     00000000	   1	[      6]
199   	0     	     10	 NeutLargeBright	    394.3008	   2367.19	    0.0	    00000000     00000000	   1	[      7]
200   	0     	      7	  NegSmallBright	    396.5430	   2242.19	    0.0	    00000000     00000000	   1	[      4]
201   	0     	     14	     condition14	    398.9766	   2433.59	    0.0	    00000000     00000000	   1	[       ]
202   	0     	      2	      condition2	    399.4922	    515.62	    0.0	    00000000     00000000	   1	[       ]
203   	0     	     10	 NeutLargeBright	    401.4297	   1937.50	    0.0	    00000000     00000000	   1	[      7]
204   	0     	      7	  NegSmallBright	    403.6641	   2234.38	    0.0	    00000000     00000000	   1	[      4]
205   	0     	     11	 NeutSmallBright	    405.9414	   2277.34	    0.0	    00000000     00000000	   1	[      8]
206   	0     	      9	   NeutSmallDark	    408.2031	   2261.72	    0.0	    00000000     00000000	   1	[      6]
207   	0     	      8	   NeutLargeDark	    410.2891	   2085.94	    0.0	    00000000     00000000	   1	[      5]
208   	0     	      8	   NeutLargeDark	    412.5312	   2242.19	    0.0	    00000000     00000000	   1	[      5]
209   	0     	     10	 NeutLargeBright	    414.6953	   2164.06	    0.0	    00000000     00000000	   1	[      7]
210   	0     	      6	  NegLargeBright	    417.0391	   2343.75	    0.0	    00000000     00000000	   1	[      3]
211   	0     	     10	 NeutLargeBright	    419.3750	   2335.94	    0.0	    00000000     00000000	   1	[      7]
212   	0     	      4	    NegLargeDark	    421.5469	   2171.88	    0.0	    00000000     00000000	   1	[      1]
213   	0     	      4	    NegLargeDark	    423.9023	   2355.47	    0.0	    00000000     00000000	   1	[      1]
214   	0     	     15	     condition15	    426.3867	   2484.38	    0.0	    00000000     00000000	   1	[       ]
215   	0     	      2	      condition2	    427.1328	    746.09	    0.0	    00000000     00000000	   1	[       ]
216   	0     	      8	   NeutLargeDark	    428.4375	   1304.69	    0.0	    00000000     00000000	   1	[      5]
217   	0     	      9	   NeutSmallDark	    430.6133	   2175.78	    0.0	    00000000     00000000	   1	[      6]
218   	0     	      9	   NeutSmallDark	    432.6562	   2042.97	    0.0	    00000000     00000000	   1	[      6]
219   	0     	      7	  NegSmallBright	    435.1016	   2445.31	    0.0	    00000000     00000000	   1	[      4]
220   	0     	      8	   NeutLargeDark	    437.6133	   2511.72	    0.0	    00000000     00000000	   1	[      5]
221   	0     	      9	   NeutSmallDark	    439.7070	   2093.75	    0.0	    00000000     00000000	   1	[      6]
222   	0     	      7	  NegSmallBright	    441.7422	   2035.16	    0.0	    00000000     00000000	   1	[      4]
223   	0     	     12	     condition12	    443.9180	   2175.78	    0.0	    00000000     00000000	   1	[       ]
224   	0     	      2	      condition2	    444.5742	    656.25	    0.0	    00000000     00000000	   1	[       ]
225   	0     	     14	     condition14	    446.1094	   1535.16	    0.0	    00000000     00000000	   1	[       ]
226   	0     	      2	      condition2	    446.7617	    652.34	    0.0	    00000000     00000000	   1	[       ]
227   	0     	     10	 NeutLargeBright	    448.5156	   1753.91	    0.0	    00000000     00000000	   1	[      7]
228   	0     	      9	   NeutSmallDark	    451.0391	   2523.44	    0.0	    00000000     00000000	   1	[      6]
229   	0     	      6	  NegLargeBright	    453.2812	   2242.19	    0.0	    00000000     00000000	   1	[      3]
230   	0     	     12	     condition12	    455.5781	   2296.88	    0.0	    00000000     00000000	   1	[       ]
231   	0     	      2	      condition2	    456.3672	    789.06	    0.0	    00000000     00000000	   1	[       ]
232   	0     	      7	  NegSmallBright	    457.7188	   1351.56	    0.0	    00000000     00000000	   1	[      4]
233   	0     	      6	  NegLargeBright	    460.0234	   2304.69	    0.0	    00000000     00000000	   1	[      3]
234   	0     	     12	     condition12	    462.3789	   2355.47	    0.0	    00000000     00000000	   1	[       ]
235   	0     	      2	      condition2	    462.9375	    558.59	    0.0	    00000000     00000000	   1	[       ]
236   	0     	      8	   NeutLargeDark	    464.7539	   1816.41	    0.0	    00000000     00000000	   1	[      5]
237   	0     	      9	   NeutSmallDark	    467.2461	   2492.19	    0.0	    00000000     00000000	   1	[      6]
238   	0     	      5	    NegSmallDark	    469.5820	   2335.94	    0.0	    00000000     00000000	   1	[      2]
239   	0     	      8	   NeutLargeDark	    471.8555	   2273.44	    0.0	    00000000     00000000	   1	[      5]
240   	0     	     10	 NeutLargeBright	    474.0898	   2234.38	    0.0	    00000000     00000000	   1	[      7]
241   	0     	     10	 NeutLargeBright	    476.4023	   2312.50	    0.0	    00000000     00000000	   1	[      7]
242   	0     	      2	      condition2	    477.8359	   1433.59	    0.0	    00000000     00000000	   1	[       ]
243   	0     	     10	 NeutLargeBright	    479.9102	   2074.22	    0.0	    00000000     00000000	   1	[      7]
244   	0     	      9	   NeutSmallDark	    482.0039	   2093.75	    0.0	    00000000     00000000	   1	[      6]
245   	0     	      5	    NegSmallDark	    484.3984	   2394.53	    0.0	    00000000     00000000	   1	[      2]
246   	0     	      8	   NeutLargeDark	    486.5117	   2113.28	    0.0	    00000000     00000000	   1	[      5]
247   	0     	      9	   NeutSmallDark	    488.5352	   2023.44	    0.0	    00000000     00000000	   1	[      6]
248   	0     	      9	   NeutSmallDark	    490.9688	   2433.59	    0.0	    00000000     00000000	   1	[      6]
249   	0     	      5	    NegSmallDark	    493.1758	   2207.03	    0.0	    00000000     00000000	   1	[      2]
250   	0     	      9	   NeutSmallDark	    495.4062	   2230.47	    0.0	    00000000     00000000	   1	[      6]
251   	0     	     10	 NeutLargeBright	    497.5000	   2093.75	    0.0	    00000000     00000000	   1	[      7]
252   	0     	      4	    NegLargeDark	    499.6250	   2125.00	    0.0	    00000000     00000000	   1	[      1]
253   	0     	      7	  NegSmallBright	    501.8789	   2253.91	    0.0	    00000000     00000000	   1	[      4]
254   	0     	      6	  NegLargeBright	    504.2734	   2394.53	    0.0	    00000000     00000000	   1	[      3]
255   	0     	     15	     condition15	    506.2969	   2023.44	    0.0	    00000000     00000000	   1	[       ]
256   	0     	      2	      condition2	    507.0469	    750.00	    0.0	    00000000     00000000	   1	[       ]
257   	0     	      8	   NeutLargeDark	    508.3320	   1285.16	    0.0	    00000000     00000000	   1	[      5]
258   	0     	      9	   NeutSmallDark	    510.7148	   2382.81	    0.0	    00000000     00000000	   1	[      6]
259   	0     	      9	   NeutSmallDark	    512.8281	   2113.28	    0.0	    00000000     00000000	   1	[      6]
260   	0     	      6	  NegLargeBright	    515.2109	   2382.81	    0.0	    00000000     00000000	   1	[      3]
261   	0     	     14	     condition14	    517.5156	   2304.69	    0.0	    00000000     00000000	   1	[       ]
262   	0     	      2	      condition2	    518.2695	    753.91	    0.0	    00000000     00000000	   1	[       ]
263   	0     	      9	   NeutSmallDark	    519.6211	   1351.56	    0.0	    00000000     00000000	   1	[      6]
264   	0     	      6	  NegLargeBright	    521.7344	   2113.28	    0.0	    00000000     00000000	   1	[      3]
265   	0     	     14	     condition14	    524.1484	   2414.06	    0.0	    00000000     00000000	   1	[       ]
266   	0     	      2	      condition2	    524.7617	    613.28	    0.0	    00000000     00000000	   1	[       ]
267   	0     	      8	   NeutLargeDark	    526.3828	   1621.09	    0.0	    00000000     00000000	   1	[      5]
268   	0     	      8	   NeutLargeDark	    528.6250	   2242.19	    0.0	    00000000     00000000	   1	[      5]
269   	0     	      5	    NegSmallDark	    530.7383	   2113.28	    0.0	    00000000     00000000	   1	[      2]
270   	0     	      8	   NeutLargeDark	    532.8633	   2125.00	    0.0	    00000000     00000000	   1	[      5]
271   	0     	      5	    NegSmallDark	    534.9062	   2042.97	    0.0	    00000000     00000000	   1	[      2]
272   	0     	     11	 NeutSmallBright	    537.0703	   2164.06	    0.0	    00000000     00000000	   1	[      8]
273   	0     	      6	  NegLargeBright	    539.3359	   2265.62	    0.0	    00000000     00000000	   1	[      3]
274   	0     	      4	    NegLargeDark	    541.7383	   2402.34	    0.0	    00000000     00000000	   1	[      1]
275   	0     	     14	     condition14	    544.2344	   2496.09	    0.0	    00000000     00000000	   1	[       ]
276   	0     	      2	      condition2	    544.8320	    597.66	    0.0	    00000000     00000000	   1	[       ]
277   	0     	      7	  NegSmallBright	    546.3359	   1503.91	    0.0	    00000000     00000000	   1	[      4]
278   	0     	      9	   NeutSmallDark	    548.6914	   2355.47	    0.0	    00000000     00000000	   1	[      6]
279   	0     	      2	      condition2	    550.2070	   1515.62	    0.0	    00000000     00000000	   1	[       ]
280   	0     	      4	    NegLargeDark	    550.8555	    648.44	    0.0	    00000000     00000000	   1	[      1]
281   	0     	     13	     condition13	    553.1992	   2343.75	    0.0	    00000000     00000000	   1	[       ]
282   	0     	      2	      condition2	    554.0273	    828.12	    0.0	    00000000     00000000	   1	[       ]
283   	0     	      9	   NeutSmallDark	    555.6328	   1605.47	    0.0	    00000000     00000000	   1	[      6]
284   	0     	      5	    NegSmallDark	    557.7461	   2113.28	    0.0	    00000000     00000000	   1	[      2]
285   	0     	     10	 NeutLargeBright	    559.7891	   2042.97	    0.0	    00000000     00000000	   1	[      7]
286   	0     	      6	  NegLargeBright	    562.2344	   2445.31	    0.0	    00000000     00000000	   1	[      3]
287   	0     	     10	 NeutLargeBright	    564.5781	   2343.75	    0.0	    00000000     00000000	   1	[      7]
288   	0     	     10	 NeutLargeBright	    566.7617	   2183.59	    0.0	    00000000     00000000	   1	[      7]
289   	0     	      6	  NegLargeBright	    569.1680	   2406.25	    0.0	    00000000     00000000	   1	[      3]
290   	0     	     10	 NeutLargeBright	    571.6016	   2433.59	    0.0	    00000000     00000000	   1	[      7]
291   	0     	      8	   NeutLargeDark	    573.9766	   2375.00	    0.0	    00000000     00000000	   1	[      5]
292   	0     	      2	      condition2	    575.4531	   1476.56	    0.0	    00000000     00000000	   1	[       ]
293   	0     	      6	  NegLargeBright	    576.1094	    656.25	    0.0	    00000000     00000000	   1	[      3]
294   	0     	      4	    NegLargeDark	    578.5547	   2445.31	    0.0	    00000000     00000000	   1	[      1]
295   	0     	     10	 NeutLargeBright	    580.9492	   2394.53	    0.0	    00000000     00000000	   1	[      7]
296   	0     	      7	  NegSmallBright	    583.0898	   2140.62	    0.0	    00000000     00000000	   1	[      4]
297   	0     	     12	     condition12	    585.2969	   2207.03	    0.0	    00000000     00000000	   1	[       ]
298   	0     	      2	      condition2	    585.8984	    601.56	    0.0	    00000000     00000000	   1	[       ]
299   	0     	      7	  NegSmallBright	    587.3906	   1492.19	    0.0	    00000000     00000000	   1	[      4]
300   	0     	     11	 NeutSmallBright	    589.7539	   2363.28	    0.0	    00000000     00000000	   1	[      8]
301   	0     	      4	    NegLargeDark	    591.9180	   2164.06	    0.0	    00000000     00000000	   1	[      1]
302   	0     	     10	 NeutLargeBright	    594.4023	   2484.38	    0.0	    00000000     00000000	   1	[      7]
303   	0     	      5	    NegSmallDark	    596.5352	   2132.81	    0.0	    00000000     00000000	   1	[      2]
304   	0     	      4	    NegLargeDark	    598.9805	   2445.31	    0.0	    00000000     00000000	   1	[      1]
305   	0     	      5	    NegSmallDark	    601.4336	   2453.12	    0.0	    00000000     00000000	   1	[      2]
306   	0     	      8	   NeutLargeDark	    603.6797	   2246.09	    0.0	    00000000     00000000	   1	[      5]
307   	0     	      9	   NeutSmallDark	    605.7930	   2113.28	    0.0	    00000000     00000000	   1	[      6]
308   	0     	      8	   NeutLargeDark	    607.9453	   2152.34	    0.0	    00000000     00000000	   1	[      5]
309   	0     	      6	  NegLargeBright	    610.0000	   2054.69	    0.0	    00000000     00000000	   1	[      3]
310   	0     	      9	   NeutSmallDark	    612.3047	   2304.69	    0.0	    00000000     00000000	   1	[      6]
311   	0     	     10	 NeutLargeBright	    614.5273	   2222.66	    0.0	    00000000     00000000	   1	[      7]
312   	0     	      4	    NegLargeDark	    616.9805	   2453.12	    0.0	    00000000     00000000	   1	[      1]
313   	0     	      4	    NegLargeDark	    619.3672	   2386.72	    0.0	    00000000     00000000	   1	[      1]
314   	0     	      4	    NegLargeDark	    621.5703	   2203.12	    0.0	    00000000     00000000	   1	[      1]
315   	0     	      8	   NeutLargeDark	    623.6719	   2101.56	    0.0	    00000000     00000000	   1	[      5]
316   	0     	     14	     condition14	    626.1289	   2457.03	    0.0	    00000000     00000000	   1	[       ]
317   	0     	      2	      condition2	    627.3008	   1171.88	    0.0	    00000000     00000000	   1	[       ]
318   	0     	      6	  NegLargeBright	    628.6133	   1312.50	    0.0	    00000000     00000000	   1	[      3]
319   	0     	      5	    NegSmallDark	    630.6953	   2082.03	    0.0	    00000000     00000000	   1	[      2]
320   	0     	      9	   NeutSmallDark	    632.7578	   2062.50	    0.0	    00000000     00000000	   1	[      6]
321   	0     	      5	    NegSmallDark	    634.9023	   2144.53	    0.0	    00000000     00000000	   1	[      2]
322   	0     	      6	  NegLargeBright	    638.4922	   3589.84	    0.0	    00000000     00000000	   1	[      3]
323   	0     	      8	   NeutLargeDark	    640.7852	   2292.97	    0.0	    00000000     00000000	   1	[      5]
324   	0     	      4	    NegLargeDark	    643.0977	   2312.50	    0.0	    00000000     00000000	   1	[      1]
325   	0     	     11	 NeutSmallBright	    645.3945	   2296.88	    0.0	    00000000     00000000	   1	[      8]
326   	0     	      8	   NeutLargeDark	    647.7266	   2332.03	    0.0	    00000000     00000000	   1	[      5]
327   	0     	      8	   NeutLargeDark	    650.0820	   2355.47	    0.0	    00000000     00000000	   1	[      5]
328   	0     	      8	   NeutLargeDark	    652.4375	   2355.47	    0.0	    00000000     00000000	   1	[      5]
329   	0     	     10	 NeutLargeBright	    654.9102	   2472.66	    0.0	    00000000     00000000	   1	[      7]
330   	0     	     10	 NeutLargeBright	    657.2227	   2312.50	    0.0	    00000000     00000000	   1	[      7]
331   	0     	     15	     condition15	    659.3359	   2113.28	    0.0	    00000000     00000000	   1	[       ]
332   	0     	      2	      condition2	    659.9688	    632.81	    0.0	    00000000     00000000	   1	[       ]
333   	0     	     11	 NeutSmallBright	    661.4531	   1484.38	    0.0	    00000000     00000000	   1	[      8]
334   	0     	      8	   NeutLargeDark	    663.9258	   2472.66	    0.0	    00000000     00000000	   1	[      5]
335   	0     	     11	 NeutSmallBright	    666.3789	   2453.12	    0.0	    00000000     00000000	   1	[      8]
336   	0     	     13	     condition13	    668.4023	   2023.44	    0.0	    00000000     00000000	   1	[       ]
337   	0     	      2	      condition2	    668.9492	    546.88	    0.0	    00000000     00000000	   1	[       ]
338   	0     	      5	    NegSmallDark	    670.9062	   1957.03	    0.0	    00000000     00000000	   1	[      2]
339   	0     	     11	 NeutSmallBright	    673.1133	   2207.03	    0.0	    00000000     00000000	   1	[      8]
340   	0     	      7	  NegSmallBright	    675.2852	   2171.88	    0.0	    00000000     00000000	   1	[      4]
341   	0     	      9	   NeutSmallDark	    677.6406	   2355.47	    0.0	    00000000     00000000	   1	[      6]
342   	0     	      4	    NegLargeDark	    679.7734	   2132.81	    0.0	    00000000     00000000	   1	[      1]
343   	0     	      5	    NegSmallDark	    682.0664	   2292.97	    0.0	    00000000     00000000	   1	[      2]
344   	0     	      7	  NegSmallBright	    684.4023	   2335.94	    0.0	    00000000     00000000	   1	[      4]
345   	0     	      5	    NegSmallDark	    686.6172	   2214.84	    0.0	    00000000     00000000	   1	[      2]
346   	0     	      6	  NegLargeBright	    689.0898	   2472.66	    0.0	    00000000     00000000	   1	[      3]
347   	0     	     14	     condition14	    691.1250	   2035.16	    0.0	    00000000     00000000	   1	[       ]
348   	0     	      2	      condition2	    691.6445	    519.53	    0.0	    00000000     00000000	   1	[       ]
349   	0     	      9	   NeutSmallDark	    693.5078	   1863.28	    0.0	    00000000     00000000	   1	[      6]
350   	0     	      5	    NegSmallDark	    695.6211	   2113.28	    0.0	    00000000     00000000	   1	[      2]
351   	0     	      5	    NegSmallDark	    698.1172	   2496.09	    0.0	    00000000     00000000	   1	[      2]
352   	0     	      5	    NegSmallDark	    700.2578	   2140.62	    0.0	    00000000     00000000	   1	[      2]
353   	0     	      4	    NegLargeDark	    702.6641	   2406.25	    0.0	    00000000     00000000	   1	[      1]
354   	0     	      7	  NegSmallBright	    704.8867	   2222.66	    0.0	    00000000     00000000	   1	[      4]
355   	0     	     11	 NeutSmallBright	    707.2734	   2386.72	    0.0	    00000000     00000000	   1	[      8]
356   	0     	     15	     condition15	    709.7656	   2492.19	    0.0	    00000000     00000000	   1	[       ]
357   	0     	      2	      condition2	    710.5508	    785.16	    0.0	    00000000     00000000	   1	[       ]
358   	0     	     13	     condition13	    712.0117	   1460.94	    0.0	    00000000     00000000	   1	[       ]
359   	0     	      2	      condition2	    712.6875	    675.78	    0.0	    00000000     00000000	   1	[       ]
360   	0     	      9	   NeutSmallDark	    714.2734	   1585.94	    0.0	    00000000     00000000	   1	[      6]
361   	0     	     10	 NeutLargeBright	    716.3672	   2093.75	    0.0	    00000000     00000000	   1	[      7]
362   	0     	     11	 NeutSmallBright	    718.7930	   2425.78	    0.0	    00000000     00000000	   1	[      8]
363   	0     	      9	   NeutSmallDark	    721.0781	   2285.16	    0.0	    00000000     00000000	   1	[      6]
364   	0     	     11	 NeutSmallBright	    723.5508	   2472.66	    0.0	    00000000     00000000	   1	[      8]
365   	0     	      6	  NegLargeBright	    725.6523	   2101.56	    0.0	    00000000     00000000	   1	[      3]
366   	0     	     11	 NeutSmallBright	    727.8867	   2234.38	    0.0	    00000000     00000000	   1	[      8]
367   	0     	     15	     condition15	    730.3242	   2437.50	    0.0	    00000000     00000000	   1	[       ]
368   	0     	      2	      condition2	    731.0430	    718.75	    0.0	    00000000     00000000	   1	[       ]
369   	0     	     11	 NeutSmallBright	    732.4570	   1414.06	    0.0	    00000000     00000000	   1	[      8]
370   	0     	      6	  NegLargeBright	    734.8594	   2402.34	    0.0	    00000000     00000000	   1	[      3]
371   	0     	     11	 NeutSmallBright	    737.3242	   2464.84	    0.0	    00000000     00000000	   1	[      8]
372   	0     	      8	   NeutLargeDark	    739.4688	   2144.53	    0.0	    00000000     00000000	   1	[      5]
373   	0     	     11	 NeutSmallBright	    741.8125	   2343.75	    0.0	    00000000     00000000	   1	[      8]
374   	0     	     12	     condition12	    743.9062	   2093.75	    0.0	    00000000     00000000	   1	[       ]
375   	0     	      2	      condition2	    744.4102	    503.91	    0.0	    00000000     00000000	   1	[       ]
376   	0     	     14	     condition14	    746.0898	   1679.69	    0.0	    00000000     00000000	   1	[       ]
377   	0     	      2	      condition2	    746.6875	    597.66	    0.0	    00000000     00000000	   1	[       ]
378   	0     	     10	 NeutLargeBright	    748.4141	   1726.56	    0.0	    00000000     00000000	   1	[      7]
379   	0     	      4	    NegLargeDark	    750.5469	   2132.81	    0.0	    00000000     00000000	   1	[      1]
380   	0     	     11	 NeutSmallBright	    753.0508	   2503.91	    0.0	    00000000     00000000	   1	[      8]
381   	0     	     10	 NeutLargeBright	    755.2656	   2214.84	    0.0	    00000000     00000000	   1	[      7]
382   	0     	     15	     condition15	    757.4102	   2144.53	    0.0	    00000000     00000000	   1	[       ]
383   	0     	      2	      condition2	    758.0938	    683.59	    0.0	    00000000     00000000	   1	[       ]
384   	0     	     11	 NeutSmallBright	    759.6836	   1589.84	    0.0	    00000000     00000000	   1	[      8]
385   	0     	      6	  NegLargeBright	    762.0977	   2414.06	    0.0	    00000000     00000000	   1	[      3]
386   	0     	     13	     condition13	    764.4414	   2343.75	    0.0	    00000000     00000000	   1	[       ]
387   	0     	      2	      condition2	    765.0625	    621.09	    0.0	    00000000     00000000	   1	[       ]
388   	0     	     14	     condition14	    766.6250	   1562.50	    0.0	    00000000     00000000	   1	[       ]
389   	0     	      2	      condition2	    767.2383	    613.28	    0.0	    00000000     00000000	   1	[       ]
390   	0     	      4	    NegLargeDark	    768.6992	   1460.94	    0.0	    00000000     00000000	   1	[      1]
391   	0     	      8	   NeutLargeDark	    770.8555	   2156.25	    0.0	    00000000     00000000	   1	[      5]
392   	0     	     15	     condition15	    773.0469	   2191.41	    0.0	    00000000     00000000	   1	[       ]
393   	0     	      2	      condition2	    773.8555	    808.59	    0.0	    00000000     00000000	   1	[       ]
394   	0     	      5	    NegSmallDark	    775.1328	   1277.34	    0.0	    00000000     00000000	   1	[      2]
395   	0     	     10	 NeutLargeBright	    777.2852	   2152.34	    0.0	    00000000     00000000	   1	[      7]
396   	0     	      6	  NegLargeBright	    779.3594	   2074.22	    0.0	    00000000     00000000	   1	[      3]
397   	0     	     11	 NeutSmallBright	    781.8047	   2445.31	    0.0	    00000000     00000000	   1	[      8]
398   	0     	     12	     condition12	    783.9570	   2152.34	    0.0	    00000000     00000000	   1	[       ]
399   	0     	      2	      condition2	    784.9453	    988.28	    0.0	    00000000     00000000	   1	[       ]
400   	0     	      4	    NegLargeDark	    786.1016	   1156.25	    0.0	    00000000     00000000	   1	[      1]
401   	0     	      8	   NeutLargeDark	    788.2930	   2191.41	    0.0	    00000000     00000000	   1	[      5]
402   	0     	      7	  NegSmallBright	    790.5664	   2273.44	    0.0	    00000000     00000000	   1	[      4]
403   	0     	      8	   NeutLargeDark	    792.7305	   2164.06	    0.0	    00000000     00000000	   1	[      5]
404   	0     	      8	   NeutLargeDark	    795.1562	   2425.78	    0.0	    00000000     00000000	   1	[      5]
405   	0     	      2	      condition2	    796.3125	   1156.25	    0.0	    00000000     00000000	   1	[       ]
406   	0     	    253	              ""	    797.5781	   1265.62	    0.0	    00000000     00000000	   1	[       ]
407   	0     	     15	     condition15	    798.5703	    992.19	    0.0	    00000000     00000000	   1	[       ]
408   	0     	      2	      condition2	    799.0898	    519.53	    0.0	    00000000     00000000	   1	[       ]
409   	0     	     12	     condition12	    800.7148	   1625.00	    0.0	    00000000     00000000	   1	[       ]
410   	0     	      2	      condition2	    801.2461	    531.25	    0.0	    00000000     00000000	   1	[       ]
411   	0     	     11	 NeutSmallBright	    802.7773	   1531.25	    0.0	    00000000     00000000	   1	[      8]
412   	0     	     11	 NeutSmallBright	    805.1250	   2347.66	    0.0	    00000000     00000000	   1	[      8]
413   	0     	      5	    NegSmallDark	    807.4570	   2332.03	    0.0	    00000000     00000000	   1	[      2]
414   	0     	     10	 NeutLargeBright	    809.9727	   2515.62	    0.0	    00000000     00000000	   1	[      7]
415   	0     	      8	   NeutLargeDark	    812.2852	   2312.50	    0.0	    00000000     00000000	   1	[      5]
416   	0     	     10	 NeutLargeBright	    814.5898	   2304.69	    0.0	    00000000     00000000	   1	[      7]
417   	0     	      6	  NegLargeBright	    816.8320	   2242.19	    0.0	    00000000     00000000	   1	[      3]
418   	0     	     11	 NeutSmallBright	    818.9766	   2144.53	    0.0	    00000000     00000000	   1	[      8]
419   	0     	      4	    NegLargeDark	    821.4805	   2503.91	    0.0	    00000000     00000000	   1	[      1]
420   	0     	      7	  NegSmallBright	    823.5664	   2085.94	    0.0	    00000000     00000000	   1	[      4]
421   	0     	      6	  NegLargeBright	    826.0312	   2464.84	    0.0	    00000000     00000000	   1	[      3]
422   	0     	     13	     condition13	    828.4141	   2382.81	    0.0	    00000000     00000000	   1	[       ]
423   	0     	      2	      condition2	    829.0078	    593.75	    0.0	    00000000     00000000	   1	[       ]
424   	0     	      7	  NegSmallBright	    830.5391	   1531.25	    0.0	    00000000     00000000	   1	[      4]
425   	0     	     10	 NeutLargeBright	    832.9609	   2421.88	    0.0	    00000000     00000000	   1	[      7]
426   	0     	     13	     condition13	    835.3672	   2406.25	    0.0	    00000000     00000000	   1	[       ]
427   	0     	      2	      condition2	    835.9102	    542.97	    0.0	    00000000     00000000	   1	[       ]
428   	0     	     10	 NeutLargeBright	    837.5508	   1640.62	    0.0	    00000000     00000000	   1	[      7]
429   	0     	     10	 NeutLargeBright	    839.6641	   2113.28	    0.0	    00000000     00000000	   1	[      7]
430   	0     	      5	    NegSmallDark	    841.9766	   2312.50	    0.0	    00000000     00000000	   1	[      2]
431   	0     	      5	    NegSmallDark	    844.2617	   2285.16	    0.0	    00000000     00000000	   1	[      2]
432   	0     	     11	 NeutSmallBright	    846.3242	   2062.50	    0.0	    00000000     00000000	   1	[      8]
433   	0     	      4	    NegLargeDark	    848.5586	   2234.38	    0.0	    00000000     00000000	   1	[      1]
434   	0     	     14	     condition14	    850.8125	   2253.91	    0.0	    00000000     00000000	   1	[       ]
435   	0     	      2	      condition2	    851.6602	    847.66	    0.0	    00000000     00000000	   1	[       ]
436   	0     	      7	  NegSmallBright	    852.8359	   1175.78	    0.0	    00000000     00000000	   1	[      4]
437   	0     	      9	   NeutSmallDark	    855.1211	   2285.16	    0.0	    00000000     00000000	   1	[      6]
438   	0     	      2	      condition2	    856.6562	   1535.16	    0.0	    00000000     00000000	   1	[       ]
439   	0     	      5	    NegSmallDark	    857.1836	    527.34	    0.0	    00000000     00000000	   1	[      2]
440   	0     	      5	    NegSmallDark	    859.2695	   2085.94	    0.0	    00000000     00000000	   1	[      2]
441   	0     	      4	    NegLargeDark	    861.4102	   2140.62	    0.0	    00000000     00000000	   1	[      1]
442   	0     	      8	   NeutLargeDark	    863.5469	   2136.72	    0.0	    00000000     00000000	   1	[      5]
443   	0     	      6	  NegLargeBright	    866.0508	   2503.91	    0.0	    00000000     00000000	   1	[      3]
444   	0     	      7	  NegSmallBright	    868.1133	   2062.50	    0.0	    00000000     00000000	   1	[      4]
445   	0     	      7	  NegSmallBright	    870.2188	   2105.47	    0.0	    00000000     00000000	   1	[      4]
446   	0     	      5	    NegSmallDark	    872.4219	   2203.12	    0.0	    00000000     00000000	   1	[      2]
447   	0     	     11	 NeutSmallBright	    874.5234	   2101.56	    0.0	    00000000     00000000	   1	[      8]
448   	0     	      5	    NegSmallDark	    876.9492	   2425.78	    0.0	    00000000     00000000	   1	[      2]
449   	0     	      7	  NegSmallBright	    879.3633	   2414.06	    0.0	    00000000     00000000	   1	[      4]
450   	0     	      5	    NegSmallDark	    881.7695	   2406.25	    0.0	    00000000     00000000	   1	[      2]
451   	0     	      8	   NeutLargeDark	    884.2227	   2453.12	    0.0	    00000000     00000000	   1	[      5]
452   	0     	     11	 NeutSmallBright	    886.6953	   2472.66	    0.0	    00000000     00000000	   1	[      8]
453   	0     	      5	    NegSmallDark	    888.7305	   2035.16	    0.0	    00000000     00000000	   1	[      2]
454   	0     	     15	     condition15	    891.1836	   2453.12	    0.0	    00000000     00000000	   1	[       ]
455   	0     	      2	      condition2	    891.9727	    789.06	    0.0	    00000000     00000000	   1	[       ]
456   	0     	      8	   NeutLargeDark	    893.5078	   1535.16	    0.0	    00000000     00000000	   1	[      5]
457   	0     	      4	    NegLargeDark	    896.0312	   2523.44	    0.0	    00000000     00000000	   1	[      1]
458   	0     	     12	     condition12	    898.1367	   2105.47	    0.0	    00000000     00000000	   1	[       ]
459   	0     	      2	      condition2	    898.7578	    621.09	    0.0	    00000000     00000000	   1	[       ]
460   	0     	      8	   NeutLargeDark	    900.4297	   1671.88	    0.0	    00000000     00000000	   1	[      5]
461   	0     	     13	     condition13	    902.6758	   2246.09	    0.0	    00000000     00000000	   1	[       ]
462   	0     	      2	      condition2	    903.2227	    546.88	    0.0	    00000000     00000000	   1	[       ]
463   	0     	     15	     condition15	    905.0898	   1867.19	    0.0	    00000000     00000000	   1	[       ]
464   	0     	      2	      condition2	    905.7578	    667.97	    0.0	    00000000     00000000	   1	[       ]
465   	0     	      4	    NegLargeDark	    907.3945	   1636.72	    0.0	    00000000     00000000	   1	[      1]
466   	0     	      7	  NegSmallBright	    909.8984	   2503.91	    0.0	    00000000     00000000	   1	[      4]
467   	0     	     10	 NeutLargeBright	    912.3711	   2472.66	    0.0	    00000000     00000000	   1	[      7]
468   	0     	     10	 NeutLargeBright	    914.8164	   2445.31	    0.0	    00000000     00000000	   1	[      7]
469   	0     	      4	    NegLargeDark	    916.9180	   2101.56	    0.0	    00000000     00000000	   1	[      1]
470   	0     	     11	 NeutSmallBright	    919.2344	   2316.41	    0.0	    00000000     00000000	   1	[      8]
471   	0     	      7	  NegSmallBright	    921.3984	   2164.06	    0.0	    00000000     00000000	   1	[      4]
472   	0     	      9	   NeutSmallDark	    923.6016	   2203.12	    0.0	    00000000     00000000	   1	[      6]
473   	0     	      8	   NeutLargeDark	    925.8242	   2222.66	    0.0	    00000000     00000000	   1	[      5]
474   	0     	      7	  NegSmallBright	    927.9102	   2085.94	    0.0	    00000000     00000000	   1	[      4]
475   	0     	      9	   NeutSmallDark	    930.2344	   2324.22	    0.0	    00000000     00000000	   1	[      6]
476   	0     	      9	   NeutSmallDark	    932.5586	   2324.22	    0.0	    00000000     00000000	   1	[      6]
477   	0     	      6	  NegLargeBright	    934.8398	   2281.25	    0.0	    00000000     00000000	   1	[      3]
478   	0     	      8	   NeutLargeDark	    936.8828	   2042.97	    0.0	    00000000     00000000	   1	[      5]
479   	0     	      7	  NegSmallBright	    939.2188	   2335.94	    0.0	    00000000     00000000	   1	[      4]
480   	0     	      6	  NegLargeBright	    941.3633	   2144.53	    0.0	    00000000     00000000	   1	[      3]
481   	0     	     10	 NeutLargeBright	    943.7266	   2363.28	    0.0	    00000000     00000000	   1	[      7]
482   	0     	      8	   NeutLargeDark	    946.1914	   2464.84	    0.0	    00000000     00000000	   1	[      5]
483   	0     	      5	    NegSmallDark	    948.5430	   2351.56	    0.0	    00000000     00000000	   1	[      2]
484   	0     	     15	     condition15	    950.8477	   2304.69	    0.0	    00000000     00000000	   1	[       ]
485   	0     	      2	      condition2	    951.7383	    890.62	    0.0	    00000000     00000000	   1	[       ]
486   	0     	     10	 NeutLargeBright	    953.1211	   1382.81	    0.0	    00000000     00000000	   1	[      7]
487   	0     	     13	     condition13	    955.3867	   2265.62	    0.0	    00000000     00000000	   1	[       ]
488   	0     	      2	      condition2	    955.9258	    539.06	    0.0	    00000000     00000000	   1	[       ]
489   	0     	     12	     condition12	    958.2422	   2316.41	    0.0	    00000000     00000000	   1	[       ]
490   	0     	      2	      condition2	    958.7539	    511.72	    0.0	    00000000     00000000	   1	[       ]
491   	0     	      9	   NeutSmallDark	    960.5352	   1781.25	    0.0	    00000000     00000000	   1	[      6]
492   	0     	      7	  NegSmallBright	    962.7891	   2253.91	    0.0	    00000000     00000000	   1	[      4]
493   	0     	     14	     condition14	    965.0430	   2253.91	    0.0	    00000000     00000000	   1	[       ]
494   	0     	      2	      condition2	    965.6055	    562.50	    0.0	    00000000     00000000	   1	[       ]
495   	0     	      4	    NegLargeDark	    967.1680	   1562.50	    0.0	    00000000     00000000	   1	[      1]
496   	0     	      6	  NegLargeBright	    969.3906	   2222.66	    0.0	    00000000     00000000	   1	[      3]
497   	0     	     13	     condition13	    971.4258	   2035.16	    0.0	    00000000     00000000	   1	[       ]
498   	0     	      2	      condition2	    972.0000	    574.22	    0.0	    00000000     00000000	   1	[       ]
499   	0     	     10	 NeutLargeBright	    973.5703	   1570.31	    0.0	    00000000     00000000	   1	[      7]
500   	0     	      4	    NegLargeDark	    976.0742	   2503.91	    0.0	    00000000     00000000	   1	[      1]
501   	0     	     13	     condition13	    978.4297	   2355.47	    0.0	    00000000     00000000	   1	[       ]
502   	0     	      2	      condition2	    979.0195	    589.84	    0.0	    00000000     00000000	   1	[       ]
503   	0     	      9	   NeutSmallDark	    980.6641	   1644.53	    0.0	    00000000     00000000	   1	[      6]
504   	0     	      8	   NeutLargeDark	    983.1758	   2511.72	    0.0	    00000000     00000000	   1	[      5]
505   	0     	      4	    NegLargeDark	    985.6602	   2484.38	    0.0	    00000000     00000000	   1	[      1]
506   	0     	      8	   NeutLargeDark	    988.1250	   2464.84	    0.0	    00000000     00000000	   1	[      5]
507   	0     	     11	 NeutSmallBright	    990.6211	   2496.09	    0.0	    00000000     00000000	   1	[      8]
508   	0     	     12	     condition12	    992.8125	   2191.41	    0.0	    00000000     00000000	   1	[       ]
509   	0     	      2	      condition2	    993.4219	    609.38	    0.0	    00000000     00000000	   1	[       ]
510   	0     	      6	  NegLargeBright	    995.0977	   1675.78	    0.0	    00000000     00000000	   1	[      3]
511   	0     	     12	     condition12	    997.2422	   2144.53	    0.0	    00000000     00000000	   1	[       ]
512   	0     	      2	      condition2	    997.7930	    550.78	    0.0	    00000000     00000000	   1	[       ]
513   	0     	     12	     condition12	    999.4336	   1640.62	    0.0	    00000000     00000000	   1	[       ]
514   	0     	      2	      condition2	   1000.0000	    566.41	    0.0	    00000000     00000000	   1	[       ]
515   	0     	      8	   NeutLargeDark	   1001.7109	   1710.94	    0.0	    00000000     00000000	   1	[      5]
516   	0     	      4	    NegLargeDark	   1003.8828	   2171.88	    0.0	    00000000     00000000	   1	[      1]
517   	0     	      8	   NeutLargeDark	   1006.4180	   2535.16	    0.0	    00000000     00000000	   1	[      5]
518   	0     	      6	  NegLargeBright	   1008.5117	   2093.75	    0.0	    00000000     00000000	   1	[      3]
519   	0     	      4	    NegLargeDark	   1010.8750	   2363.28	    0.0	    00000000     00000000	   1	[      1]
520   	0     	     10	 NeutLargeBright	   1013.2578	   2382.81	    0.0	    00000000     00000000	   1	[      7]
521   	0     	      4	    NegLargeDark	   1015.3125	   2054.69	    0.0	    00000000     00000000	   1	[      1]
522   	0     	      4	    NegLargeDark	   1017.6562	   2343.75	    0.0	    00000000     00000000	   1	[      1]
523   	0     	      4	    NegLargeDark	   1019.8711	   2214.84	    0.0	    00000000     00000000	   1	[      1]
524   	0     	      5	    NegSmallDark	   1022.0547	   2183.59	    0.0	    00000000     00000000	   1	[      2]
525   	0     	      9	   NeutSmallDark	   1024.3789	   2324.22	    0.0	    00000000     00000000	   1	[      6]
526   	0     	      8	   NeutLargeDark	   1026.6445	   2265.62	    0.0	    00000000     00000000	   1	[      5]
527   	0     	      4	    NegLargeDark	   1028.6875	   2042.97	    0.0	    00000000     00000000	   1	[      1]
528   	0     	     11	 NeutSmallBright	   1030.7812	   2093.75	    0.0	    00000000     00000000	   1	[      8]
529   	0     	     15	     condition15	   1033.2227	   2441.41	    0.0	    00000000     00000000	   1	[       ]
530   	0     	      2	      condition2	   1034.1289	    906.25	    0.0	    00000000     00000000	   1	[       ]
531   	0     	      7	  NegSmallBright	   1035.6289	   1500.00	    0.0	    00000000     00000000	   1	[      4]
532   	0     	      5	    NegSmallDark	   1037.9844	   2355.47	    0.0	    00000000     00000000	   1	[      2]
533   	0     	     11	 NeutSmallBright	   1040.3086	   2324.22	    0.0	    00000000     00000000	   1	[      8]
534   	0     	      9	   NeutSmallDark	   1042.6523	   2343.75	    0.0	    00000000     00000000	   1	[      6]
535   	0     	      7	  NegSmallBright	   1045.0234	   2371.09	    0.0	    00000000     00000000	   1	[      4]
536   	0     	     11	 NeutSmallBright	   1047.1289	   2105.47	    0.0	    00000000     00000000	   1	[      8]
537   	0     	      7	  NegSmallBright	   1049.4648	   2335.94	    0.0	    00000000     00000000	   1	[      4]
538   	0     	      7	  NegSmallBright	   1051.5469	   2082.03	    0.0	    00000000     00000000	   1	[      4]
539   	0     	      7	  NegSmallBright	   1053.7109	   2164.06	    0.0	    00000000     00000000	   1	[      4]
540   	0     	      8	   NeutLargeDark	   1056.1562	   2445.31	    0.0	    00000000     00000000	   1	[      5]
541   	0     	      5	    NegSmallDark	   1058.6172	   2460.94	    0.0	    00000000     00000000	   1	[      2]
542   	0     	      9	   NeutSmallDark	   1060.9336	   2316.41	    0.0	    00000000     00000000	   1	[      6]
543   	0     	      9	   NeutSmallDark	   1062.9648	   2031.25	    0.0	    00000000     00000000	   1	[      6]
544   	0     	      5	    NegSmallDark	   1065.1797	   2214.84	    0.0	    00000000     00000000	   1	[      2]
545   	0     	      5	    NegSmallDark	   1067.5430	   2363.28	    0.0	    00000000     00000000	   1	[      2]
546   	0     	      6	  NegLargeBright	   1069.9805	   2437.50	    0.0	    00000000     00000000	   1	[      3]
547   	0     	     12	     condition12	   1072.0430	   2062.50	    0.0	    00000000     00000000	   1	[       ]
548   	0     	      2	      condition2	   1072.6758	    632.81	    0.0	    00000000     00000000	   1	[       ]
549   	0     	     14	     condition14	   1074.2070	   1531.25	    0.0	    00000000     00000000	   1	[       ]
550   	0     	      2	      condition2	   1075.1484	    941.41	    0.0	    00000000     00000000	   1	[       ]
551   	0     	      6	  NegLargeBright	   1076.4805	   1332.03	    0.0	    00000000     00000000	   1	[      3]
552   	0     	     11	 NeutSmallBright	   1078.9766	   2496.09	    0.0	    00000000     00000000	   1	[      8]
553   	0     	      9	   NeutSmallDark	   1081.0898	   2113.28	    0.0	    00000000     00000000	   1	[      6]
554   	0     	     11	 NeutSmallBright	   1083.3125	   2222.66	    0.0	    00000000     00000000	   1	[      8]
555   	0     	     10	 NeutLargeBright	   1085.8164	   2503.91	    0.0	    00000000     00000000	   1	[      7]
556   	0     	      6	  NegLargeBright	   1088.2930	   2476.56	    0.0	    00000000     00000000	   1	[      3]
557   	0     	      6	  NegLargeBright	   1090.5234	   2230.47	    0.0	    00000000     00000000	   1	[      3]
558   	0     	      7	  NegSmallBright	   1092.9805	   2457.03	    0.0	    00000000     00000000	   1	[      4]
559   	0     	     11	 NeutSmallBright	   1095.3828	   2402.34	    0.0	    00000000     00000000	   1	[      8]
560   	0     	      9	   NeutSmallDark	   1097.7266	   2343.75	    0.0	    00000000     00000000	   1	[      6]
561   	0     	      9	   NeutSmallDark	   1100.2109	   2484.38	    0.0	    00000000     00000000	   1	[      6]
562   	0     	     11	 NeutSmallBright	   1102.6250	   2414.06	    0.0	    00000000     00000000	   1	[      8]
563   	0     	     11	 NeutSmallBright	   1105.0586	   2433.59	    0.0	    00000000     00000000	   1	[      8]
564   	0     	      4	    NegLargeDark	   1107.2656	   2207.03	    0.0	    00000000     00000000	   1	[      1]
565   	0     	      5	    NegSmallDark	   1109.6680	   2402.34	    0.0	    00000000     00000000	   1	[      2]
566   	0     	      6	  NegLargeBright	   1111.7617	   2093.75	    0.0	    00000000     00000000	   1	[      3]
567   	0     	      8	   NeutLargeDark	   1113.8477	   2085.94	    0.0	    00000000     00000000	   1	[      5]
568   	0     	     12	     condition12	   1116.2500	   2402.34	    0.0	    00000000     00000000	   1	[       ]
569   	0     	      2	      condition2	   1116.7539	    503.91	    0.0	    00000000     00000000	   1	[       ]
570   	0     	     13	     condition13	   1119.0625	   2308.59	    0.0	    00000000     00000000	   1	[       ]
571   	0     	      2	      condition2	   1119.5352	    472.66	    0.0	    00000000     00000000	   1	[       ]
572   	0     	      4	    NegLargeDark	   1121.4062	   1871.09	    0.0	    00000000     00000000	   1	[      1]
573   	0     	      4	    NegLargeDark	   1123.5625	   2156.25	    0.0	    00000000     00000000	   1	[      1]
574   	0     	      5	    NegSmallDark	   1125.7969	   2234.38	    0.0	    00000000     00000000	   1	[      2]
575   	0     	      7	  NegSmallBright	   1127.8984	   2101.56	    0.0	    00000000     00000000	   1	[      4]
576   	0     	      6	  NegLargeBright	   1130.4141	   2515.62	    0.0	    00000000     00000000	   1	[      3]
577   	0     	      6	  NegLargeBright	   1132.4688	   2054.69	    0.0	    00000000     00000000	   1	[      3]
578   	0     	      7	  NegSmallBright	   1134.7500	   2281.25	    0.0	    00000000     00000000	   1	[      4]
579   	0     	      4	    NegLargeDark	   1136.8555	   2105.47	    0.0	    00000000     00000000	   1	[      1]
580   	0     	     11	 NeutSmallBright	   1139.3086	   2453.12	    0.0	    00000000     00000000	   1	[      8]
581   	0     	      5	    NegSmallDark	   1141.4922	   2183.59	    0.0	    00000000     00000000	   1	[      2]
582   	0     	     15	     condition15	   1143.5469	   2054.69	    0.0	    00000000     00000000	   1	[       ]
583   	0     	      2	      condition2	   1144.2461	    699.22	    0.0	    00000000     00000000	   1	[       ]
584   	0     	      7	  NegSmallBright	   1145.8906	   1644.53	    0.0	    00000000     00000000	   1	[      4]
585   	0     	      7	  NegSmallBright	   1148.0859	   2195.31	    0.0	    00000000     00000000	   1	[      4]
586   	0     	      8	   NeutLargeDark	   1150.4492	   2363.28	    0.0	    00000000     00000000	   1	[      5]
587   	0     	     11	 NeutSmallBright	   1152.5508	   2101.56	    0.0	    00000000     00000000	   1	[      8]
588   	0     	      8	   NeutLargeDark	   1154.7266	   2175.78	    0.0	    00000000     00000000	   1	[      5]
589   	0     	      7	  NegSmallBright	   1157.2422	   2515.62	    0.0	    00000000     00000000	   1	[      4]
590   	0     	     11	 NeutSmallBright	   1159.6133	   2371.09	    0.0	    00000000     00000000	   1	[      8]
591   	0     	      6	  NegLargeBright	   1162.0195	   2406.25	    0.0	    00000000     00000000	   1	[      3]
592   	0     	      6	  NegLargeBright	   1164.4648	   2445.31	    0.0	    00000000     00000000	   1	[      3]
593   	0     	     11	 NeutSmallBright	   1166.6055	   2140.62	    0.0	    00000000     00000000	   1	[      8]
594   	0     	     14	     condition14	   1168.9414	   2335.94	    0.0	    00000000     00000000	   1	[       ]
595   	0     	      2	      condition2	   1169.7109	    769.53	    0.0	    00000000     00000000	   1	[       ]
596   	0     	      8	   NeutLargeDark	   1171.2734	   1562.50	    0.0	    00000000     00000000	   1	[      5]
597   	0     	      7	  NegSmallBright	   1173.4805	   2207.03	    0.0	    00000000     00000000	   1	[      4]
598   	0     	     14	     condition14	   1175.9023	   2421.88	    0.0	    00000000     00000000	   1	[       ]
599   	0     	      2	      condition2	   1176.5039	    601.56	    0.0	    00000000     00000000	   1	[       ]
600   	0     	      6	  NegLargeBright	   1177.9453	   1441.41	    0.0	    00000000     00000000	   1	[      3]
601   	0     	      7	  NegSmallBright	   1180.2812	   2335.94	    0.0	    00000000     00000000	   1	[      4]
602   	0     	      4	    NegLargeDark	   1182.7656	   2484.38	    0.0	    00000000     00000000	   1	[      1]
603   	0     	      8	   NeutLargeDark	   1185.2500	   2484.38	    0.0	    00000000     00000000	   1	[      5]
604   	0     	      5	    NegSmallDark	   1187.5156	   2265.62	    0.0	    00000000     00000000	   1	[      2]
605   	0     	      5	    NegSmallDark	   1189.5977	   2082.03	    0.0	    00000000     00000000	   1	[      2]
606   	0     	     11	 NeutSmallBright	   1191.6328	   2035.16	    0.0	    00000000     00000000	   1	[      8]
607   	0     	      4	    NegLargeDark	   1194.0742	   2441.41	    0.0	    00000000     00000000	   1	[      1]
608   	0     	     11	 NeutSmallBright	   1196.3594	   2285.16	    0.0	    00000000     00000000	   1	[      8]
609   	0     	      4	    NegLargeDark	   1198.6523	   2292.97	    0.0	    00000000     00000000	   1	[      1]
610   	0     	     12	     condition12	   1200.9062	   2253.91	    0.0	    00000000     00000000	   1	[       ]
611   	0     	      2	      condition2	   1201.4453	    539.06	    0.0	    00000000     00000000	   1	[       ]
612   	0     	      7	  NegSmallBright	   1203.0312	   1585.94	    0.0	    00000000     00000000	   1	[      4]
613   	0     	     15	     condition15	   1205.2266	   2195.31	    0.0	    00000000     00000000	   1	[       ]
614   	0     	      2	      condition2	   1205.8125	    585.94	    0.0	    00000000     00000000	   1	[       ]
615   	0     	     11	 NeutSmallBright	   1207.4180	   1605.47	    0.0	    00000000     00000000	   1	[      8]
616   	0     	      6	  NegLargeBright	   1209.5625	   2144.53	    0.0	    00000000     00000000	   1	[      3]
617   	0     	     11	 NeutSmallBright	   1211.9180	   2355.47	    0.0	    00000000     00000000	   1	[      8]
618   	0     	      8	   NeutLargeDark	   1214.0195	   2101.56	    0.0	    00000000     00000000	   1	[      5]
619   	0     	      7	  NegSmallBright	   1216.4141	   2394.53	    0.0	    00000000     00000000	   1	[      4]
620   	0     	      4	    NegLargeDark	   1218.9102	   2496.09	    0.0	    00000000     00000000	   1	[      1]
621   	0     	     10	 NeutLargeBright	   1221.3516	   2441.41	    0.0	    00000000     00000000	   1	[      7]
622   	0     	      9	   NeutSmallDark	   1223.5469	   2195.31	    0.0	    00000000     00000000	   1	[      6]
623   	0     	      8	   NeutLargeDark	   1225.6094	   2062.50	    0.0	    00000000     00000000	   1	[      5]
624   	0     	     11	 NeutSmallBright	   1227.9531	   2343.75	    0.0	    00000000     00000000	   1	[      8]
625   	0     	      5	    NegSmallDark	   1230.0781	   2125.00	    0.0	    00000000     00000000	   1	[      2]
626   	0     	      9	   NeutSmallDark	   1232.2734	   2195.31	    0.0	    00000000     00000000	   1	[      6]
627   	0     	      5	    NegSmallDark	   1234.6875	   2414.06	    0.0	    00000000     00000000	   1	[      2]
628   	0     	     11	 NeutSmallBright	   1237.1797	   2492.19	    0.0	    00000000     00000000	   1	[      8]
629   	0     	      9	   NeutSmallDark	   1239.2031	   2023.44	    0.0	    00000000     00000000	   1	[      6]
630   	0     	      6	  NegLargeBright	   1241.2578	   2054.69	    0.0	    00000000     00000000	   1	[      3]
631   	0     	     12	     condition12	   1243.5312	   2273.44	    0.0	    00000000     00000000	   1	[       ]
632   	0     	      2	      condition2	   1244.1992	    667.97	    0.0	    00000000     00000000	   1	[       ]
633   	0     	      8	   NeutLargeDark	   1245.6758	   1476.56	    0.0	    00000000     00000000	   1	[      5]
634   	0     	      5	    NegSmallDark	   1247.9492	   2273.44	    0.0	    00000000     00000000	   1	[      2]
635   	0     	      7	  NegSmallBright	   1250.1250	   2175.78	    0.0	    00000000     00000000	   1	[      4]
636   	0     	      5	    NegSmallDark	   1252.6289	   2503.91	    0.0	    00000000     00000000	   1	[      2]
637   	0     	     12	     condition12	   1254.6914	   2062.50	    0.0	    00000000     00000000	   1	[       ]
638   	0     	      2	      condition2	   1255.2461	    554.69	    0.0	    00000000     00000000	   1	[       ]
639   	0     	     14	     condition14	   1256.8047	   1558.59	    0.0	    00000000     00000000	   1	[       ]
640   	0     	      2	      condition2	   1257.4180	    613.28	    0.0	    00000000     00000000	   1	[       ]
641   	0     	      5	    NegSmallDark	   1259.2578	   1839.84	    0.0	    00000000     00000000	   1	[      2]
642   	0     	     13	     condition13	   1261.5430	   2285.16	    0.0	    00000000     00000000	   1	[       ]
643   	0     	      2	      condition2	   1262.2539	    710.94	    0.0	    00000000     00000000	   1	[       ]
644   	0     	     10	 NeutLargeBright	   1263.7188	   1464.84	    0.0	    00000000     00000000	   1	[      7]
645   	0     	     12	     condition12	   1266.1328	   2414.06	    0.0	    00000000     00000000	   1	[       ]
646   	0     	      2	      condition2	   1266.6797	    546.88	    0.0	    00000000     00000000	   1	[       ]
647   	0     	      5	    NegSmallDark	   1268.6055	   1925.78	    0.0	    00000000     00000000	   1	[      2]
648   	0     	      5	    NegSmallDark	   1270.6992	   2093.75	    0.0	    00000000     00000000	   1	[      2]
649   	0     	      8	   NeutLargeDark	   1273.0234	   2324.22	    0.0	    00000000     00000000	   1	[      5]
650   	0     	      4	    NegLargeDark	   1275.2969	   2273.44	    0.0	    00000000     00000000	   1	[      1]
