#  Non-editable header begin --------------------------------------------------------------------------------
# 
#  data format...............: continuous
#  setname...................: BDF file
#  filename..................: none_specified
#  filepath..................: none_specified
#  nchan.....................: 64
#  pnts......................: 328192
#  srate.....................: 256
#  nevents...................: 642
#  generated by (bdf)........: 
#  generated by (set)........: BDF file
#  reported in ..............: 
#  prog Version..............: 8.02
#  creation date.............: 18-Nov-2020 17:04:32
#  user Account..............: 
# 
#  Non-editable header end --------------------------------------------------------------------------------

	bin 1,	# 60,	NegLargeDark
	bin 2,	# 60,	NegSmallDark
	bin 3,	# 60,	NegLargeBright
	bin 4,	# 59,	NegSmallBright
	bin 5,	# 60,	NeutLargeDark
	bin 6,	# 60,	NeutSmallDark
	bin 7,	# 60,	NeutLargeBright
	bin 8,	# 60,	NeutSmallBright



# item	 bepoch	  ecode	            label	      onset	          diff	     dura	b_flags	   a_flags	  enable	    bin
#                                                 (sec)           (msec)     (msec)    (binary)   (binary)


1     	0     	    253	              ""	      0.8438	      0.00	    0.0	    00000000     00000000	   1	[       ]
2     	0     	      4	    NegLargeDark	      1.8438	   1000.00	    0.0	    00000000     00000000	   1	[      1]
3     	0     	     10	 NeutLargeBright	      4.1484	   2304.69	    0.0	    00000000     00000000	   1	[      7]
4     	0     	      8	   NeutLargeDark	      6.2344	   2085.94	    0.0	    00000000     00000000	   1	[      5]
5     	0     	      8	   NeutLargeDark	      8.5078	   2273.44	    0.0	    00000000     00000000	   1	[      5]
6     	0     	     14	     condition14	     10.8008	   2292.97	    0.0	    00000000     00000000	   1	[       ]
7     	0     	      2	      condition2	     11.4883	    687.50	    0.0	    00000000     00000000	   1	[       ]
8     	0     	      9	   NeutSmallDark	     13.1758	   1687.50	    0.0	    00000000     00000000	   1	[      6]
9     	0     	      9	   NeutSmallDark	     15.2969	   2121.09	    0.0	    00000000     00000000	   1	[      6]
10    	0     	      7	  NegSmallBright	     17.7422	   2445.31	    0.0	    00000000     00000000	   1	[      4]
11    	0     	      9	   NeutSmallDark	     19.9883	   2246.09	    0.0	    00000000     00000000	   1	[      6]
12    	0     	      4	    NegLargeDark	     22.3594	   2371.09	    0.0	    00000000     00000000	   1	[      1]
13    	0     	      4	    NegLargeDark	     24.6133	   2253.91	    0.0	    00000000     00000000	   1	[      1]
14    	0     	     11	 NeutSmallBright	     26.9180	   2304.69	    0.0	    00000000     00000000	   1	[      8]
15    	0     	     10	 NeutLargeBright	     28.9609	   2042.97	    0.0	    00000000     00000000	   1	[      7]
16    	0     	      7	  NegSmallBright	     31.1562	   2195.31	    0.0	    00000000     00000000	   1	[      4]
17    	0     	      4	    NegLargeDark	     33.5625	   2406.25	    0.0	    00000000     00000000	   1	[      1]
18    	0     	     10	 NeutLargeBright	     35.9141	   2351.56	    0.0	    00000000     00000000	   1	[      7]
19    	0     	      2	      condition2	     36.7461	    832.03	    0.0	    00000000     00000000	   1	[       ]
20    	0     	      7	  NegSmallBright	     38.0078	   1261.72	    0.0	    00000000     00000000	   1	[      4]
21    	0     	      5	    NegSmallDark	     40.5312	   2523.44	    0.0	    00000000     00000000	   1	[      2]
22    	0     	      9	   NeutSmallDark	     42.7383	   2207.03	    0.0	    00000000     00000000	   1	[      6]
23    	0     	      5	    NegSmallDark	     44.9492	   2210.94	    0.0	    00000000     00000000	   1	[      2]
24    	0     	      5	    NegSmallDark	     47.0547	   2105.47	    0.0	    00000000     00000000	   1	[      2]
25    	0     	     10	 NeutLargeBright	     49.2773	   2222.66	    0.0	    00000000     00000000	   1	[      7]
26    	0     	      8	   NeutLargeDark	     51.3320	   2054.69	    0.0	    00000000     00000000	   1	[      5]
27    	0     	      6	  NegLargeBright	     53.6562	   2324.22	    0.0	    00000000     00000000	   1	[      3]
28    	0     	      9	   NeutSmallDark	     56.1602	   2503.91	    0.0	    00000000     00000000	   1	[      6]
29    	0     	     10	 NeutLargeBright	     58.5742	   2414.06	    0.0	    00000000     00000000	   1	[      7]
30    	0     	      6	  NegLargeBright	     60.9102	   2335.94	    0.0	    00000000     00000000	   1	[      3]
31    	0     	      8	   NeutLargeDark	     63.2109	   2300.78	    0.0	    00000000     00000000	   1	[      5]
32    	0     	      7	  NegSmallBright	     65.3281	   2117.19	    0.0	    00000000     00000000	   1	[      4]
33    	0     	      7	  NegSmallBright	     67.6016	   2273.44	    0.0	    00000000     00000000	   1	[      4]
34    	0     	      6	  NegLargeBright	     69.8750	   2273.44	    0.0	    00000000     00000000	   1	[      3]
35    	0     	      4	    NegLargeDark	     71.9375	   2062.50	    0.0	    00000000     00000000	   1	[      1]
36    	0     	      5	    NegSmallDark	     74.3125	   2375.00	    0.0	    00000000     00000000	   1	[      2]
37    	0     	     10	 NeutLargeBright	     76.5547	   2242.19	    0.0	    00000000     00000000	   1	[      7]
38    	0     	      4	    NegLargeDark	     79.0391	   2484.38	    0.0	    00000000     00000000	   1	[      1]
39    	0     	      6	  NegLargeBright	     81.3828	   2343.75	    0.0	    00000000     00000000	   1	[      3]
40    	0     	     11	 NeutSmallBright	     83.5000	   2117.19	    0.0	    00000000     00000000	   1	[      8]
41    	0     	      4	    NegLargeDark	     85.9336	   2433.59	    0.0	    00000000     00000000	   1	[      1]
42    	0     	      4	    NegLargeDark	     88.3750	   2441.41	    0.0	    00000000     00000000	   1	[      1]
43    	0     	      5	    NegSmallDark	     90.7930	   2417.97	    0.0	    00000000     00000000	   1	[      2]
44    	0     	      6	  NegLargeBright	     92.9531	   2160.16	    0.0	    00000000     00000000	   1	[      3]
45    	0     	      8	   NeutLargeDark	     95.2383	   2285.16	    0.0	    00000000     00000000	   1	[      5]
46    	0     	      7	  NegSmallBright	     97.6250	   2386.72	    0.0	    00000000     00000000	   1	[      4]
47    	0     	      6	  NegLargeBright	     99.8984	   2273.44	    0.0	    00000000     00000000	   1	[      3]
48    	0     	     13	     condition13	    102.1016	   2203.12	    0.0	    00000000     00000000	   1	[       ]
49    	0     	      2	      condition2	    102.6133	    511.72	    0.0	    00000000     00000000	   1	[       ]
50    	0     	      5	    NegSmallDark	    104.1836	   1570.31	    0.0	    00000000     00000000	   1	[      2]
51    	0     	      9	   NeutSmallDark	    106.3789	   2195.31	    0.0	    00000000     00000000	   1	[      6]
52    	0     	      6	  NegLargeBright	    108.7227	   2343.75	    0.0	    00000000     00000000	   1	[      3]
53    	0     	     10	 NeutLargeBright	    111.1367	   2414.06	    0.0	    00000000     00000000	   1	[      7]
54    	0     	      7	  NegSmallBright	    113.2305	   2093.75	    0.0	    00000000     00000000	   1	[      4]
55    	0     	      4	    NegLargeDark	    115.5742	   2343.75	    0.0	    00000000     00000000	   1	[      1]
56    	0     	      7	  NegSmallBright	    117.8906	   2316.41	    0.0	    00000000     00000000	   1	[      4]
57    	0     	      5	    NegSmallDark	    120.0625	   2171.88	    0.0	    00000000     00000000	   1	[      2]
58    	0     	     13	     condition13	    122.1250	   2062.50	    0.0	    00000000     00000000	   1	[       ]
59    	0     	      2	      condition2	    122.8086	    683.59	    0.0	    00000000     00000000	   1	[       ]
60    	0     	     13	     condition13	    124.5703	   1761.72	    0.0	    00000000     00000000	   1	[       ]
61    	0     	      2	      condition2	    125.3008	    730.47	    0.0	    00000000     00000000	   1	[       ]
62    	0     	     10	 NeutLargeBright	    127.0234	   1722.66	    0.0	    00000000     00000000	   1	[      7]
63    	0     	      6	  NegLargeBright	    129.0586	   2035.16	    0.0	    00000000     00000000	   1	[      3]
64    	0     	     13	     condition13	    131.4414	   2382.81	    0.0	    00000000     00000000	   1	[       ]
65    	0     	      2	      condition2	    132.3906	    949.22	    0.0	    00000000     00000000	   1	[       ]
66    	0     	     15	     condition15	    133.4961	   1105.47	    0.0	    00000000     00000000	   1	[       ]
67    	0     	      2	      condition2	    134.3867	    890.62	    0.0	    00000000     00000000	   1	[       ]
68    	0     	      6	  NegLargeBright	    135.7812	   1394.53	    0.0	    00000000     00000000	   1	[      3]
69    	0     	      4	    NegLargeDark	    137.8242	   2042.97	    0.0	    00000000     00000000	   1	[      1]
70    	0     	     10	 NeutLargeBright	    140.0977	   2273.44	    0.0	    00000000     00000000	   1	[      7]
71    	0     	      6	  NegLargeBright	    142.1523	   2054.69	    0.0	    00000000     00000000	   1	[      3]
72    	0     	      7	  NegSmallBright	    144.4141	   2261.72	    0.0	    00000000     00000000	   1	[      4]
73    	0     	     14	     condition14	    146.8984	   2484.38	    0.0	    00000000     00000000	   1	[       ]
74    	0     	      2	      condition2	    147.4922	    593.75	    0.0	    00000000     00000000	   1	[       ]
75    	0     	      5	    NegSmallDark	    149.1523	   1660.16	    0.0	    00000000     00000000	   1	[      2]
76    	0     	      9	   NeutSmallDark	    151.6680	   2515.62	    0.0	    00000000     00000000	   1	[      6]
77    	0     	      9	   NeutSmallDark	    154.1719	   2503.91	    0.0	    00000000     00000000	   1	[      6]
78    	0     	     14	     condition14	    156.4570	   2285.16	    0.0	    00000000     00000000	   1	[       ]
79    	0     	      2	      condition2	    157.0234	    566.41	    0.0	    00000000     00000000	   1	[       ]
80    	0     	      8	   NeutLargeDark	    158.8320	   1808.59	    0.0	    00000000     00000000	   1	[      5]
81    	0     	    253	              ""	    161.2344	   2402.34	    0.0	    00000000     00000000	   1	[       ]
82    	0     	      5	    NegSmallDark	    162.2383	   1003.91	    0.0	    00000000     00000000	   1	[      2]
83    	0     	      4	    NegLargeDark	    164.3008	   2062.50	    0.0	    00000000     00000000	   1	[      1]
84    	0     	      4	    NegLargeDark	    166.8242	   2523.44	    0.0	    00000000     00000000	   1	[      1]
85    	0     	      5	    NegSmallDark	    169.1992	   2375.00	    0.0	    00000000     00000000	   1	[      2]
86    	0     	      5	    NegSmallDark	    171.5625	   2363.28	    0.0	    00000000     00000000	   1	[      2]
87    	0     	     11	 NeutSmallBright	    173.6094	   2046.88	    0.0	    00000000     00000000	   1	[      8]
88    	0     	     11	 NeutSmallBright	    175.8828	   2273.44	    0.0	    00000000     00000000	   1	[      8]
89    	0     	      4	    NegLargeDark	    178.2266	   2343.75	    0.0	    00000000     00000000	   1	[      1]
90    	0     	      6	  NegLargeBright	    180.4180	   2191.41	    0.0	    00000000     00000000	   1	[      3]
91    	0     	      6	  NegLargeBright	    182.8828	   2464.84	    0.0	    00000000     00000000	   1	[      3]
92    	0     	      7	  NegSmallBright	    185.2969	   2414.06	    0.0	    00000000     00000000	   1	[      4]
93    	0     	     11	 NeutSmallBright	    187.6914	   2394.53	    0.0	    00000000     00000000	   1	[      8]
94    	0     	      9	   NeutSmallDark	    189.9375	   2246.09	    0.0	    00000000     00000000	   1	[      6]
95    	0     	      9	   NeutSmallDark	    192.2617	   2324.22	    0.0	    00000000     00000000	   1	[      6]
96    	0     	      6	  NegLargeBright	    194.3047	   2042.97	    0.0	    00000000     00000000	   1	[      3]
97    	0     	     11	 NeutSmallBright	    196.6172	   2312.50	    0.0	    00000000     00000000	   1	[      8]
98    	0     	      4	    NegLargeDark	    198.6602	   2042.97	    0.0	    00000000     00000000	   1	[      1]
99    	0     	     14	     condition14	    200.9766	   2316.41	    0.0	    00000000     00000000	   1	[       ]
100   	0     	      2	      condition2	    201.6719	    695.31	    0.0	    00000000     00000000	   1	[       ]
101   	0     	      6	  NegLargeBright	    203.3594	   1687.50	    0.0	    00000000     00000000	   1	[      3]
102   	0     	      9	   NeutSmallDark	    205.5820	   2222.66	    0.0	    00000000     00000000	   1	[      6]
103   	0     	      8	   NeutLargeDark	    208.0000	   2417.97	    0.0	    00000000     00000000	   1	[      5]
104   	0     	     13	     condition13	    210.3906	   2390.62	    0.0	    00000000     00000000	   1	[       ]
105   	0     	      2	      condition2	    210.9492	    558.59	    0.0	    00000000     00000000	   1	[       ]
106   	0     	     13	     condition13	    212.5352	   1585.94	    0.0	    00000000     00000000	   1	[       ]
107   	0     	      2	      condition2	    213.1914	    656.25	    0.0	    00000000     00000000	   1	[       ]
108   	0     	      7	  NegSmallBright	    214.8320	   1640.62	    0.0	    00000000     00000000	   1	[      4]
109   	0     	     14	     condition14	    216.9453	   2113.28	    0.0	    00000000     00000000	   1	[       ]
110   	0     	      2	      condition2	    217.6445	    699.22	    0.0	    00000000     00000000	   1	[       ]
111   	0     	      7	  NegSmallBright	    219.0977	   1453.12	    0.0	    00000000     00000000	   1	[      4]
112   	0     	     10	 NeutLargeBright	    221.3906	   2292.97	    0.0	    00000000     00000000	   1	[      7]
113   	0     	      6	  NegLargeBright	    223.4336	   2042.97	    0.0	    00000000     00000000	   1	[      3]
114   	0     	      9	   NeutSmallDark	    225.7109	   2277.34	    0.0	    00000000     00000000	   1	[      6]
115   	0     	      5	    NegSmallDark	    228.1133	   2402.34	    0.0	    00000000     00000000	   1	[      2]
116   	0     	     11	 NeutSmallBright	    230.2383	   2125.00	    0.0	    00000000     00000000	   1	[      8]
117   	0     	     10	 NeutLargeBright	    232.6523	   2414.06	    0.0	    00000000     00000000	   1	[      7]
118   	0     	      9	   NeutSmallDark	    234.8359	   2183.59	    0.0	    00000000     00000000	   1	[      6]
119   	0     	     11	 NeutSmallBright	    237.0391	   2203.12	    0.0	    00000000     00000000	   1	[      8]
120   	0     	      6	  NegLargeBright	    239.3320	   2292.97	    0.0	    00000000     00000000	   1	[      3]
121   	0     	     15	     condition15	    241.6680	   2335.94	    0.0	    00000000     00000000	   1	[       ]
122   	0     	      2	      condition2	    242.4570	    789.06	    0.0	    00000000     00000000	   1	[       ]
123   	0     	      8	   NeutLargeDark	    244.0508	   1593.75	    0.0	    00000000     00000000	   1	[      5]
124   	0     	      9	   NeutSmallDark	    246.4766	   2425.78	    0.0	    00000000     00000000	   1	[      6]
125   	0     	      7	  NegSmallBright	    248.5078	   2031.25	    0.0	    00000000     00000000	   1	[      4]
126   	0     	     11	 NeutSmallBright	    251.0234	   2515.62	    0.0	    00000000     00000000	   1	[      8]
127   	0     	      4	    NegLargeDark	    253.3984	   2375.00	    0.0	    00000000     00000000	   1	[      1]
128   	0     	      6	  NegLargeBright	    255.4727	   2074.22	    0.0	    00000000     00000000	   1	[      3]
129   	0     	      9	   NeutSmallDark	    257.8242	   2351.56	    0.0	    00000000     00000000	   1	[      6]
130   	0     	      8	   NeutLargeDark	    260.1914	   2367.19	    0.0	    00000000     00000000	   1	[      5]
131   	0     	      5	    NegSmallDark	    262.6641	   2472.66	    0.0	    00000000     00000000	   1	[      2]
132   	0     	      6	  NegLargeBright	    264.7578	   2093.75	    0.0	    00000000     00000000	   1	[      3]
133   	0     	     10	 NeutLargeBright	    266.8125	   2054.69	    0.0	    00000000     00000000	   1	[      7]
134   	0     	      6	  NegLargeBright	    269.2852	   2472.66	    0.0	    00000000     00000000	   1	[      3]
135   	0     	      8	   NeutLargeDark	    271.6602	   2375.00	    0.0	    00000000     00000000	   1	[      5]
136   	0     	      4	    NegLargeDark	    273.8555	   2195.31	    0.0	    00000000     00000000	   1	[      1]
137   	0     	     15	     condition15	    276.1992	   2343.75	    0.0	    00000000     00000000	   1	[       ]
138   	0     	      2	      condition2	    276.9062	    707.03	    0.0	    00000000     00000000	   1	[       ]
139   	0     	     14	     condition14	    278.2734	   1367.19	    0.0	    00000000     00000000	   1	[       ]
140   	0     	      2	      condition2	    278.8008	    527.34	    0.0	    00000000     00000000	   1	[       ]
141   	0     	     13	     condition13	    280.4570	   1656.25	    0.0	    00000000     00000000	   1	[       ]
142   	0     	      2	      condition2	    280.9023	    445.31	    0.0	    00000000     00000000	   1	[       ]
143   	0     	      7	  NegSmallBright	    282.8984	   1996.09	    0.0	    00000000     00000000	   1	[      4]
144   	0     	     15	     condition15	    285.4141	   2515.62	    0.0	    00000000     00000000	   1	[       ]
145   	0     	      2	      condition2	    286.1680	    753.91	    0.0	    00000000     00000000	   1	[       ]
146   	0     	     14	     condition14	    287.8672	   1699.22	    0.0	    00000000     00000000	   1	[       ]
147   	0     	      2	      condition2	    288.5156	    648.44	    0.0	    00000000     00000000	   1	[       ]
148   	0     	      5	    NegSmallDark	    289.9023	   1386.72	    0.0	    00000000     00000000	   1	[      2]
149   	0     	      9	   NeutSmallDark	    292.0469	   2144.53	    0.0	    00000000     00000000	   1	[      6]
150   	0     	     11	 NeutSmallBright	    294.1680	   2121.09	    0.0	    00000000     00000000	   1	[      8]
151   	0     	     10	 NeutLargeBright	    296.6641	   2496.09	    0.0	    00000000     00000000	   1	[      7]
152   	0     	     11	 NeutSmallBright	    298.7188	   2054.69	    0.0	    00000000     00000000	   1	[      8]
153   	0     	      4	    NegLargeDark	    301.2227	   2503.91	    0.0	    00000000     00000000	   1	[      1]
154   	0     	      7	  NegSmallBright	    303.7148	   2492.19	    0.0	    00000000     00000000	   1	[      4]
155   	0     	      6	  NegLargeBright	    306.1016	   2386.72	    0.0	    00000000     00000000	   1	[      3]
156   	0     	      5	    NegSmallDark	    308.1758	   2074.22	    0.0	    00000000     00000000	   1	[      2]
157   	0     	     15	     condition15	    310.2773	   2101.56	    0.0	    00000000     00000000	   1	[       ]
158   	0     	      2	      condition2	    311.1211	    843.75	    0.0	    00000000     00000000	   1	[       ]
159   	0     	     11	 NeutSmallBright	    312.6406	   1519.53	    0.0	    00000000     00000000	   1	[      8]
160   	0     	      4	    NegLargeDark	    315.1758	   2535.16	    0.0	    00000000     00000000	   1	[      1]
161   	0     	      5	    NegSmallDark	    317.6523	   2476.56	    0.0	    00000000     00000000	   1	[      2]
162   	0     	     12	     condition12	    319.8945	   2242.19	    0.0	    00000000     00000000	   1	[       ]
163   	0     	      2	      condition2	    320.6719	    777.34	    0.0	    00000000     00000000	   1	[       ]
164   	0     	    253	              ""	    322.4531	   1781.25	    0.0	    00000000     00000000	   1	[       ]
165   	0     	      9	   NeutSmallDark	    323.4570	   1003.91	    0.0	    00000000     00000000	   1	[      6]
166   	0     	      9	   NeutSmallDark	    325.8711	   2414.06	    0.0	    00000000     00000000	   1	[      6]
167   	0     	     11	 NeutSmallBright	    328.1953	   2324.22	    0.0	    00000000     00000000	   1	[      8]
168   	0     	     10	 NeutLargeBright	    330.6289	   2433.59	    0.0	    00000000     00000000	   1	[      7]
169   	0     	      6	  NegLargeBright	    332.8828	   2253.91	    0.0	    00000000     00000000	   1	[      3]
170   	0     	      8	   NeutLargeDark	    334.9961	   2113.28	    0.0	    00000000     00000000	   1	[      5]
171   	0     	      4	    NegLargeDark	    337.1211	   2125.00	    0.0	    00000000     00000000	   1	[      1]
172   	0     	      7	  NegSmallBright	    339.5469	   2425.78	    0.0	    00000000     00000000	   1	[      4]
173   	0     	     11	 NeutSmallBright	    341.8477	   2300.78	    0.0	    00000000     00000000	   1	[      8]
174   	0     	      5	    NegSmallDark	    344.3750	   2527.34	    0.0	    00000000     00000000	   1	[      2]
175   	0     	      5	    NegSmallDark	    346.8672	   2492.19	    0.0	    00000000     00000000	   1	[      2]
176   	0     	     14	     condition14	    349.3711	   2503.91	    0.0	    00000000     00000000	   1	[       ]
177   	0     	      2	      condition2	    350.0898	    718.75	    0.0	    00000000     00000000	   1	[       ]
178   	0     	     15	     condition15	    351.5078	   1417.97	    0.0	    00000000     00000000	   1	[       ]
179   	0     	      2	      condition2	    352.4727	    964.84	    0.0	    00000000     00000000	   1	[       ]
180   	0     	      6	  NegLargeBright	    353.9805	   1507.81	    0.0	    00000000     00000000	   1	[      3]
181   	0     	     11	 NeutSmallBright	    356.1250	   2144.53	    0.0	    00000000     00000000	   1	[      8]
182   	0     	     12	     condition12	    358.2891	   2164.06	    0.0	    00000000     00000000	   1	[       ]
183   	0     	      2	      condition2	    358.9727	    683.59	    0.0	    00000000     00000000	   1	[       ]
184   	0     	     11	 NeutSmallBright	    360.5625	   1589.84	    0.0	    00000000     00000000	   1	[      8]
185   	0     	     11	 NeutSmallBright	    362.7773	   2214.84	    0.0	    00000000     00000000	   1	[      8]
186   	0     	     10	 NeutLargeBright	    365.2305	   2453.12	    0.0	    00000000     00000000	   1	[      7]
187   	0     	     10	 NeutLargeBright	    367.4023	   2171.88	    0.0	    00000000     00000000	   1	[      7]
188   	0     	      7	  NegSmallBright	    369.8789	   2476.56	    0.0	    00000000     00000000	   1	[      4]
189   	0     	      7	  NegSmallBright	    372.0820	   2203.12	    0.0	    00000000     00000000	   1	[      4]
190   	0     	      7	  NegSmallBright	    374.1953	   2113.28	    0.0	    00000000     00000000	   1	[      4]
191   	0     	     11	 NeutSmallBright	    376.6992	   2503.91	    0.0	    00000000     00000000	   1	[      8]
192   	0     	      4	    NegLargeDark	    379.1133	   2414.06	    0.0	    00000000     00000000	   1	[      1]
193   	0     	      7	  NegSmallBright	    381.1484	   2035.16	    0.0	    00000000     00000000	   1	[      4]
194   	0     	      7	  NegSmallBright	    383.6328	   2484.38	    0.0	    00000000     00000000	   1	[      4]
195   	0     	     15	     condition15	    385.9062	   2273.44	    0.0	    00000000     00000000	   1	[       ]
196   	0     	      2	      condition2	    387.0977	   1191.41	    0.0	    00000000     00000000	   1	[       ]
197   	0     	      5	    NegSmallDark	    388.0195	    921.88	    0.0	    00000000     00000000	   1	[      2]
198   	0     	      4	    NegLargeDark	    390.2227	   2203.12	    0.0	    00000000     00000000	   1	[      1]
199   	0     	     10	 NeutLargeBright	    392.2969	   2074.22	    0.0	    00000000     00000000	   1	[      7]
200   	0     	     11	 NeutSmallBright	    394.7109	   2414.06	    0.0	    00000000     00000000	   1	[      8]
201   	0     	      4	    NegLargeDark	    397.1680	   2457.03	    0.0	    00000000     00000000	   1	[      1]
202   	0     	      9	   NeutSmallDark	    399.4219	   2253.91	    0.0	    00000000     00000000	   1	[      6]
203   	0     	     10	 NeutLargeBright	    401.5430	   2121.09	    0.0	    00000000     00000000	   1	[      7]
204   	0     	      6	  NegLargeBright	    404.0703	   2527.34	    0.0	    00000000     00000000	   1	[      3]
205   	0     	     10	 NeutLargeBright	    406.4336	   2363.28	    0.0	    00000000     00000000	   1	[      7]
206   	0     	      4	    NegLargeDark	    408.4844	   2050.78	    0.0	    00000000     00000000	   1	[      1]
207   	0     	      8	   NeutLargeDark	    410.9688	   2484.38	    0.0	    00000000     00000000	   1	[      5]
208   	0     	     14	     condition14	    413.3164	   2347.66	    0.0	    00000000     00000000	   1	[       ]
209   	0     	      2	      condition2	    413.9648	    648.44	    0.0	    00000000     00000000	   1	[       ]
210   	0     	     10	 NeutLargeBright	    415.7695	   1804.69	    0.0	    00000000     00000000	   1	[      7]
211   	0     	      7	  NegSmallBright	    418.0547	   2285.16	    0.0	    00000000     00000000	   1	[      4]
212   	0     	      6	  NegLargeBright	    420.3477	   2292.97	    0.0	    00000000     00000000	   1	[      3]
213   	0     	      8	   NeutLargeDark	    422.5117	   2164.06	    0.0	    00000000     00000000	   1	[      5]
214   	0     	     13	     condition13	    424.7930	   2281.25	    0.0	    00000000     00000000	   1	[       ]
215   	0     	      2	      condition2	    425.3477	    554.69	    0.0	    00000000     00000000	   1	[       ]
216   	0     	      7	  NegSmallBright	    426.8281	   1480.47	    0.0	    00000000     00000000	   1	[      4]
217   	0     	     11	 NeutSmallBright	    429.1719	   2343.75	    0.0	    00000000     00000000	   1	[      8]
218   	0     	      4	    NegLargeDark	    431.6875	   2515.62	    0.0	    00000000     00000000	   1	[      1]
219   	0     	      7	  NegSmallBright	    434.1406	   2453.12	    0.0	    00000000     00000000	   1	[      4]
220   	0     	      6	  NegLargeBright	    436.4570	   2316.41	    0.0	    00000000     00000000	   1	[      3]
221   	0     	      4	    NegLargeDark	    438.9414	   2484.38	    0.0	    00000000     00000000	   1	[      1]
222   	0     	      5	    NegSmallDark	    441.2031	   2261.72	    0.0	    00000000     00000000	   1	[      2]
223   	0     	      6	  NegLargeBright	    443.3789	   2175.78	    0.0	    00000000     00000000	   1	[      3]
224   	0     	      4	    NegLargeDark	    445.8125	   2433.59	    0.0	    00000000     00000000	   1	[      1]
225   	0     	      4	    NegLargeDark	    447.9141	   2101.56	    0.0	    00000000     00000000	   1	[      1]
226   	0     	      8	   NeutLargeDark	    450.3789	   2464.84	    0.0	    00000000     00000000	   1	[      5]
227   	0     	      5	    NegSmallDark	    452.8750	   2496.09	    0.0	    00000000     00000000	   1	[      2]
228   	0     	     11	 NeutSmallBright	    454.9766	   2101.56	    0.0	    00000000     00000000	   1	[      8]
229   	0     	      5	    NegSmallDark	    457.3828	   2406.25	    0.0	    00000000     00000000	   1	[      2]
230   	0     	      8	   NeutLargeDark	    459.7344	   2351.56	    0.0	    00000000     00000000	   1	[      5]
231   	0     	      6	  NegLargeBright	    462.1016	   2367.19	    0.0	    00000000     00000000	   1	[      3]
232   	0     	     11	 NeutSmallBright	    464.4648	   2363.28	    0.0	    00000000     00000000	   1	[      8]
233   	0     	      4	    NegLargeDark	    466.6602	   2195.31	    0.0	    00000000     00000000	   1	[      1]
234   	0     	      9	   NeutSmallDark	    469.1016	   2441.41	    0.0	    00000000     00000000	   1	[      6]
235   	0     	      5	    NegSmallDark	    471.1562	   2054.69	    0.0	    00000000     00000000	   1	[      2]
236   	0     	     15	     condition15	    473.5312	   2375.00	    0.0	    00000000     00000000	   1	[       ]
237   	0     	      2	      condition2	    474.3516	    820.31	    0.0	    00000000     00000000	   1	[       ]
238   	0     	     12	     condition12	    475.8359	   1484.38	    0.0	    00000000     00000000	   1	[       ]
239   	0     	      2	      condition2	    476.6523	    816.41	    0.0	    00000000     00000000	   1	[       ]
240   	0     	      5	    NegSmallDark	    477.8594	   1207.03	    0.0	    00000000     00000000	   1	[      2]
241   	0     	      5	    NegSmallDark	    480.2109	   2351.56	    0.0	    00000000     00000000	   1	[      2]
242   	0     	      4	    NegLargeDark	    482.5273	   2316.41	    0.0	    00000000     00000000	   1	[      1]
243   	0     	    253	              ""	    484.4219	   1894.53	    0.0	    00000000     00000000	   1	[       ]
244   	0     	      8	   NeutLargeDark	    485.4375	   1015.62	    0.0	    00000000     00000000	   1	[      5]
245   	0     	     11	 NeutSmallBright	    487.8008	   2363.28	    0.0	    00000000     00000000	   1	[      8]
246   	0     	      8	   NeutLargeDark	    490.2656	   2464.84	    0.0	    00000000     00000000	   1	[      5]
247   	0     	      7	  NegSmallBright	    492.4883	   2222.66	    0.0	    00000000     00000000	   1	[      4]
248   	0     	      6	  NegLargeBright	    494.7422	   2253.91	    0.0	    00000000     00000000	   1	[      3]
249   	0     	      8	   NeutLargeDark	    497.1758	   2433.59	    0.0	    00000000     00000000	   1	[      5]
250   	0     	     12	     condition12	    499.5312	   2355.47	    0.0	    00000000     00000000	   1	[       ]
251   	0     	      2	      condition2	    500.6797	   1148.44	    0.0	    00000000     00000000	   1	[       ]
252   	0     	     13	     condition13	    501.9961	   1316.41	    0.0	    00000000     00000000	   1	[       ]
253   	0     	      2	      condition2	    502.6055	    609.38	    0.0	    00000000     00000000	   1	[       ]
254   	0     	      7	  NegSmallBright	    504.0703	   1464.84	    0.0	    00000000     00000000	   1	[      4]
255   	0     	     15	     condition15	    506.1641	   2093.75	    0.0	    00000000     00000000	   1	[       ]
256   	0     	      2	      condition2	    506.8516	    687.50	    0.0	    00000000     00000000	   1	[       ]
257   	0     	      6	  NegLargeBright	    508.6680	   1816.41	    0.0	    00000000     00000000	   1	[      3]
258   	0     	     11	 NeutSmallBright	    511.0195	   2351.56	    0.0	    00000000     00000000	   1	[      8]
259   	0     	     15	     condition15	    513.4258	   2406.25	    0.0	    00000000     00000000	   1	[       ]
260   	0     	      2	      condition2	    514.1719	    746.09	    0.0	    00000000     00000000	   1	[       ]
261   	0     	     13	     condition13	    515.8281	   1656.25	    0.0	    00000000     00000000	   1	[       ]
262   	0     	      2	      condition2	    516.3594	    531.25	    0.0	    00000000     00000000	   1	[       ]
263   	0     	     12	     condition12	    518.0117	   1652.34	    0.0	    00000000     00000000	   1	[       ]
264   	0     	      2	      condition2	    518.5703	    558.59	    0.0	    00000000     00000000	   1	[       ]
265   	0     	      7	  NegSmallBright	    520.2578	   1687.50	    0.0	    00000000     00000000	   1	[      4]
266   	0     	      6	  NegLargeBright	    522.6328	   2375.00	    0.0	    00000000     00000000	   1	[      3]
267   	0     	      5	    NegSmallDark	    524.7969	   2164.06	    0.0	    00000000     00000000	   1	[      2]
268   	0     	      8	   NeutLargeDark	    527.0195	   2222.66	    0.0	    00000000     00000000	   1	[      5]
269   	0     	      6	  NegLargeBright	    529.1719	   2152.34	    0.0	    00000000     00000000	   1	[      3]
270   	0     	      8	   NeutLargeDark	    531.6484	   2476.56	    0.0	    00000000     00000000	   1	[      5]
271   	0     	     15	     condition15	    533.6992	   2050.78	    0.0	    00000000     00000000	   1	[       ]
272   	0     	      2	      condition2	    534.9141	   1214.84	    0.0	    00000000     00000000	   1	[       ]
273   	0     	     10	 NeutLargeBright	    535.7930	    878.91	    0.0	    00000000     00000000	   1	[      7]
274   	0     	      5	    NegSmallDark	    537.8594	   2066.41	    0.0	    00000000     00000000	   1	[      2]
275   	0     	     11	 NeutSmallBright	    540.1328	   2273.44	    0.0	    00000000     00000000	   1	[      8]
276   	0     	      8	   NeutLargeDark	    542.5977	   2464.84	    0.0	    00000000     00000000	   1	[      5]
277   	0     	      9	   NeutSmallDark	    544.6719	   2074.22	    0.0	    00000000     00000000	   1	[      6]
278   	0     	      9	   NeutSmallDark	    546.9258	   2253.91	    0.0	    00000000     00000000	   1	[      6]
279   	0     	      5	    NegSmallDark	    549.2188	   2292.97	    0.0	    00000000     00000000	   1	[      2]
280   	0     	     14	     condition14	    551.7031	   2484.38	    0.0	    00000000     00000000	   1	[       ]
281   	0     	      2	      condition2	    552.4062	    703.12	    0.0	    00000000     00000000	   1	[       ]
282   	0     	      9	   NeutSmallDark	    553.7852	   1378.91	    0.0	    00000000     00000000	   1	[      6]
283   	0     	     10	 NeutLargeBright	    556.2812	   2496.09	    0.0	    00000000     00000000	   1	[      7]
284   	0     	      8	   NeutLargeDark	    558.3555	   2074.22	    0.0	    00000000     00000000	   1	[      5]
285   	0     	      8	   NeutLargeDark	    560.8672	   2511.72	    0.0	    00000000     00000000	   1	[      5]
286   	0     	     12	     condition12	    563.2734	   2406.25	    0.0	    00000000     00000000	   1	[       ]
287   	0     	      2	      condition2	    563.8125	    539.06	    0.0	    00000000     00000000	   1	[       ]
288   	0     	     11	 NeutSmallBright	    565.3750	   1562.50	    0.0	    00000000     00000000	   1	[      8]
289   	0     	      6	  NegLargeBright	    567.4688	   2093.75	    0.0	    00000000     00000000	   1	[      3]
290   	0     	     12	     condition12	    569.8828	   2414.06	    0.0	    00000000     00000000	   1	[       ]
291   	0     	      2	      condition2	    570.4688	    585.94	    0.0	    00000000     00000000	   1	[       ]
292   	0     	      8	   NeutLargeDark	    572.0078	   1539.06	    0.0	    00000000     00000000	   1	[      5]
293   	0     	     10	 NeutLargeBright	    574.3008	   2292.97	    0.0	    00000000     00000000	   1	[      7]
294   	0     	      8	   NeutLargeDark	    576.3672	   2066.41	    0.0	    00000000     00000000	   1	[      5]
295   	0     	      8	   NeutLargeDark	    578.5312	   2164.06	    0.0	    00000000     00000000	   1	[      5]
296   	0     	     14	     condition14	    581.0547	   2523.44	    0.0	    00000000     00000000	   1	[       ]
297   	0     	      2	      condition2	    581.6758	    621.09	    0.0	    00000000     00000000	   1	[       ]
298   	0     	      9	   NeutSmallDark	    583.4180	   1742.19	    0.0	    00000000     00000000	   1	[      6]
299   	0     	      4	    NegLargeDark	    585.7305	   2312.50	    0.0	    00000000     00000000	   1	[      1]
300   	0     	     10	 NeutLargeBright	    587.9961	   2265.62	    0.0	    00000000     00000000	   1	[      7]
301   	0     	      6	  NegLargeBright	    590.1016	   2105.47	    0.0	    00000000     00000000	   1	[      3]
302   	0     	      8	   NeutLargeDark	    592.6328	   2531.25	    0.0	    00000000     00000000	   1	[      5]
303   	0     	      8	   NeutLargeDark	    594.7500	   2117.19	    0.0	    00000000     00000000	   1	[      5]
304   	0     	     11	 NeutSmallBright	    596.8633	   2113.28	    0.0	    00000000     00000000	   1	[      8]
305   	0     	     13	     condition13	    599.3359	   2472.66	    0.0	    00000000     00000000	   1	[       ]
306   	0     	      2	      condition2	    600.1133	    777.34	    0.0	    00000000     00000000	   1	[       ]
307   	0     	      4	    NegLargeDark	    601.7500	   1636.72	    0.0	    00000000     00000000	   1	[      1]
308   	0     	      2	      condition2	    602.4531	    703.12	    0.0	    00000000     00000000	   1	[       ]
309   	0     	      8	   NeutLargeDark	    603.7852	   1332.03	    0.0	    00000000     00000000	   1	[      5]
310   	0     	      9	   NeutSmallDark	    606.2266	   2441.41	    0.0	    00000000     00000000	   1	[      6]
311   	0     	      8	   NeutLargeDark	    608.6133	   2386.72	    0.0	    00000000     00000000	   1	[      5]
312   	0     	      9	   NeutSmallDark	    610.6367	   2023.44	    0.0	    00000000     00000000	   1	[      6]
313   	0     	      7	  NegSmallBright	    613.0586	   2421.88	    0.0	    00000000     00000000	   1	[      4]
314   	0     	     11	 NeutSmallBright	    615.3555	   2296.88	    0.0	    00000000     00000000	   1	[      8]
315   	0     	     10	 NeutLargeBright	    617.8477	   2492.19	    0.0	    00000000     00000000	   1	[      7]
316   	0     	      6	  NegLargeBright	    620.3320	   2484.38	    0.0	    00000000     00000000	   1	[      3]
317   	0     	      9	   NeutSmallDark	    622.5469	   2214.84	    0.0	    00000000     00000000	   1	[      6]
318   	0     	      7	  NegSmallBright	    624.6016	   2054.69	    0.0	    00000000     00000000	   1	[      4]
319   	0     	     10	 NeutLargeBright	    627.0039	   2402.34	    0.0	    00000000     00000000	   1	[      7]
320   	0     	      5	    NegSmallDark	    629.1602	   2156.25	    0.0	    00000000     00000000	   1	[      2]
321   	0     	      9	   NeutSmallDark	    631.6719	   2511.72	    0.0	    00000000     00000000	   1	[      6]
322   	0     	      7	  NegSmallBright	    633.9180	   2246.09	    0.0	    00000000     00000000	   1	[      4]
323   	0     	      7	  NegSmallBright	    636.1719	   2253.91	    0.0	    00000000     00000000	   1	[      4]
324   	0     	     12	     condition12	    638.2148	   2042.97	    0.0	    00000000     00000000	   1	[       ]
325   	0     	      2	      condition2	    638.7891	    574.22	    0.0	    00000000     00000000	   1	[       ]
326   	0     	      7	  NegSmallBright	    640.5273	   1738.28	    0.0	    00000000     00000000	   1	[      4]
327   	0     	     13	     condition13	    642.6914	   2164.06	    0.0	    00000000     00000000	   1	[       ]
328   	0     	      2	      condition2	    643.2383	    546.88	    0.0	    00000000     00000000	   1	[       ]
329   	0     	      8	   NeutLargeDark	    645.0547	   1816.41	    0.0	    00000000     00000000	   1	[      5]
330   	0     	      8	   NeutLargeDark	    647.4297	   2375.00	    0.0	    00000000     00000000	   1	[      5]
331   	0     	      7	  NegSmallBright	    649.4648	   2035.16	    0.0	    00000000     00000000	   1	[      4]
332   	0     	      9	   NeutSmallDark	    651.7188	   2253.91	    0.0	    00000000     00000000	   1	[      6]
333   	0     	      5	    NegSmallDark	    654.2305	   2511.72	    0.0	    00000000     00000000	   1	[      2]
334   	0     	     10	 NeutLargeBright	    656.5273	   2296.88	    0.0	    00000000     00000000	   1	[      7]
335   	0     	     10	 NeutLargeBright	    658.6289	   2101.56	    0.0	    00000000     00000000	   1	[      7]
336   	0     	     10	 NeutLargeBright	    660.8945	   2265.62	    0.0	    00000000     00000000	   1	[      7]
337   	0     	      9	   NeutSmallDark	    663.2969	   2402.34	    0.0	    00000000     00000000	   1	[      6]
338   	0     	     10	 NeutLargeBright	    665.6328	   2335.94	    0.0	    00000000     00000000	   1	[      7]
339   	0     	      6	  NegLargeBright	    668.0664	   2433.59	    0.0	    00000000     00000000	   1	[      3]
340   	0     	     11	 NeutSmallBright	    670.4609	   2394.53	    0.0	    00000000     00000000	   1	[      8]
341   	0     	     11	 NeutSmallBright	    672.6836	   2222.66	    0.0	    00000000     00000000	   1	[      8]
342   	0     	     14	     condition14	    674.8984	   2214.84	    0.0	    00000000     00000000	   1	[       ]
343   	0     	      2	      condition2	    675.5469	    648.44	    0.0	    00000000     00000000	   1	[       ]
344   	0     	      7	  NegSmallBright	    677.1523	   1605.47	    0.0	    00000000     00000000	   1	[      4]
345   	0     	     10	 NeutLargeBright	    679.2266	   2074.22	    0.0	    00000000     00000000	   1	[      7]
346   	0     	      8	   NeutLargeDark	    681.4414	   2214.84	    0.0	    00000000     00000000	   1	[      5]
347   	0     	     10	 NeutLargeBright	    683.7539	   2312.50	    0.0	    00000000     00000000	   1	[      7]
348   	0     	     11	 NeutSmallBright	    686.0156	   2261.72	    0.0	    00000000     00000000	   1	[      8]
349   	0     	     11	 NeutSmallBright	    688.0430	   2027.34	    0.0	    00000000     00000000	   1	[      8]
350   	0     	      4	    NegLargeDark	    690.3438	   2300.78	    0.0	    00000000     00000000	   1	[      1]
351   	0     	      6	  NegLargeBright	    692.5273	   2183.59	    0.0	    00000000     00000000	   1	[      3]
352   	0     	      9	   NeutSmallDark	    695.0430	   2515.62	    0.0	    00000000     00000000	   1	[      6]
353   	0     	      6	  NegLargeBright	    697.2969	   2253.91	    0.0	    00000000     00000000	   1	[      3]
354   	0     	      7	  NegSmallBright	    699.5117	   2214.84	    0.0	    00000000     00000000	   1	[      4]
355   	0     	      6	  NegLargeBright	    701.6055	   2093.75	    0.0	    00000000     00000000	   1	[      3]
356   	0     	     10	 NeutLargeBright	    704.0273	   2421.88	    0.0	    00000000     00000000	   1	[      7]
357   	0     	      4	    NegLargeDark	    706.1328	   2105.47	    0.0	    00000000     00000000	   1	[      1]
358   	0     	      5	    NegSmallDark	    708.6289	   2496.09	    0.0	    00000000     00000000	   1	[      2]
359   	0     	      5	    NegSmallDark	    711.0625	   2433.59	    0.0	    00000000     00000000	   1	[      2]
360   	0     	      9	   NeutSmallDark	    713.3750	   2312.50	    0.0	    00000000     00000000	   1	[      6]
361   	0     	      9	   NeutSmallDark	    715.7305	   2355.47	    0.0	    00000000     00000000	   1	[      6]
362   	0     	      8	   NeutLargeDark	    717.7734	   2042.97	    0.0	    00000000     00000000	   1	[      5]
363   	0     	     12	     condition12	    720.2891	   2515.62	    0.0	    00000000     00000000	   1	[       ]
364   	0     	      2	      condition2	    721.0625	    773.44	    0.0	    00000000     00000000	   1	[       ]
365   	0     	      9	   NeutSmallDark	    722.5820	   1519.53	    0.0	    00000000     00000000	   1	[      6]
366   	0     	      8	   NeutLargeDark	    724.7773	   2195.31	    0.0	    00000000     00000000	   1	[      5]
367   	0     	     11	 NeutSmallBright	    726.8086	   2031.25	    0.0	    00000000     00000000	   1	[      8]
368   	0     	     10	 NeutLargeBright	    729.1719	   2363.28	    0.0	    00000000     00000000	   1	[      7]
369   	0     	      5	    NegSmallDark	    731.6562	   2484.38	    0.0	    00000000     00000000	   1	[      2]
370   	0     	      8	   NeutLargeDark	    733.7695	   2113.28	    0.0	    00000000     00000000	   1	[      5]
371   	0     	     12	     condition12	    736.0039	   2234.38	    0.0	    00000000     00000000	   1	[       ]
372   	0     	      2	      condition2	    736.5547	    550.78	    0.0	    00000000     00000000	   1	[       ]
373   	0     	      8	   NeutLargeDark	    738.0977	   1542.97	    0.0	    00000000     00000000	   1	[      5]
374   	0     	     15	     condition15	    740.4414	   2343.75	    0.0	    00000000     00000000	   1	[       ]
375   	0     	      2	      condition2	    741.3164	    875.00	    0.0	    00000000     00000000	   1	[       ]
376   	0     	      9	   NeutSmallDark	    742.7969	   1480.47	    0.0	    00000000     00000000	   1	[      6]
377   	0     	      9	   NeutSmallDark	    744.8320	   2035.16	    0.0	    00000000     00000000	   1	[      6]
378   	0     	     13	     condition13	    746.8828	   2050.78	    0.0	    00000000     00000000	   1	[       ]
379   	0     	      2	      condition2	    747.5469	    664.06	    0.0	    00000000     00000000	   1	[       ]
380   	0     	      4	    NegLargeDark	    749.0000	   1453.12	    0.0	    00000000     00000000	   1	[      1]
381   	0     	      6	  NegLargeBright	    751.4844	   2484.38	    0.0	    00000000     00000000	   1	[      3]
382   	0     	     11	 NeutSmallBright	    753.8984	   2414.06	    0.0	    00000000     00000000	   1	[      8]
383   	0     	     11	 NeutSmallBright	    755.9609	   2062.50	    0.0	    00000000     00000000	   1	[      8]
384   	0     	     11	 NeutSmallBright	    758.0625	   2101.56	    0.0	    00000000     00000000	   1	[      8]
385   	0     	     10	 NeutLargeBright	    760.5898	   2527.34	    0.0	    00000000     00000000	   1	[      7]
386   	0     	     14	     condition14	    762.7109	   2121.09	    0.0	    00000000     00000000	   1	[       ]
387   	0     	      2	      condition2	    763.5000	    789.06	    0.0	    00000000     00000000	   1	[       ]
388   	0     	      5	    NegSmallDark	    765.1758	   1675.78	    0.0	    00000000     00000000	   1	[      2]
389   	0     	      4	    NegLargeDark	    767.4023	   2226.56	    0.0	    00000000     00000000	   1	[      1]
390   	0     	      5	    NegSmallDark	    769.7227	   2320.31	    0.0	    00000000     00000000	   1	[      2]
391   	0     	     11	 NeutSmallBright	    772.0977	   2375.00	    0.0	    00000000     00000000	   1	[      8]
392   	0     	     12	     condition12	    774.3242	   2226.56	    0.0	    00000000     00000000	   1	[       ]
393   	0     	      2	      condition2	    775.0859	    761.72	    0.0	    00000000     00000000	   1	[       ]
394   	0     	      4	    NegLargeDark	    776.7383	   1652.34	    0.0	    00000000     00000000	   1	[      1]
395   	0     	      5	    NegSmallDark	    778.9805	   2242.19	    0.0	    00000000     00000000	   1	[      2]
396   	0     	      9	   NeutSmallDark	    781.4258	   2445.31	    0.0	    00000000     00000000	   1	[      6]
397   	0     	      5	    NegSmallDark	    783.6172	   2191.41	    0.0	    00000000     00000000	   1	[      2]
398   	0     	     11	 NeutSmallBright	    786.1328	   2515.62	    0.0	    00000000     00000000	   1	[      8]
399   	0     	     11	 NeutSmallBright	    788.4883	   2355.47	    0.0	    00000000     00000000	   1	[      8]
400   	0     	      7	  NegSmallBright	    790.9922	   2503.91	    0.0	    00000000     00000000	   1	[      4]
401   	0     	      8	   NeutLargeDark	    793.3672	   2375.00	    0.0	    00000000     00000000	   1	[      5]
402   	0     	      9	   NeutSmallDark	    795.5781	   2210.94	    0.0	    00000000     00000000	   1	[      6]
403   	0     	      8	   NeutLargeDark	    797.7148	   2136.72	    0.0	    00000000     00000000	   1	[      5]
404   	0     	      6	  NegLargeBright	    800.0391	   2324.22	    0.0	    00000000     00000000	   1	[      3]
405   	0     	      7	  NegSmallBright	    802.2734	   2234.38	    0.0	    00000000     00000000	   1	[      4]
406   	0     	    253	              ""	    804.9375	   2664.06	    0.0	    00000000     00000000	   1	[       ]
407   	0     	      6	  NegLargeBright	    805.9492	   1011.72	    0.0	    00000000     00000000	   1	[      3]
408   	0     	      6	  NegLargeBright	    808.1016	   2152.34	    0.0	    00000000     00000000	   1	[      3]
409   	0     	     11	 NeutSmallBright	    810.4570	   2355.47	    0.0	    00000000     00000000	   1	[      8]
410   	0     	      8	   NeutLargeDark	    812.8906	   2433.59	    0.0	    00000000     00000000	   1	[      5]
411   	0     	      9	   NeutSmallDark	    815.0938	   2203.12	    0.0	    00000000     00000000	   1	[      6]
412   	0     	     11	 NeutSmallBright	    817.2070	   2113.28	    0.0	    00000000     00000000	   1	[      8]
413   	0     	      5	    NegSmallDark	    819.3125	   2105.47	    0.0	    00000000     00000000	   1	[      2]
414   	0     	     13	     condition13	    821.4258	   2113.28	    0.0	    00000000     00000000	   1	[       ]
415   	0     	      2	      condition2	    822.0508	    625.00	    0.0	    00000000     00000000	   1	[       ]
416   	0     	      7	  NegSmallBright	    823.9492	   1898.44	    0.0	    00000000     00000000	   1	[      4]
417   	0     	      8	   NeutLargeDark	    826.3633	   2414.06	    0.0	    00000000     00000000	   1	[      5]
418   	0     	     11	 NeutSmallBright	    828.7891	   2425.78	    0.0	    00000000     00000000	   1	[      8]
419   	0     	      9	   NeutSmallDark	    831.1719	   2382.81	    0.0	    00000000     00000000	   1	[      6]
420   	0     	      8	   NeutLargeDark	    833.2461	   2074.22	    0.0	    00000000     00000000	   1	[      5]
421   	0     	     10	 NeutLargeBright	    835.5508	   2304.69	    0.0	    00000000     00000000	   1	[      7]
422   	0     	      4	    NegLargeDark	    837.7461	   2195.31	    0.0	    00000000     00000000	   1	[      1]
423   	0     	      5	    NegSmallDark	    839.8867	   2140.62	    0.0	    00000000     00000000	   1	[      2]
424   	0     	      6	  NegLargeBright	    842.2227	   2335.94	    0.0	    00000000     00000000	   1	[      3]
425   	0     	     13	     condition13	    844.2969	   2074.22	    0.0	    00000000     00000000	   1	[       ]
426   	0     	      2	      condition2	    845.0859	    789.06	    0.0	    00000000     00000000	   1	[       ]
427   	0     	      4	    NegLargeDark	    846.4688	   1382.81	    0.0	    00000000     00000000	   1	[      1]
428   	0     	     10	 NeutLargeBright	    848.5742	   2105.47	    0.0	    00000000     00000000	   1	[      7]
429   	0     	     14	     condition14	    850.8867	   2312.50	    0.0	    00000000     00000000	   1	[       ]
430   	0     	      2	      condition2	    851.5000	    613.28	    0.0	    00000000     00000000	   1	[       ]
431   	0     	      8	   NeutLargeDark	    853.0820	   1582.03	    0.0	    00000000     00000000	   1	[      5]
432   	0     	      8	   NeutLargeDark	    855.3750	   2292.97	    0.0	    00000000     00000000	   1	[      5]
433   	0     	     11	 NeutSmallBright	    857.5273	   2152.34	    0.0	    00000000     00000000	   1	[      8]
434   	0     	      8	   NeutLargeDark	    860.0430	   2515.62	    0.0	    00000000     00000000	   1	[      5]
435   	0     	     10	 NeutLargeBright	    862.0977	   2054.69	    0.0	    00000000     00000000	   1	[      7]
436   	0     	      4	    NegLargeDark	    864.2305	   2132.81	    0.0	    00000000     00000000	   1	[      1]
437   	0     	      7	  NegSmallBright	    866.6562	   2425.78	    0.0	    00000000     00000000	   1	[      4]
438   	0     	      8	   NeutLargeDark	    868.7578	   2101.56	    0.0	    00000000     00000000	   1	[      5]
439   	0     	     11	 NeutSmallBright	    870.7812	   2023.44	    0.0	    00000000     00000000	   1	[      8]
440   	0     	      5	    NegSmallDark	    873.1172	   2335.94	    0.0	    00000000     00000000	   1	[      2]
441   	0     	     12	     condition12	    875.1719	   2054.69	    0.0	    00000000     00000000	   1	[       ]
442   	0     	      2	      condition2	    875.7500	    578.12	    0.0	    00000000     00000000	   1	[       ]
443   	0     	      7	  NegSmallBright	    877.5859	   1835.94	    0.0	    00000000     00000000	   1	[      4]
444   	0     	     14	     condition14	    879.7383	   2152.34	    0.0	    00000000     00000000	   1	[       ]
445   	0     	     10	 NeutLargeBright	    882.2539	   2515.62	    0.0	    00000000     00000000	   1	[      7]
446   	0     	      9	   NeutSmallDark	    884.2969	   2042.97	    0.0	    00000000     00000000	   1	[      6]
447   	0     	      6	  NegLargeBright	    886.4883	   2191.41	    0.0	    00000000     00000000	   1	[      3]
448   	0     	     10	 NeutLargeBright	    888.9258	   2437.50	    0.0	    00000000     00000000	   1	[      7]
449   	0     	      6	  NegLargeBright	    891.2695	   2343.75	    0.0	    00000000     00000000	   1	[      3]
450   	0     	     13	     condition13	    893.5234	   2253.91	    0.0	    00000000     00000000	   1	[       ]
451   	0     	      2	      condition2	    894.2266	    703.12	    0.0	    00000000     00000000	   1	[       ]
452   	0     	      9	   NeutSmallDark	    895.6758	   1449.22	    0.0	    00000000     00000000	   1	[      6]
453   	0     	     14	     condition14	    898.1094	   2433.59	    0.0	    00000000     00000000	   1	[       ]
454   	0     	      2	      condition2	    898.7344	    625.00	    0.0	    00000000     00000000	   1	[       ]
455   	0     	      4	    NegLargeDark	    900.5664	   1832.03	    0.0	    00000000     00000000	   1	[      1]
456   	0     	      4	    NegLargeDark	    902.6680	   2101.56	    0.0	    00000000     00000000	   1	[      1]
457   	0     	      6	  NegLargeBright	    904.7109	   2042.97	    0.0	    00000000     00000000	   1	[      3]
458   	0     	     10	 NeutLargeBright	    906.9766	   2265.62	    0.0	    00000000     00000000	   1	[      7]
459   	0     	      7	  NegSmallBright	    909.4102	   2433.59	    0.0	    00000000     00000000	   1	[      4]
460   	0     	     14	     condition14	    911.6836	   2273.44	    0.0	    00000000     00000000	   1	[       ]
461   	0     	      2	      condition2	    912.3867	    703.12	    0.0	    00000000     00000000	   1	[       ]
462   	0     	      7	  NegSmallBright	    914.0000	   1613.28	    0.0	    00000000     00000000	   1	[      4]
463   	0     	     11	 NeutSmallBright	    916.3516	   2351.56	    0.0	    00000000     00000000	   1	[      8]
464   	0     	      9	   NeutSmallDark	    918.7578	   2406.25	    0.0	    00000000     00000000	   1	[      6]
465   	0     	     10	 NeutLargeBright	    921.2695	   2511.72	    0.0	    00000000     00000000	   1	[      7]
466   	0     	      6	  NegLargeBright	    923.4336	   2164.06	    0.0	    00000000     00000000	   1	[      3]
467   	0     	      5	    NegSmallDark	    925.9102	   2476.56	    0.0	    00000000     00000000	   1	[      2]
468   	0     	      5	    NegSmallDark	    928.0039	   2093.75	    0.0	    00000000     00000000	   1	[      2]
469   	0     	      7	  NegSmallBright	    930.1758	   2171.88	    0.0	    00000000     00000000	   1	[      4]
470   	0     	     15	     condition15	    932.3008	   2125.00	    0.0	    00000000     00000000	   1	[       ]
471   	0     	      4	    NegLargeDark	    934.5625	   2261.72	    0.0	    00000000     00000000	   1	[      1]
472   	0     	      6	  NegLargeBright	    936.7188	   2156.25	    0.0	    00000000     00000000	   1	[      3]
473   	0     	     11	 NeutSmallBright	    938.9805	   2261.72	    0.0	    00000000     00000000	   1	[      8]
474   	0     	      8	   NeutLargeDark	    941.4648	   2484.38	    0.0	    00000000     00000000	   1	[      5]
475   	0     	      5	    NegSmallDark	    943.6016	   2136.72	    0.0	    00000000     00000000	   1	[      2]
476   	0     	     14	     condition14	    945.7422	   2140.62	    0.0	    00000000     00000000	   1	[       ]
477   	0     	      2	      condition2	    946.2734	    531.25	    0.0	    00000000     00000000	   1	[       ]
478   	0     	      6	  NegLargeBright	    947.9570	   1683.59	    0.0	    00000000     00000000	   1	[      3]
479   	0     	      4	    NegLargeDark	    950.2109	   2253.91	    0.0	    00000000     00000000	   1	[      1]
480   	0     	      9	   NeutSmallDark	    952.6055	   2394.53	    0.0	    00000000     00000000	   1	[      6]
481   	0     	      8	   NeutLargeDark	    955.0391	   2433.59	    0.0	    00000000     00000000	   1	[      5]
482   	0     	     15	     condition15	    957.0742	   2035.16	    0.0	    00000000     00000000	   1	[       ]
483   	0     	      2	      condition2	    957.9492	    875.00	    0.0	    00000000     00000000	   1	[       ]
484   	0     	      6	  NegLargeBright	    959.3594	   1410.16	    0.0	    00000000     00000000	   1	[      3]
485   	0     	      5	    NegSmallDark	    961.5508	   2191.41	    0.0	    00000000     00000000	   1	[      2]
486   	0     	      8	   NeutLargeDark	    965.5078	   3957.03	    0.0	    00000000     00000000	   1	[      5]
487   	0     	      4	    NegLargeDark	    967.8008	   2292.97	    0.0	    00000000     00000000	   1	[      1]
488   	0     	      9	   NeutSmallDark	    970.1055	   2304.69	    0.0	    00000000     00000000	   1	[      6]
489   	0     	     15	     condition15	    972.2500	   2144.53	    0.0	    00000000     00000000	   1	[       ]
490   	0     	      2	      condition2	    973.0938	    843.75	    0.0	    00000000     00000000	   1	[       ]
491   	0     	     12	     condition12	    974.4336	   1339.84	    0.0	    00000000     00000000	   1	[       ]
492   	0     	      2	      condition2	    975.0938	    660.16	    0.0	    00000000     00000000	   1	[       ]
493   	0     	     12	     condition12	    976.6445	   1550.78	    0.0	    00000000     00000000	   1	[       ]
494   	0     	      2	      condition2	    977.1250	    480.47	    0.0	    00000000     00000000	   1	[       ]
495   	0     	      8	   NeutLargeDark	    978.7305	   1605.47	    0.0	    00000000     00000000	   1	[      5]
496   	0     	      7	  NegSmallBright	    980.8320	   2101.56	    0.0	    00000000     00000000	   1	[      4]
497   	0     	     15	     condition15	    983.2578	   2425.78	    0.0	    00000000     00000000	   1	[       ]
498   	0     	      2	      condition2	    984.0000	    742.19	    0.0	    00000000     00000000	   1	[       ]
499   	0     	     10	 NeutLargeBright	    985.3906	   1390.62	    0.0	    00000000     00000000	   1	[      7]
500   	0     	      6	  NegLargeBright	    987.5352	   2144.53	    0.0	    00000000     00000000	   1	[      3]
501   	0     	      8	   NeutLargeDark	    989.8711	   2335.94	    0.0	    00000000     00000000	   1	[      5]
502   	0     	     11	 NeutSmallBright	    992.3633	   2492.19	    0.0	    00000000     00000000	   1	[      8]
503   	0     	      7	  NegSmallBright	    994.7969	   2433.59	    0.0	    00000000     00000000	   1	[      4]
504   	0     	     10	 NeutLargeBright	    997.0938	   2296.88	    0.0	    00000000     00000000	   1	[      7]
505   	0     	      4	    NegLargeDark	    999.3867	   2292.97	    0.0	    00000000     00000000	   1	[      1]
506   	0     	      7	  NegSmallBright	   1001.6211	   2234.38	    0.0	    00000000     00000000	   1	[      4]
507   	0     	      9	   NeutSmallDark	   1003.9023	   2281.25	    0.0	    00000000     00000000	   1	[      6]
508   	0     	      7	  NegSmallBright	   1006.4180	   2515.62	    0.0	    00000000     00000000	   1	[      4]
509   	0     	      5	    NegSmallDark	   1008.5039	   2085.94	    0.0	    00000000     00000000	   1	[      2]
510   	0     	      5	    NegSmallDark	   1010.7656	   2261.72	    0.0	    00000000     00000000	   1	[      2]
511   	0     	      5	    NegSmallDark	   1013.0117	   2246.09	    0.0	    00000000     00000000	   1	[      2]
512   	0     	      8	   NeutLargeDark	   1015.3828	   2371.09	    0.0	    00000000     00000000	   1	[      5]
513   	0     	     13	     condition13	   1017.4375	   2054.69	    0.0	    00000000     00000000	   1	[       ]
514   	0     	      8	   NeutLargeDark	   1019.7734	   2335.94	    0.0	    00000000     00000000	   1	[      5]
515   	0     	     12	     condition12	   1021.8164	   2042.97	    0.0	    00000000     00000000	   1	[       ]
516   	0     	      2	      condition2	   1022.3438	    527.34	    0.0	    00000000     00000000	   1	[       ]
517   	0     	      6	  NegLargeBright	   1024.0312	   1687.50	    0.0	    00000000     00000000	   1	[      3]
518   	0     	     10	 NeutLargeBright	   1026.4922	   2460.94	    0.0	    00000000     00000000	   1	[      7]
519   	0     	      7	  NegSmallBright	   1028.6367	   2144.53	    0.0	    00000000     00000000	   1	[      4]
520   	0     	      5	    NegSmallDark	   1030.7031	   2066.41	    0.0	    00000000     00000000	   1	[      2]
521   	0     	      9	   NeutSmallDark	   1032.7656	   2062.50	    0.0	    00000000     00000000	   1	[      6]
522   	0     	     11	 NeutSmallBright	   1035.0000	   2234.38	    0.0	    00000000     00000000	   1	[      8]
523   	0     	      9	   NeutSmallDark	   1037.1133	   2113.28	    0.0	    00000000     00000000	   1	[      6]
524   	0     	      5	    NegSmallDark	   1039.6055	   2492.19	    0.0	    00000000     00000000	   1	[      2]
525   	0     	     13	     condition13	   1041.9805	   2375.00	    0.0	    00000000     00000000	   1	[       ]
526   	0     	      2	      condition2	   1043.6445	   1664.06	    0.0	    00000000     00000000	   1	[       ]
527   	0     	      7	  NegSmallBright	   1044.1953	    550.78	    0.0	    00000000     00000000	   1	[      4]
528   	0     	      5	    NegSmallDark	   1046.4102	   2214.84	    0.0	    00000000     00000000	   1	[      2]
529   	0     	     10	 NeutLargeBright	   1048.6719	   2261.72	    0.0	    00000000     00000000	   1	[      7]
530   	0     	     10	 NeutLargeBright	   1050.8359	   2164.06	    0.0	    00000000     00000000	   1	[      7]
531   	0     	     11	 NeutSmallBright	   1053.0820	   2246.09	    0.0	    00000000     00000000	   1	[      8]
532   	0     	     14	     condition14	   1055.3047	   2222.66	    0.0	    00000000     00000000	   1	[       ]
533   	0     	      2	      condition2	   1056.1445	    839.84	    0.0	    00000000     00000000	   1	[       ]
534   	0     	     12	     condition12	   1057.6680	   1523.44	    0.0	    00000000     00000000	   1	[       ]
535   	0     	      2	      condition2	   1058.3594	    691.41	    0.0	    00000000     00000000	   1	[       ]
536   	0     	     13	     condition13	   1060.1016	   1742.19	    0.0	    00000000     00000000	   1	[       ]
537   	0     	      2	      condition2	   1060.9180	    816.41	    0.0	    00000000     00000000	   1	[       ]
538   	0     	      6	  NegLargeBright	   1062.2773	   1359.38	    0.0	    00000000     00000000	   1	[      3]
539   	0     	     10	 NeutLargeBright	   1064.5625	   2285.16	    0.0	    00000000     00000000	   1	[      7]
540   	0     	      7	  NegSmallBright	   1066.9961	   2433.59	    0.0	    00000000     00000000	   1	[      4]
541   	0     	      7	  NegSmallBright	   1069.3906	   2394.53	    0.0	    00000000     00000000	   1	[      4]
542   	0     	      4	    NegLargeDark	   1071.8750	   2484.38	    0.0	    00000000     00000000	   1	[      1]
543   	0     	      7	  NegSmallBright	   1074.2070	   2332.03	    0.0	    00000000     00000000	   1	[      4]
544   	0     	      5	    NegSmallDark	   1076.3711	   2164.06	    0.0	    00000000     00000000	   1	[      2]
545   	0     	     12	     condition12	   1078.6641	   2292.97	    0.0	    00000000     00000000	   1	[       ]
546   	0     	      2	      condition2	   1079.1602	    496.09	    0.0	    00000000     00000000	   1	[       ]
547   	0     	      8	   NeutLargeDark	   1080.6992	   1539.06	    0.0	    00000000     00000000	   1	[      5]
548   	0     	      6	  NegLargeBright	   1082.8438	   2144.53	    0.0	    00000000     00000000	   1	[      3]
549   	0     	     10	 NeutLargeBright	   1085.0664	   2222.66	    0.0	    00000000     00000000	   1	[      7]
550   	0     	      9	   NeutSmallDark	   1087.5195	   2453.12	    0.0	    00000000     00000000	   1	[      6]
551   	0     	      4	    NegLargeDark	   1089.8750	   2355.47	    0.0	    00000000     00000000	   1	[      1]
552   	0     	      6	  NegLargeBright	   1092.1094	   2234.38	    0.0	    00000000     00000000	   1	[      3]
553   	0     	      5	    NegSmallDark	   1094.4219	   2312.50	    0.0	    00000000     00000000	   1	[      2]
554   	0     	      8	   NeutLargeDark	   1096.5859	   2164.06	    0.0	    00000000     00000000	   1	[      5]
555   	0     	     10	 NeutLargeBright	   1098.8125	   2226.56	    0.0	    00000000     00000000	   1	[      7]
556   	0     	     11	 NeutSmallBright	   1101.2539	   2441.41	    0.0	    00000000     00000000	   1	[      8]
557   	0     	      9	   NeutSmallDark	   1103.2773	   2023.44	    0.0	    00000000     00000000	   1	[      6]
558   	0     	      8	   NeutLargeDark	   1105.5625	   2285.16	    0.0	    00000000     00000000	   1	[      5]
559   	0     	      7	  NegSmallBright	   1107.6445	   2082.03	    0.0	    00000000     00000000	   1	[      4]
560   	0     	      9	   NeutSmallDark	   1109.8594	   2214.84	    0.0	    00000000     00000000	   1	[      6]
561   	0     	      5	    NegSmallDark	   1112.2852	   2425.78	    0.0	    00000000     00000000	   1	[      2]
562   	0     	      5	    NegSmallDark	   1114.7188	   2433.59	    0.0	    00000000     00000000	   1	[      2]
563   	0     	     10	 NeutLargeBright	   1116.9922	   2273.44	    0.0	    00000000     00000000	   1	[      7]
564   	0     	     13	     condition13	   1119.1680	   2175.78	    0.0	    00000000     00000000	   1	[       ]
565   	0     	      2	      condition2	   1119.7266	    558.59	    0.0	    00000000     00000000	   1	[       ]
566   	0     	      7	  NegSmallBright	   1121.5703	   1843.75	    0.0	    00000000     00000000	   1	[      4]
567   	0     	      9	   NeutSmallDark	   1124.2695	   2699.22	    0.0	    00000000     00000000	   1	[      6]
568   	0     	     12	     condition12	   1126.4141	   2144.53	    0.0	    00000000     00000000	   1	[       ]
569   	0     	      2	      condition2	   1127.0625	    648.44	    0.0	    00000000     00000000	   1	[       ]
570   	0     	      4	    NegLargeDark	   1128.7773	   1714.84	    0.0	    00000000     00000000	   1	[      1]
571   	0     	      4	    NegLargeDark	   1130.8711	   2093.75	    0.0	    00000000     00000000	   1	[      1]
572   	0     	      9	   NeutSmallDark	   1133.2969	   2425.78	    0.0	    00000000     00000000	   1	[      6]
573   	0     	      4	    NegLargeDark	   1135.7500	   2453.12	    0.0	    00000000     00000000	   1	[      1]
574   	0     	      9	   NeutSmallDark	   1138.1445	   2394.53	    0.0	    00000000     00000000	   1	[      6]
575   	0     	     11	 NeutSmallBright	   1140.2266	   2082.03	    0.0	    00000000     00000000	   1	[      8]
576   	0     	      7	  NegSmallBright	   1142.4219	   2195.31	    0.0	    00000000     00000000	   1	[      4]
577   	0     	      6	  NegLargeBright	   1144.9062	   2484.38	    0.0	    00000000     00000000	   1	[      3]
578   	0     	      8	   NeutLargeDark	   1147.4219	   2515.62	    0.0	    00000000     00000000	   1	[      5]
579   	0     	      9	   NeutSmallDark	   1149.7852	   2363.28	    0.0	    00000000     00000000	   1	[      6]
580   	0     	     11	 NeutSmallBright	   1151.9805	   2195.31	    0.0	    00000000     00000000	   1	[      8]
581   	0     	      4	    NegLargeDark	   1154.3516	   2371.09	    0.0	    00000000     00000000	   1	[      1]
582   	0     	      4	    NegLargeDark	   1156.8086	   2457.03	    0.0	    00000000     00000000	   1	[      1]
583   	0     	      6	  NegLargeBright	   1159.3438	   2535.16	    0.0	    00000000     00000000	   1	[      3]
584   	0     	      4	    NegLargeDark	   1161.6367	   2292.97	    0.0	    00000000     00000000	   1	[      1]
585   	0     	      5	    NegSmallDark	   1164.1406	   2503.91	    0.0	    00000000     00000000	   1	[      2]
586   	0     	     11	 NeutSmallBright	   1166.5156	   2375.00	    0.0	    00000000     00000000	   1	[      8]
587   	0     	      7	  NegSmallBright	   1168.9375	   2421.88	    0.0	    00000000     00000000	   1	[      4]
588   	0     	     15	     condition15	   1171.4023	   2464.84	    0.0	    00000000     00000000	   1	[       ]
589   	0     	      2	      condition2	   1172.1641	    761.72	    0.0	    00000000     00000000	   1	[       ]
590   	0     	     10	 NeutLargeBright	   1173.9062	   1742.19	    0.0	    00000000     00000000	   1	[      7]
591   	0     	      4	    NegLargeDark	   1176.0703	   2164.06	    0.0	    00000000     00000000	   1	[      1]
592   	0     	      5	    NegSmallDark	   1178.1133	   2042.97	    0.0	    00000000     00000000	   1	[      2]
593   	0     	     14	     condition14	   1180.2266	   2113.28	    0.0	    00000000     00000000	   1	[       ]
594   	0     	      2	      condition2	   1180.8828	    656.25	    0.0	    00000000     00000000	   1	[       ]
595   	0     	      7	  NegSmallBright	   1182.2930	   1410.16	    0.0	    00000000     00000000	   1	[      4]
596   	0     	      4	    NegLargeDark	   1184.7383	   2445.31	    0.0	    00000000     00000000	   1	[      1]
597   	0     	      4	    NegLargeDark	   1186.8516	   2113.28	    0.0	    00000000     00000000	   1	[      1]
598   	0     	     11	 NeutSmallBright	   1188.9219	   2070.31	    0.0	    00000000     00000000	   1	[      8]
599   	0     	     11	 NeutSmallBright	   1191.4375	   2515.62	    0.0	    00000000     00000000	   1	[      8]
600   	0     	     11	 NeutSmallBright	   1193.7617	   2324.22	    0.0	    00000000     00000000	   1	[      8]
601   	0     	     15	     condition15	   1195.9180	   2156.25	    0.0	    00000000     00000000	   1	[       ]
602   	0     	      2	      condition2	   1196.9805	   1062.50	    0.0	    00000000     00000000	   1	[       ]
603   	0     	     10	 NeutLargeBright	   1197.9805	   1000.00	    0.0	    00000000     00000000	   1	[      7]
604   	0     	     10	 NeutLargeBright	   1200.2148	   2234.38	    0.0	    00000000     00000000	   1	[      7]
605   	0     	      9	   NeutSmallDark	   1202.3867	   2171.88	    0.0	    00000000     00000000	   1	[      6]
606   	0     	     15	     condition15	   1204.8203	   2433.59	    0.0	    00000000     00000000	   1	[       ]
607   	0     	      2	      condition2	   1205.5898	    769.53	    0.0	    00000000     00000000	   1	[       ]
608   	0     	      6	  NegLargeBright	   1206.8867	   1296.88	    0.0	    00000000     00000000	   1	[      3]
609   	0     	      9	   NeutSmallDark	   1209.3516	   2464.84	    0.0	    00000000     00000000	   1	[      6]
610   	0     	      5	    NegSmallDark	   1211.7539	   2402.34	    0.0	    00000000     00000000	   1	[      2]
611   	0     	     10	 NeutLargeBright	   1213.9180	   2164.06	    0.0	    00000000     00000000	   1	[      7]
612   	0     	     10	 NeutLargeBright	   1216.3711	   2453.12	    0.0	    00000000     00000000	   1	[      7]
613   	0     	     12	     condition12	   1218.6758	   2304.69	    0.0	    00000000     00000000	   1	[       ]
614   	0     	     12	     condition12	   1220.7891	   2113.28	    0.0	    00000000     00000000	   1	[       ]
615   	0     	      2	      condition2	   1221.4453	    656.25	    0.0	    00000000     00000000	   1	[       ]
616   	0     	     11	 NeutSmallBright	   1223.1641	   1718.75	    0.0	    00000000     00000000	   1	[      8]
617   	0     	      5	    NegSmallDark	   1225.2188	   2054.69	    0.0	    00000000     00000000	   1	[      2]
618   	0     	      4	    NegLargeDark	   1227.4297	   2210.94	    0.0	    00000000     00000000	   1	[      1]
619   	0     	      8	   NeutLargeDark	   1229.9453	   2515.62	    0.0	    00000000     00000000	   1	[      5]
620   	0     	     15	     condition15	   1231.9883	   2042.97	    0.0	    00000000     00000000	   1	[       ]
621   	0     	      2	      condition2	   1232.7305	    742.19	    0.0	    00000000     00000000	   1	[       ]
622   	0     	     10	 NeutLargeBright	   1234.3945	   1664.06	    0.0	    00000000     00000000	   1	[      7]
623   	0     	      7	  NegSmallBright	   1236.7891	   2394.53	    0.0	    00000000     00000000	   1	[      4]
624   	0     	      4	    NegLargeDark	   1239.2031	   2414.06	    0.0	    00000000     00000000	   1	[      1]
625   	0     	      5	    NegSmallDark	   1241.4258	   2222.66	    0.0	    00000000     00000000	   1	[      2]
626   	0     	      6	  NegLargeBright	   1243.7891	   2363.28	    0.0	    00000000     00000000	   1	[      3]
627   	0     	      9	   NeutSmallDark	   1245.8320	   2042.97	    0.0	    00000000     00000000	   1	[      6]
628   	0     	      4	    NegLargeDark	   1248.0273	   2195.31	    0.0	    00000000     00000000	   1	[      1]
629   	0     	     10	 NeutLargeBright	   1250.4336	   2406.25	    0.0	    00000000     00000000	   1	[      7]
630   	0     	      9	   NeutSmallDark	   1252.9453	   2511.72	    0.0	    00000000     00000000	   1	[      6]
631   	0     	     11	 NeutSmallBright	   1254.9805	   2035.16	    0.0	    00000000     00000000	   1	[      8]
632   	0     	     11	 NeutSmallBright	   1257.2422	   2261.72	    0.0	    00000000     00000000	   1	[      8]
633   	0     	     10	 NeutLargeBright	   1259.7266	   2484.38	    0.0	    00000000     00000000	   1	[      7]
634   	0     	      7	  NegSmallBright	   1261.8125	   2085.94	    0.0	    00000000     00000000	   1	[      4]
635   	0     	     11	 NeutSmallBright	   1263.9570	   2144.53	    0.0	    00000000     00000000	   1	[      8]
636   	0     	      8	   NeutLargeDark	   1266.2812	   2324.22	    0.0	    00000000     00000000	   1	[      5]
637   	0     	      8	   NeutLargeDark	   1268.5820	   2300.78	    0.0	    00000000     00000000	   1	[      5]
638   	0     	      9	   NeutSmallDark	   1270.7656	   2183.59	    0.0	    00000000     00000000	   1	[      6]
639   	0     	      6	  NegLargeBright	   1273.0312	   2265.62	    0.0	    00000000     00000000	   1	[      3]
640   	0     	     10	 NeutLargeBright	   1275.3242	   2292.97	    0.0	    00000000     00000000	   1	[      7]
641   	0     	      4	    NegLargeDark	   1277.7891	   2464.84	    0.0	    00000000     00000000	   1	[      1]
642   	0     	      5	    NegSmallDark	   1280.0547	   2265.62	    0.0	    00000000     00000000	   1	[      2]
