#  Non-editable header begin --------------------------------------------------------------------------------
# 
#  data format...............: continuous
#  setname...................: BDF file
#  filename..................: none_specified
#  filepath..................: none_specified
#  nchan.....................: 64
#  pnts......................: 328192
#  srate.....................: 256
#  nevents...................: 651
#  generated by (bdf)........: 
#  generated by (set)........: BDF file
#  reported in ..............: 
#  prog Version..............: 8.02
#  creation date.............: 18-Nov-2020 17:05:41
#  user Account..............: 
# 
#  Non-editable header end --------------------------------------------------------------------------------

	bin 1,	# 60,	NegLargeDark
	bin 2,	# 60,	NegSmallDark
	bin 3,	# 60,	NegLargeBright
	bin 4,	# 60,	NegSmallBright
	bin 5,	# 60,	NeutLargeDark
	bin 6,	# 60,	NeutSmallDark
	bin 7,	# 60,	NeutLargeBright
	bin 8,	# 60,	NeutSmallBright



# item	 bepoch	  ecode	            label	      onset	          diff	     dura	b_flags	   a_flags	  enable	    bin
#                                                 (sec)           (msec)     (msec)    (binary)   (binary)


1     	0     	    253	              ""	      0.1562	      0.00	    0.0	    00000000     00000000	   1	[       ]
2     	0     	     11	 NeutSmallBright	      1.1562	   1000.00	    0.0	    00000000     00000000	   1	[      8]
3     	0     	      7	  NegSmallBright	      3.4414	   2285.16	    0.0	    00000000     00000000	   1	[      4]
4     	0     	      6	  NegLargeBright	      5.6445	   2203.12	    0.0	    00000000     00000000	   1	[      3]
5     	0     	      5	    NegSmallDark	      8.0781	   2433.59	    0.0	    00000000     00000000	   1	[      2]
6     	0     	      6	  NegLargeBright	     10.2344	   2156.25	    0.0	    00000000     00000000	   1	[      3]
7     	0     	      9	   NeutSmallDark	     12.7070	   2472.66	    0.0	    00000000     00000000	   1	[      6]
8     	0     	      6	  NegLargeBright	     15.1016	   2394.53	    0.0	    00000000     00000000	   1	[      3]
9     	0     	     11	 NeutSmallBright	     17.2344	   2132.81	    0.0	    00000000     00000000	   1	[      8]
10    	0     	     11	 NeutSmallBright	     19.3477	   2113.28	    0.0	    00000000     00000000	   1	[      8]
11    	0     	     11	 NeutSmallBright	     21.4023	   2054.69	    0.0	    00000000     00000000	   1	[      8]
12    	0     	      7	  NegSmallBright	     23.7891	   2386.72	    0.0	    00000000     00000000	   1	[      4]
13    	0     	      4	    NegLargeDark	     25.9023	   2113.28	    0.0	    00000000     00000000	   1	[      1]
14    	0     	     11	 NeutSmallBright	     28.3242	   2421.88	    0.0	    00000000     00000000	   1	[      8]
15    	0     	      6	  NegLargeBright	     30.3906	   2066.41	    0.0	    00000000     00000000	   1	[      3]
16    	0     	     12	     condition12	     32.8125	   2421.88	    0.0	    00000000     00000000	   1	[       ]
17    	0     	      2	      condition2	     33.3555	    542.97	    0.0	    00000000     00000000	   1	[       ]
18    	0     	      8	   NeutLargeDark	     34.9766	   1621.09	    0.0	    00000000     00000000	   1	[      5]
19    	0     	      6	  NegLargeBright	     37.0312	   2054.69	    0.0	    00000000     00000000	   1	[      3]
20    	0     	     10	 NeutLargeBright	     39.2734	   2242.19	    0.0	    00000000     00000000	   1	[      7]
21    	0     	     11	 NeutSmallBright	     41.3672	   2093.75	    0.0	    00000000     00000000	   1	[      8]
22    	0     	     11	 NeutSmallBright	     43.4102	   2042.97	    0.0	    00000000     00000000	   1	[      8]
23    	0     	      6	  NegLargeBright	     45.4648	   2054.69	    0.0	    00000000     00000000	   1	[      3]
24    	0     	      7	  NegSmallBright	     47.8086	   2343.75	    0.0	    00000000     00000000	   1	[      4]
25    	0     	      9	   NeutSmallDark	     50.2344	   2425.78	    0.0	    00000000     00000000	   1	[      6]
26    	0     	      8	   NeutLargeDark	     52.7578	   2523.44	    0.0	    00000000     00000000	   1	[      5]
27    	0     	      8	   NeutLargeDark	     54.8906	   2132.81	    0.0	    00000000     00000000	   1	[      5]
28    	0     	      4	    NegLargeDark	     57.1367	   2246.09	    0.0	    00000000     00000000	   1	[      1]
29    	0     	     10	 NeutLargeBright	     59.5391	   2402.34	    0.0	    00000000     00000000	   1	[      7]
30    	0     	     12	     condition12	     61.6641	   2125.00	    0.0	    00000000     00000000	   1	[       ]
31    	0     	      2	      condition2	     62.0469	    382.81	    0.0	    00000000     00000000	   1	[       ]
32    	0     	     13	     condition13	     63.9180	   1871.09	    0.0	    00000000     00000000	   1	[       ]
33    	0     	      2	      condition2	     64.3906	    472.66	    0.0	    00000000     00000000	   1	[       ]
34    	0     	     14	     condition14	     66.2812	   1890.62	    0.0	    00000000     00000000	   1	[       ]
35    	0     	      2	      condition2	     66.7539	    472.66	    0.0	    00000000     00000000	   1	[       ]
36    	0     	      7	  NegSmallBright	     68.7148	   1960.94	    0.0	    00000000     00000000	   1	[      4]
37    	0     	     10	 NeutLargeBright	     71.1523	   2437.50	    0.0	    00000000     00000000	   1	[      7]
38    	0     	     10	 NeutLargeBright	     73.6445	   2492.19	    0.0	    00000000     00000000	   1	[      7]
39    	0     	      7	  NegSmallBright	     76.0508	   2406.25	    0.0	    00000000     00000000	   1	[      4]
40    	0     	      4	    NegLargeDark	     78.2344	   2183.59	    0.0	    00000000     00000000	   1	[      1]
41    	0     	     15	     condition15	     80.5469	   2312.50	    0.0	    00000000     00000000	   1	[       ]
42    	0     	      2	      condition2	     81.0742	    527.34	    0.0	    00000000     00000000	   1	[       ]
43    	0     	      7	  NegSmallBright	     82.8594	   1785.16	    0.0	    00000000     00000000	   1	[      4]
44    	0     	      5	    NegSmallDark	     85.0234	   2164.06	    0.0	    00000000     00000000	   1	[      2]
45    	0     	      5	    NegSmallDark	     87.4609	   2437.50	    0.0	    00000000     00000000	   1	[      2]
46    	0     	      8	   NeutLargeDark	     89.7148	   2253.91	    0.0	    00000000     00000000	   1	[      5]
47    	0     	      8	   NeutLargeDark	     92.2070	   2492.19	    0.0	    00000000     00000000	   1	[      5]
48    	0     	      7	  NegSmallBright	     94.4922	   2285.16	    0.0	    00000000     00000000	   1	[      4]
49    	0     	     10	 NeutLargeBright	     96.8359	   2343.75	    0.0	    00000000     00000000	   1	[      7]
50    	0     	      5	    NegSmallDark	     99.0586	   2222.66	    0.0	    00000000     00000000	   1	[      2]
51    	0     	      8	   NeutLargeDark	    101.1133	   2054.69	    0.0	    00000000     00000000	   1	[      5]
52    	0     	     12	     condition12	    103.3477	   2234.38	    0.0	    00000000     00000000	   1	[       ]
53    	0     	      2	      condition2	    103.7461	    398.44	    0.0	    00000000     00000000	   1	[       ]
54    	0     	      9	   NeutSmallDark	    105.6406	   1894.53	    0.0	    00000000     00000000	   1	[      6]
55    	0     	      8	   NeutLargeDark	    107.9648	   2324.22	    0.0	    00000000     00000000	   1	[      5]
56    	0     	      4	    NegLargeDark	    110.2188	   2253.91	    0.0	    00000000     00000000	   1	[      1]
57    	0     	      8	   NeutLargeDark	    112.4922	   2273.44	    0.0	    00000000     00000000	   1	[      5]
58    	0     	      9	   NeutSmallDark	    114.5273	   2035.16	    0.0	    00000000     00000000	   1	[      6]
59    	0     	     12	     condition12	    116.7695	   2242.19	    0.0	    00000000     00000000	   1	[       ]
60    	0     	      2	      condition2	    117.2344	    464.84	    0.0	    00000000     00000000	   1	[       ]
61    	0     	      5	    NegSmallDark	    119.0039	   1769.53	    0.0	    00000000     00000000	   1	[      2]
62    	0     	     10	 NeutLargeBright	    121.2891	   2285.16	    0.0	    00000000     00000000	   1	[      7]
63    	0     	      5	    NegSmallDark	    123.4141	   2125.00	    0.0	    00000000     00000000	   1	[      2]
64    	0     	      4	    NegLargeDark	    125.6953	   2281.25	    0.0	    00000000     00000000	   1	[      1]
65    	0     	      8	   NeutLargeDark	    128.0586	   2363.28	    0.0	    00000000     00000000	   1	[      5]
66    	0     	      4	    NegLargeDark	    130.2461	   2187.50	    0.0	    00000000     00000000	   1	[      1]
67    	0     	     11	 NeutSmallBright	    132.4062	   2160.16	    0.0	    00000000     00000000	   1	[      8]
68    	0     	      9	   NeutSmallDark	    134.8906	   2484.38	    0.0	    00000000     00000000	   1	[      6]
69    	0     	      4	    NegLargeDark	    137.1172	   2226.56	    0.0	    00000000     00000000	   1	[      1]
70    	0     	      9	   NeutSmallDark	    139.4414	   2324.22	    0.0	    00000000     00000000	   1	[      6]
71    	0     	     12	     condition12	    141.6836	   2242.19	    0.0	    00000000     00000000	   1	[       ]
72    	0     	      2	      condition2	    142.1484	    464.84	    0.0	    00000000     00000000	   1	[       ]
73    	0     	      6	  NegLargeBright	    144.1602	   2011.72	    0.0	    00000000     00000000	   1	[      3]
74    	0     	      9	   NeutSmallDark	    146.2109	   2050.78	    0.0	    00000000     00000000	   1	[      6]
75    	0     	     12	     condition12	    148.5352	   2324.22	    0.0	    00000000     00000000	   1	[       ]
76    	0     	      2	      condition2	    149.0430	    507.81	    0.0	    00000000     00000000	   1	[       ]
77    	0     	      5	    NegSmallDark	    150.8711	   1828.12	    0.0	    00000000     00000000	   1	[      2]
78    	0     	     10	 NeutLargeBright	    153.2031	   2332.03	    0.0	    00000000     00000000	   1	[      7]
79    	0     	      6	  NegLargeBright	    155.5195	   2316.41	    0.0	    00000000     00000000	   1	[      3]
80    	0     	      9	   NeutSmallDark	    157.9219	   2402.34	    0.0	    00000000     00000000	   1	[      6]
81    	0     	    253	              ""	    160.6719	   2750.00	    0.0	    00000000     00000000	   1	[       ]
82    	0     	     11	 NeutSmallBright	    161.6719	   1000.00	    0.0	    00000000     00000000	   1	[      8]
83    	0     	     14	     condition14	    163.8828	   2210.94	    0.0	    00000000     00000000	   1	[       ]
84    	0     	      2	      condition2	    164.4062	    523.44	    0.0	    00000000     00000000	   1	[       ]
85    	0     	     10	 NeutLargeBright	    166.1094	   1703.12	    0.0	    00000000     00000000	   1	[      7]
86    	0     	      6	  NegLargeBright	    168.3711	   2261.72	    0.0	    00000000     00000000	   1	[      3]
87    	0     	      5	    NegSmallDark	    170.6758	   2304.69	    0.0	    00000000     00000000	   1	[      2]
88    	0     	      4	    NegLargeDark	    172.7305	   2054.69	    0.0	    00000000     00000000	   1	[      1]
89    	0     	     15	     condition15	    175.2227	   2492.19	    0.0	    00000000     00000000	   1	[       ]
90    	0     	      2	      condition2	    175.7070	    484.38	    0.0	    00000000     00000000	   1	[       ]
91    	0     	     15	     condition15	    177.3594	   1652.34	    0.0	    00000000     00000000	   1	[       ]
92    	0     	      2	      condition2	    177.8750	    515.62	    0.0	    00000000     00000000	   1	[       ]
93    	0     	     11	 NeutSmallBright	    179.6328	   1757.81	    0.0	    00000000     00000000	   1	[      8]
94    	0     	      9	   NeutSmallDark	    181.9258	   2292.97	    0.0	    00000000     00000000	   1	[      6]
95    	0     	     12	     condition12	    184.4102	   2484.38	    0.0	    00000000     00000000	   1	[       ]
96    	0     	      2	      condition2	    185.0508	    640.62	    0.0	    00000000     00000000	   1	[       ]
97    	0     	      8	   NeutLargeDark	    186.9336	   1882.81	    0.0	    00000000     00000000	   1	[      5]
98    	0     	      4	    NegLargeDark	    189.3398	   2406.25	    0.0	    00000000     00000000	   1	[      1]
99    	0     	     11	 NeutSmallBright	    191.4922	   2152.34	    0.0	    00000000     00000000	   1	[      8]
100   	0     	      4	    NegLargeDark	    193.5547	   2062.50	    0.0	    00000000     00000000	   1	[      1]
101   	0     	      7	  NegSmallBright	    195.7383	   2183.59	    0.0	    00000000     00000000	   1	[      4]
102   	0     	      6	  NegLargeBright	    197.8555	   2117.19	    0.0	    00000000     00000000	   1	[      3]
103   	0     	      6	  NegLargeBright	    200.3281	   2472.66	    0.0	    00000000     00000000	   1	[      3]
104   	0     	      6	  NegLargeBright	    202.8242	   2496.09	    0.0	    00000000     00000000	   1	[      3]
105   	0     	     10	 NeutLargeBright	    204.9961	   2171.88	    0.0	    00000000     00000000	   1	[      7]
106   	0     	     10	 NeutLargeBright	    207.2383	   2242.19	    0.0	    00000000     00000000	   1	[      7]
107   	0     	      5	    NegSmallDark	    209.6836	   2445.31	    0.0	    00000000     00000000	   1	[      2]
108   	0     	     15	     condition15	    211.7188	   2035.16	    0.0	    00000000     00000000	   1	[       ]
109   	0     	      2	      condition2	    212.2305	    511.72	    0.0	    00000000     00000000	   1	[       ]
110   	0     	      9	   NeutSmallDark	    213.9922	   1761.72	    0.0	    00000000     00000000	   1	[      6]
111   	0     	      4	    NegLargeDark	    216.2344	   2242.19	    0.0	    00000000     00000000	   1	[      1]
112   	0     	      4	    NegLargeDark	    218.4102	   2175.78	    0.0	    00000000     00000000	   1	[      1]
113   	0     	     15	     condition15	    220.8359	   2425.78	    0.0	    00000000     00000000	   1	[       ]
114   	0     	      2	      condition2	    221.4023	    566.41	    0.0	    00000000     00000000	   1	[       ]
115   	0     	      7	  NegSmallBright	    223.3477	   1945.31	    0.0	    00000000     00000000	   1	[      4]
116   	0     	      4	    NegLargeDark	    225.5938	   2246.09	    0.0	    00000000     00000000	   1	[      1]
117   	0     	      8	   NeutLargeDark	    227.9570	   2363.28	    0.0	    00000000     00000000	   1	[      5]
118   	0     	      4	    NegLargeDark	    230.2695	   2312.50	    0.0	    00000000     00000000	   1	[      1]
119   	0     	     11	 NeutSmallBright	    232.4023	   2132.81	    0.0	    00000000     00000000	   1	[      8]
120   	0     	     15	     condition15	    234.6367	   2234.38	    0.0	    00000000     00000000	   1	[       ]
121   	0     	      2	      condition2	    235.3203	    683.59	    0.0	    00000000     00000000	   1	[       ]
122   	0     	     10	 NeutLargeBright	    237.0625	   1742.19	    0.0	    00000000     00000000	   1	[      7]
123   	0     	      9	   NeutSmallDark	    239.1055	   2042.97	    0.0	    00000000     00000000	   1	[      6]
124   	0     	      5	    NegSmallDark	    241.6094	   2503.91	    0.0	    00000000     00000000	   1	[      2]
125   	0     	      6	  NegLargeBright	    243.6445	   2035.16	    0.0	    00000000     00000000	   1	[      3]
126   	0     	     11	 NeutSmallBright	    245.7188	   2074.22	    0.0	    00000000     00000000	   1	[      8]
127   	0     	     11	 NeutSmallBright	    247.8203	   2101.56	    0.0	    00000000     00000000	   1	[      8]
128   	0     	     10	 NeutLargeBright	    250.0742	   2253.91	    0.0	    00000000     00000000	   1	[      7]
129   	0     	      6	  NegLargeBright	    252.2695	   2195.31	    0.0	    00000000     00000000	   1	[      3]
130   	0     	      4	    NegLargeDark	    254.4336	   2164.06	    0.0	    00000000     00000000	   1	[      1]
131   	0     	     13	     condition13	    256.6953	   2261.72	    0.0	    00000000     00000000	   1	[       ]
132   	0     	      2	      condition2	    257.1797	    484.38	    0.0	    00000000     00000000	   1	[       ]
133   	0     	     10	 NeutLargeBright	    259.2227	   2042.97	    0.0	    00000000     00000000	   1	[      7]
134   	0     	      6	  NegLargeBright	    261.2734	   2050.78	    0.0	    00000000     00000000	   1	[      3]
135   	0     	      2	      condition2	    261.7422	    468.75	    0.0	    00000000     00000000	   1	[       ]
136   	0     	     10	 NeutLargeBright	    263.7109	   1968.75	    0.0	    00000000     00000000	   1	[      7]
137   	0     	      5	    NegSmallDark	    265.7734	   2062.50	    0.0	    00000000     00000000	   1	[      2]
138   	0     	     11	 NeutSmallBright	    268.1055	   2332.03	    0.0	    00000000     00000000	   1	[      8]
139   	0     	      8	   NeutLargeDark	    270.2422	   2136.72	    0.0	    00000000     00000000	   1	[      5]
140   	0     	     10	 NeutLargeBright	    272.6562	   2414.06	    0.0	    00000000     00000000	   1	[      7]
141   	0     	      4	    NegLargeDark	    275.0977	   2441.41	    0.0	    00000000     00000000	   1	[      1]
142   	0     	      6	  NegLargeBright	    277.5352	   2437.50	    0.0	    00000000     00000000	   1	[      3]
143   	0     	      8	   NeutLargeDark	    280.0273	   2492.19	    0.0	    00000000     00000000	   1	[      5]
144   	0     	     11	 NeutSmallBright	    282.3008	   2273.44	    0.0	    00000000     00000000	   1	[      8]
145   	0     	     10	 NeutLargeBright	    284.3672	   2066.41	    0.0	    00000000     00000000	   1	[      7]
146   	0     	      4	    NegLargeDark	    286.6914	   2324.22	    0.0	    00000000     00000000	   1	[      1]
147   	0     	     13	     condition13	    288.7344	   2042.97	    0.0	    00000000     00000000	   1	[       ]
148   	0     	      2	      condition2	    289.1875	    453.12	    0.0	    00000000     00000000	   1	[       ]
149   	0     	      9	   NeutSmallDark	    291.1289	   1941.41	    0.0	    00000000     00000000	   1	[      6]
150   	0     	     14	     condition14	    293.4023	   2273.44	    0.0	    00000000     00000000	   1	[       ]
151   	0     	      2	      condition2	    293.8711	    468.75	    0.0	    00000000     00000000	   1	[       ]
152   	0     	     12	     condition12	    295.7773	   1906.25	    0.0	    00000000     00000000	   1	[       ]
153   	0     	      2	      condition2	    296.3203	    542.97	    0.0	    00000000     00000000	   1	[       ]
154   	0     	      8	   NeutLargeDark	    297.8477	   1527.34	    0.0	    00000000     00000000	   1	[      5]
155   	0     	      9	   NeutSmallDark	    300.1641	   2316.41	    0.0	    00000000     00000000	   1	[      6]
156   	0     	     15	     condition15	    302.3086	   2144.53	    0.0	    00000000     00000000	   1	[       ]
157   	0     	      2	      condition2	    302.7539	    445.31	    0.0	    00000000     00000000	   1	[       ]
158   	0     	      4	    NegLargeDark	    304.6016	   1847.66	    0.0	    00000000     00000000	   1	[      1]
159   	0     	     14	     condition14	    306.7031	   2101.56	    0.0	    00000000     00000000	   1	[       ]
160   	0     	      2	      condition2	    307.1094	    406.25	    0.0	    00000000     00000000	   1	[       ]
161   	0     	      4	    NegLargeDark	    309.1602	   2050.78	    0.0	    00000000     00000000	   1	[      1]
162   	0     	      8	   NeutLargeDark	    311.6836	   2523.44	    0.0	    00000000     00000000	   1	[      5]
163   	0     	      9	   NeutSmallDark	    313.8359	   2152.34	    0.0	    00000000     00000000	   1	[      6]
164   	0     	     15	     condition15	    315.9414	   2105.47	    0.0	    00000000     00000000	   1	[       ]
165   	0     	      2	      condition2	    316.6094	    667.97	    0.0	    00000000     00000000	   1	[       ]
166   	0     	     10	 NeutLargeBright	    318.2461	   1636.72	    0.0	    00000000     00000000	   1	[      7]
167   	0     	    253	              ""	    320.8438	   2597.66	    0.0	    00000000     00000000	   1	[       ]
168   	0     	      4	    NegLargeDark	    321.8516	   1007.81	    0.0	    00000000     00000000	   1	[      1]
169   	0     	     11	 NeutSmallBright	    323.9531	   2101.56	    0.0	    00000000     00000000	   1	[      8]
170   	0     	      8	   NeutLargeDark	    326.4180	   2464.84	    0.0	    00000000     00000000	   1	[      5]
171   	0     	      9	   NeutSmallDark	    328.5820	   2164.06	    0.0	    00000000     00000000	   1	[      6]
172   	0     	     11	 NeutSmallBright	    331.0781	   2496.09	    0.0	    00000000     00000000	   1	[      8]
173   	0     	      4	    NegLargeDark	    333.5625	   2484.38	    0.0	    00000000     00000000	   1	[      1]
174   	0     	     11	 NeutSmallBright	    335.9648	   2402.34	    0.0	    00000000     00000000	   1	[      8]
175   	0     	     10	 NeutLargeBright	    338.1797	   2214.84	    0.0	    00000000     00000000	   1	[      7]
176   	0     	     10	 NeutLargeBright	    340.7148	   2535.16	    0.0	    00000000     00000000	   1	[      7]
177   	0     	      7	  NegSmallBright	    342.8164	   2101.56	    0.0	    00000000     00000000	   1	[      4]
178   	0     	      5	    NegSmallDark	    345.2227	   2406.25	    0.0	    00000000     00000000	   1	[      2]
179   	0     	      7	  NegSmallBright	    347.4766	   2253.91	    0.0	    00000000     00000000	   1	[      4]
180   	0     	      9	   NeutSmallDark	    349.6992	   2222.66	    0.0	    00000000     00000000	   1	[      6]
181   	0     	     10	 NeutLargeBright	    351.9141	   2214.84	    0.0	    00000000     00000000	   1	[      7]
182   	0     	     11	 NeutSmallBright	    354.2891	   2375.00	    0.0	    00000000     00000000	   1	[      8]
183   	0     	      5	    NegSmallDark	    356.3906	   2101.56	    0.0	    00000000     00000000	   1	[      2]
184   	0     	      7	  NegSmallBright	    358.5742	   2183.59	    0.0	    00000000     00000000	   1	[      4]
185   	0     	      9	   NeutSmallDark	    360.7305	   2156.25	    0.0	    00000000     00000000	   1	[      6]
186   	0     	     10	 NeutLargeBright	    362.9414	   2210.94	    0.0	    00000000     00000000	   1	[      7]
187   	0     	      4	    NegLargeDark	    365.0977	   2156.25	    0.0	    00000000     00000000	   1	[      1]
188   	0     	      9	   NeutSmallDark	    367.5820	   2484.38	    0.0	    00000000     00000000	   1	[      6]
189   	0     	     10	 NeutLargeBright	    369.6562	   2074.22	    0.0	    00000000     00000000	   1	[      7]
190   	0     	      9	   NeutSmallDark	    372.1094	   2453.12	    0.0	    00000000     00000000	   1	[      6]
191   	0     	      5	    NegSmallDark	    374.3828	   2273.44	    0.0	    00000000     00000000	   1	[      2]
192   	0     	      4	    NegLargeDark	    376.4375	   2054.69	    0.0	    00000000     00000000	   1	[      1]
193   	0     	      6	  NegLargeBright	    378.6797	   2242.19	    0.0	    00000000     00000000	   1	[      3]
194   	0     	      9	   NeutSmallDark	    380.9961	   2316.41	    0.0	    00000000     00000000	   1	[      6]
195   	0     	      7	  NegSmallBright	    383.4883	   2492.19	    0.0	    00000000     00000000	   1	[      4]
196   	0     	     11	 NeutSmallBright	    385.8125	   2324.22	    0.0	    00000000     00000000	   1	[      8]
197   	0     	      9	   NeutSmallDark	    387.9180	   2105.47	    0.0	    00000000     00000000	   1	[      6]
198   	0     	      9	   NeutSmallDark	    390.2891	   2371.09	    0.0	    00000000     00000000	   1	[      6]
199   	0     	      7	  NegSmallBright	    392.5352	   2246.09	    0.0	    00000000     00000000	   1	[      4]
200   	0     	      7	  NegSmallBright	    394.6680	   2132.81	    0.0	    00000000     00000000	   1	[      4]
201   	0     	      4	    NegLargeDark	    396.7031	   2035.16	    0.0	    00000000     00000000	   1	[      1]
202   	0     	     12	     condition12	    399.1250	   2421.88	    0.0	    00000000     00000000	   1	[       ]
203   	0     	      2	      condition2	    399.7656	    640.62	    0.0	    00000000     00000000	   1	[       ]
204   	0     	      4	    NegLargeDark	    401.2812	   1515.62	    0.0	    00000000     00000000	   1	[      1]
205   	0     	      5	    NegSmallDark	    403.4922	   2210.94	    0.0	    00000000     00000000	   1	[      2]
206   	0     	     12	     condition12	    405.8281	   2335.94	    0.0	    00000000     00000000	   1	[       ]
207   	0     	      2	      condition2	    406.2930	    464.84	    0.0	    00000000     00000000	   1	[       ]
208   	0     	      5	    NegSmallDark	    408.0039	   1710.94	    0.0	    00000000     00000000	   1	[      2]
209   	0     	      7	  NegSmallBright	    410.2852	   2281.25	    0.0	    00000000     00000000	   1	[      4]
210   	0     	      6	  NegLargeBright	    412.4609	   2175.78	    0.0	    00000000     00000000	   1	[      3]
211   	0     	      9	   NeutSmallDark	    414.7656	   2304.69	    0.0	    00000000     00000000	   1	[      6]
212   	0     	      5	    NegSmallDark	    416.8281	   2062.50	    0.0	    00000000     00000000	   1	[      2]
213   	0     	     14	     condition14	    419.2500	   2421.88	    0.0	    00000000     00000000	   1	[       ]
214   	0     	      2	      condition2	    419.7617	    511.72	    0.0	    00000000     00000000	   1	[       ]
215   	0     	      8	   NeutLargeDark	    421.4570	   1695.31	    0.0	    00000000     00000000	   1	[      5]
216   	0     	     10	 NeutLargeBright	    423.9492	   2492.19	    0.0	    00000000     00000000	   1	[      7]
217   	0     	     11	 NeutSmallBright	    426.2031	   2253.91	    0.0	    00000000     00000000	   1	[      8]
218   	0     	     10	 NeutLargeBright	    428.6367	   2433.59	    0.0	    00000000     00000000	   1	[      7]
219   	0     	      4	    NegLargeDark	    431.0625	   2425.78	    0.0	    00000000     00000000	   1	[      1]
220   	0     	      6	  NegLargeBright	    433.5469	   2484.38	    0.0	    00000000     00000000	   1	[      3]
221   	0     	      5	    NegSmallDark	    435.9102	   2363.28	    0.0	    00000000     00000000	   1	[      2]
222   	0     	      6	  NegLargeBright	    438.2656	   2355.47	    0.0	    00000000     00000000	   1	[      3]
223   	0     	      7	  NegSmallBright	    440.4297	   2164.06	    0.0	    00000000     00000000	   1	[      4]
224   	0     	      6	  NegLargeBright	    442.8320	   2402.34	    0.0	    00000000     00000000	   1	[      3]
225   	0     	      6	  NegLargeBright	    445.3477	   2515.62	    0.0	    00000000     00000000	   1	[      3]
226   	0     	     15	     condition15	    447.7930	   2445.31	    0.0	    00000000     00000000	   1	[       ]
227   	0     	      2	      condition2	    448.3242	    531.25	    0.0	    00000000     00000000	   1	[       ]
228   	0     	      6	  NegLargeBright	    450.2852	   1960.94	    0.0	    00000000     00000000	   1	[      3]
229   	0     	     14	     condition14	    452.6523	   2367.19	    0.0	    00000000     00000000	   1	[       ]
230   	0     	      2	      condition2	    453.2070	    554.69	    0.0	    00000000     00000000	   1	[       ]
231   	0     	      4	    NegLargeDark	    455.0859	   1878.91	    0.0	    00000000     00000000	   1	[      1]
232   	0     	      7	  NegSmallBright	    457.4570	   2371.09	    0.0	    00000000     00000000	   1	[      4]
233   	0     	     15	     condition15	    459.8047	   2347.66	    0.0	    00000000     00000000	   1	[       ]
234   	0     	      2	      condition2	    460.4023	    597.66	    0.0	    00000000     00000000	   1	[       ]
235   	0     	      2	      condition2	    460.9102	    507.81	    0.0	    00000000     00000000	   1	[       ]
236   	0     	      9	   NeutSmallDark	    462.2773	   1367.19	    0.0	    00000000     00000000	   1	[      6]
237   	0     	      4	    NegLargeDark	    464.6797	   2402.34	    0.0	    00000000     00000000	   1	[      1]
238   	0     	     11	 NeutSmallBright	    466.9961	   2316.41	    0.0	    00000000     00000000	   1	[      8]
239   	0     	     11	 NeutSmallBright	    469.1484	   2152.34	    0.0	    00000000     00000000	   1	[      8]
240   	0     	      5	    NegSmallDark	    471.4023	   2253.91	    0.0	    00000000     00000000	   1	[      2]
241   	0     	     11	 NeutSmallBright	    473.5781	   2175.78	    0.0	    00000000     00000000	   1	[      8]
242   	0     	      6	  NegLargeBright	    475.7695	   2191.41	    0.0	    00000000     00000000	   1	[      3]
243   	0     	      8	   NeutLargeDark	    478.1953	   2425.78	    0.0	    00000000     00000000	   1	[      5]
244   	0     	     14	     condition14	    480.3984	   2203.12	    0.0	    00000000     00000000	   1	[       ]
245   	0     	      2	      condition2	    480.9219	    523.44	    0.0	    00000000     00000000	   1	[       ]
246   	0     	    253	              ""	    482.1250	   1203.12	    0.0	    00000000     00000000	   1	[       ]
247   	0     	      5	    NegSmallDark	    483.1211	    996.09	    0.0	    00000000     00000000	   1	[      2]
248   	0     	      9	   NeutSmallDark	    485.6172	   2496.09	    0.0	    00000000     00000000	   1	[      6]
249   	0     	      8	   NeutLargeDark	    487.9531	   2335.94	    0.0	    00000000     00000000	   1	[      5]
250   	0     	      8	   NeutLargeDark	    490.1133	   2160.16	    0.0	    00000000     00000000	   1	[      5]
251   	0     	      4	    NegLargeDark	    492.5898	   2476.56	    0.0	    00000000     00000000	   1	[      1]
252   	0     	     10	 NeutLargeBright	    495.0547	   2464.84	    0.0	    00000000     00000000	   1	[      7]
253   	0     	     10	 NeutLargeBright	    497.3867	   2332.03	    0.0	    00000000     00000000	   1	[      7]
254   	0     	      2	      condition2	    497.8047	    417.97	    0.0	    00000000     00000000	   1	[       ]
255   	0     	     13	     condition13	    499.6133	   1808.59	    0.0	    00000000     00000000	   1	[       ]
256   	0     	      2	      condition2	    500.1328	    519.53	    0.0	    00000000     00000000	   1	[       ]
257   	0     	     11	 NeutSmallBright	    501.8047	   1671.88	    0.0	    00000000     00000000	   1	[      8]
258   	0     	      7	  NegSmallBright	    503.8281	   2023.44	    0.0	    00000000     00000000	   1	[      4]
259   	0     	      4	    NegLargeDark	    506.3047	   2476.56	    0.0	    00000000     00000000	   1	[      1]
260   	0     	     12	     condition12	    508.5781	   2273.44	    0.0	    00000000     00000000	   1	[       ]
261   	0     	      2	      condition2	    509.0469	    468.75	    0.0	    00000000     00000000	   1	[       ]
262   	0     	      6	  NegLargeBright	    510.7422	   1695.31	    0.0	    00000000     00000000	   1	[      3]
263   	0     	     10	 NeutLargeBright	    512.8945	   2152.34	    0.0	    00000000     00000000	   1	[      7]
264   	0     	      7	  NegSmallBright	    514.9570	   2062.50	    0.0	    00000000     00000000	   1	[      4]
265   	0     	     11	 NeutSmallBright	    517.1133	   2156.25	    0.0	    00000000     00000000	   1	[      8]
266   	0     	     13	     condition13	    519.2266	   2113.28	    0.0	    00000000     00000000	   1	[       ]
267   	0     	      2	      condition2	    519.6875	    460.94	    0.0	    00000000     00000000	   1	[       ]
268   	0     	     11	 NeutSmallBright	    521.5508	   1863.28	    0.0	    00000000     00000000	   1	[      8]
269   	0     	     15	     condition15	    523.6250	   2074.22	    0.0	    00000000     00000000	   1	[       ]
270   	0     	      2	      condition2	    524.2109	    585.94	    0.0	    00000000     00000000	   1	[       ]
271   	0     	      8	   NeutLargeDark	    526.1367	   1925.78	    0.0	    00000000     00000000	   1	[      5]
272   	0     	      4	    NegLargeDark	    528.2227	   2085.94	    0.0	    00000000     00000000	   1	[      1]
273   	0     	      4	    NegLargeDark	    530.2969	   2074.22	    0.0	    00000000     00000000	   1	[      1]
274   	0     	      6	  NegLargeBright	    532.3477	   2050.78	    0.0	    00000000     00000000	   1	[      3]
275   	0     	      5	    NegSmallDark	    534.6523	   2304.69	    0.0	    00000000     00000000	   1	[      2]
276   	0     	      7	  NegSmallBright	    536.9883	   2335.94	    0.0	    00000000     00000000	   1	[      4]
277   	0     	     10	 NeutLargeBright	    539.1094	   2121.09	    0.0	    00000000     00000000	   1	[      7]
278   	0     	      5	    NegSmallDark	    541.4141	   2304.69	    0.0	    00000000     00000000	   1	[      2]
279   	0     	      8	   NeutLargeDark	    543.6797	   2265.62	    0.0	    00000000     00000000	   1	[      5]
280   	0     	      8	   NeutLargeDark	    546.2031	   2523.44	    0.0	    00000000     00000000	   1	[      5]
281   	0     	      9	   NeutSmallDark	    548.3359	   2132.81	    0.0	    00000000     00000000	   1	[      6]
282   	0     	      9	   NeutSmallDark	    550.4219	   2085.94	    0.0	    00000000     00000000	   1	[      6]
283   	0     	     10	 NeutLargeBright	    552.7734	   2351.56	    0.0	    00000000     00000000	   1	[      7]
284   	0     	      7	  NegSmallBright	    555.0781	   2304.69	    0.0	    00000000     00000000	   1	[      4]
285   	0     	      9	   NeutSmallDark	    557.5742	   2496.09	    0.0	    00000000     00000000	   1	[      6]
286   	0     	      5	    NegSmallDark	    559.8164	   2242.19	    0.0	    00000000     00000000	   1	[      2]
287   	0     	      4	    NegLargeDark	    561.9219	   2105.47	    0.0	    00000000     00000000	   1	[      1]
288   	0     	     13	     condition13	    564.0234	   2101.56	    0.0	    00000000     00000000	   1	[       ]
289   	0     	      2	      condition2	    564.6758	    652.34	    0.0	    00000000     00000000	   1	[       ]
290   	0     	      7	  NegSmallBright	    566.1289	   1453.12	    0.0	    00000000     00000000	   1	[      4]
291   	0     	      9	   NeutSmallDark	    568.3125	   2183.59	    0.0	    00000000     00000000	   1	[      6]
292   	0     	      7	  NegSmallBright	    570.6680	   2355.47	    0.0	    00000000     00000000	   1	[      4]
293   	0     	     11	 NeutSmallBright	    572.6992	   2031.25	    0.0	    00000000     00000000	   1	[      8]
294   	0     	      8	   NeutLargeDark	    574.9922	   2292.97	    0.0	    00000000     00000000	   1	[      5]
295   	0     	      7	  NegSmallBright	    577.4102	   2417.97	    0.0	    00000000     00000000	   1	[      4]
296   	0     	     10	 NeutLargeBright	    579.6328	   2222.66	    0.0	    00000000     00000000	   1	[      7]
297   	0     	     15	     condition15	    581.6562	   2023.44	    0.0	    00000000     00000000	   1	[       ]
298   	0     	      2	      condition2	    582.1758	    519.53	    0.0	    00000000     00000000	   1	[       ]
299   	0     	     13	     condition13	    583.8477	   1671.88	    0.0	    00000000     00000000	   1	[       ]
300   	0     	      2	      condition2	    584.3320	    484.38	    0.0	    00000000     00000000	   1	[       ]
301   	0     	      5	    NegSmallDark	    585.9414	   1609.38	    0.0	    00000000     00000000	   1	[      2]
302   	0     	      6	  NegLargeBright	    588.4375	   2496.09	    0.0	    00000000     00000000	   1	[      3]
303   	0     	     15	     condition15	    590.5703	   2132.81	    0.0	    00000000     00000000	   1	[       ]
304   	0     	      2	      condition2	    591.1133	    542.97	    0.0	    00000000     00000000	   1	[       ]
305   	0     	      8	   NeutLargeDark	    593.0469	   1933.59	    0.0	    00000000     00000000	   1	[      5]
306   	0     	     14	     condition14	    595.3086	   2261.72	    0.0	    00000000     00000000	   1	[       ]
307   	0     	      2	      condition2	    595.7539	    445.31	    0.0	    00000000     00000000	   1	[       ]
308   	0     	     10	 NeutLargeBright	    597.7422	   1988.28	    0.0	    00000000     00000000	   1	[      7]
309   	0     	      4	    NegLargeDark	    599.8359	   2093.75	    0.0	    00000000     00000000	   1	[      1]
310   	0     	      8	   NeutLargeDark	    601.9023	   2066.41	    0.0	    00000000     00000000	   1	[      5]
311   	0     	     13	     condition13	    604.3867	   2484.38	    0.0	    00000000     00000000	   1	[       ]
312   	0     	      2	      condition2	    604.8555	    468.75	    0.0	    00000000     00000000	   1	[       ]
313   	0     	     10	 NeutLargeBright	    606.5898	   1734.38	    0.0	    00000000     00000000	   1	[      7]
314   	0     	      8	   NeutLargeDark	    608.7539	   2164.06	    0.0	    00000000     00000000	   1	[      5]
315   	0     	      6	  NegLargeBright	    611.0391	   2285.16	    0.0	    00000000     00000000	   1	[      3]
316   	0     	      9	   NeutSmallDark	    613.0898	   2050.78	    0.0	    00000000     00000000	   1	[      6]
317   	0     	      4	    NegLargeDark	    615.4062	   2316.41	    0.0	    00000000     00000000	   1	[      1]
318   	0     	     11	 NeutSmallBright	    617.4297	   2023.44	    0.0	    00000000     00000000	   1	[      8]
319   	0     	      8	   NeutLargeDark	    619.7617	   2332.03	    0.0	    00000000     00000000	   1	[      5]
320   	0     	     11	 NeutSmallBright	    621.9883	   2226.56	    0.0	    00000000     00000000	   1	[      8]
321   	0     	      6	  NegLargeBright	    624.4023	   2414.06	    0.0	    00000000     00000000	   1	[      3]
322   	0     	      5	    NegSmallDark	    626.6953	   2292.97	    0.0	    00000000     00000000	   1	[      2]
323   	0     	      8	   NeutLargeDark	    628.8477	   2152.34	    0.0	    00000000     00000000	   1	[      5]
324   	0     	     10	 NeutLargeBright	    631.3633	   2515.62	    0.0	    00000000     00000000	   1	[      7]
325   	0     	      6	  NegLargeBright	    633.4883	   2125.00	    0.0	    00000000     00000000	   1	[      3]
326   	0     	     10	 NeutLargeBright	    635.8906	   2402.34	    0.0	    00000000     00000000	   1	[      7]
327   	0     	     15	     condition15	    638.3945	   2503.91	    0.0	    00000000     00000000	   1	[       ]
328   	0     	      2	      condition2	    639.2812	    886.72	    0.0	    00000000     00000000	   1	[       ]
329   	0     	    253	              ""	    641.0000	   1718.75	    0.0	    00000000     00000000	   1	[       ]
330   	0     	      6	  NegLargeBright	    642.0039	   1003.91	    0.0	    00000000     00000000	   1	[      3]
331   	0     	      9	   NeutSmallDark	    644.2891	   2285.16	    0.0	    00000000     00000000	   1	[      6]
332   	0     	      7	  NegSmallBright	    646.4609	   2171.88	    0.0	    00000000     00000000	   1	[      4]
333   	0     	      9	   NeutSmallDark	    648.5469	   2085.94	    0.0	    00000000     00000000	   1	[      6]
334   	0     	     12	     condition12	    650.7109	   2164.06	    0.0	    00000000     00000000	   1	[       ]
335   	0     	      2	      condition2	    651.3125	    601.56	    0.0	    00000000     00000000	   1	[       ]
336   	0     	      8	   NeutLargeDark	    653.1641	   1851.56	    0.0	    00000000     00000000	   1	[      5]
337   	0     	     10	 NeutLargeBright	    655.4297	   2265.62	    0.0	    00000000     00000000	   1	[      7]
338   	0     	      6	  NegLargeBright	    657.6211	   2191.41	    0.0	    00000000     00000000	   1	[      3]
339   	0     	      8	   NeutLargeDark	    659.9844	   2363.28	    0.0	    00000000     00000000	   1	[      5]
340   	0     	      4	    NegLargeDark	    662.4805	   2496.09	    0.0	    00000000     00000000	   1	[      1]
341   	0     	      6	  NegLargeBright	    664.7539	   2273.44	    0.0	    00000000     00000000	   1	[      3]
342   	0     	      5	    NegSmallDark	    667.1797	   2425.78	    0.0	    00000000     00000000	   1	[      2]
343   	0     	      7	  NegSmallBright	    669.2227	   2042.97	    0.0	    00000000     00000000	   1	[      4]
344   	0     	      8	   NeutLargeDark	    671.4766	   2253.91	    0.0	    00000000     00000000	   1	[      5]
345   	0     	      6	  NegLargeBright	    673.6602	   2183.59	    0.0	    00000000     00000000	   1	[      3]
346   	0     	      7	  NegSmallBright	    675.8555	   2195.31	    0.0	    00000000     00000000	   1	[      4]
347   	0     	     11	 NeutSmallBright	    678.3086	   2453.12	    0.0	    00000000     00000000	   1	[      8]
348   	0     	     10	 NeutLargeBright	    680.3516	   2042.97	    0.0	    00000000     00000000	   1	[      7]
349   	0     	      4	    NegLargeDark	    682.8672	   2515.62	    0.0	    00000000     00000000	   1	[      1]
350   	0     	      6	  NegLargeBright	    684.9414	   2074.22	    0.0	    00000000     00000000	   1	[      3]
351   	0     	      5	    NegSmallDark	    687.3633	   2421.88	    0.0	    00000000     00000000	   1	[      2]
352   	0     	      6	  NegLargeBright	    689.8398	   2476.56	    0.0	    00000000     00000000	   1	[      3]
353   	0     	      8	   NeutLargeDark	    692.2422	   2402.34	    0.0	    00000000     00000000	   1	[      5]
354   	0     	      5	    NegSmallDark	    694.5156	   2273.44	    0.0	    00000000     00000000	   1	[      2]
355   	0     	      7	  NegSmallBright	    696.9727	   2457.03	    0.0	    00000000     00000000	   1	[      4]
356   	0     	     11	 NeutSmallBright	    699.3867	   2414.06	    0.0	    00000000     00000000	   1	[      8]
357   	0     	     10	 NeutLargeBright	    701.6484	   2261.72	    0.0	    00000000     00000000	   1	[      7]
358   	0     	      7	  NegSmallBright	    703.7930	   2144.53	    0.0	    00000000     00000000	   1	[      4]
359   	0     	     12	     condition12	    706.2188	   2425.78	    0.0	    00000000     00000000	   1	[       ]
360   	0     	      2	      condition2	    706.7695	    550.78	    0.0	    00000000     00000000	   1	[       ]
361   	0     	      7	  NegSmallBright	    708.3125	   1542.97	    0.0	    00000000     00000000	   1	[      4]
362   	0     	      7	  NegSmallBright	    710.6367	   2324.22	    0.0	    00000000     00000000	   1	[      4]
363   	0     	     13	     condition13	    712.6680	   2031.25	    0.0	    00000000     00000000	   1	[       ]
364   	0     	      2	      condition2	    713.1836	    515.62	    0.0	    00000000     00000000	   1	[       ]
365   	0     	      8	   NeutLargeDark	    714.9609	   1777.34	    0.0	    00000000     00000000	   1	[      5]
366   	0     	     10	 NeutLargeBright	    717.2383	   2277.34	    0.0	    00000000     00000000	   1	[      7]
367   	0     	      9	   NeutSmallDark	    719.3008	   2062.50	    0.0	    00000000     00000000	   1	[      6]
368   	0     	     15	     condition15	    721.7148	   2414.06	    0.0	    00000000     00000000	   1	[       ]
369   	0     	      2	      condition2	    722.1445	    429.69	    0.0	    00000000     00000000	   1	[       ]
370   	0     	     11	 NeutSmallBright	    723.9180	   1773.44	    0.0	    00000000     00000000	   1	[      8]
371   	0     	      8	   NeutLargeDark	    726.1406	   2222.66	    0.0	    00000000     00000000	   1	[      5]
372   	0     	      6	  NegLargeBright	    728.5859	   2445.31	    0.0	    00000000     00000000	   1	[      3]
373   	0     	      7	  NegSmallBright	    730.6992	   2113.28	    0.0	    00000000     00000000	   1	[      4]
374   	0     	     13	     condition13	    732.9023	   2203.12	    0.0	    00000000     00000000	   1	[       ]
375   	0     	      2	      condition2	    733.3828	    480.47	    0.0	    00000000     00000000	   1	[       ]
376   	0     	     10	 NeutLargeBright	    735.2695	   1886.72	    0.0	    00000000     00000000	   1	[      7]
377   	0     	      5	    NegSmallDark	    737.5625	   2292.97	    0.0	    00000000     00000000	   1	[      2]
378   	0     	     11	 NeutSmallBright	    740.0586	   2496.09	    0.0	    00000000     00000000	   1	[      8]
379   	0     	      6	  NegLargeBright	    742.3594	   2300.78	    0.0	    00000000     00000000	   1	[      3]
380   	0     	     13	     condition13	    744.3828	   2023.44	    0.0	    00000000     00000000	   1	[       ]
381   	0     	      2	      condition2	    744.9336	    550.78	    0.0	    00000000     00000000	   1	[       ]
382   	0     	      7	  NegSmallBright	    746.8984	   1964.84	    0.0	    00000000     00000000	   1	[      4]
383   	0     	      6	  NegLargeBright	    749.0117	   2113.28	    0.0	    00000000     00000000	   1	[      3]
384   	0     	     11	 NeutSmallBright	    751.1680	   2156.25	    0.0	    00000000     00000000	   1	[      8]
385   	0     	      6	  NegLargeBright	    753.2109	   2042.97	    0.0	    00000000     00000000	   1	[      3]
386   	0     	      6	  NegLargeBright	    755.5352	   2324.22	    0.0	    00000000     00000000	   1	[      3]
387   	0     	     10	 NeutLargeBright	    758.0664	   2531.25	    0.0	    00000000     00000000	   1	[      7]
388   	0     	     14	     condition14	    760.1602	   2093.75	    0.0	    00000000     00000000	   1	[       ]
389   	0     	      2	      condition2	    760.7148	    554.69	    0.0	    00000000     00000000	   1	[       ]
390   	0     	      6	  NegLargeBright	    762.4375	   1722.66	    0.0	    00000000     00000000	   1	[      3]
391   	0     	      7	  NegSmallBright	    764.8984	   2460.94	    0.0	    00000000     00000000	   1	[      4]
392   	0     	     14	     condition14	    767.0547	   2156.25	    0.0	    00000000     00000000	   1	[       ]
393   	0     	      2	      condition2	    767.5625	    507.81	    0.0	    00000000     00000000	   1	[       ]
394   	0     	      4	    NegLargeDark	    769.1484	   1585.94	    0.0	    00000000     00000000	   1	[      1]
395   	0     	      7	  NegSmallBright	    771.4102	   2261.72	    0.0	    00000000     00000000	   1	[      4]
396   	0     	      5	    NegSmallDark	    773.4844	   2074.22	    0.0	    00000000     00000000	   1	[      2]
397   	0     	      6	  NegLargeBright	    775.9883	   2503.91	    0.0	    00000000     00000000	   1	[      3]
398   	0     	     10	 NeutLargeBright	    778.4336	   2445.31	    0.0	    00000000     00000000	   1	[      7]
399   	0     	      7	  NegSmallBright	    780.7578	   2324.22	    0.0	    00000000     00000000	   1	[      4]
400   	0     	      4	    NegLargeDark	    783.1641	   2406.25	    0.0	    00000000     00000000	   1	[      1]
401   	0     	      9	   NeutSmallDark	    785.2656	   2101.56	    0.0	    00000000     00000000	   1	[      6]
402   	0     	      7	  NegSmallBright	    787.6211	   2355.47	    0.0	    00000000     00000000	   1	[      4]
403   	0     	      8	   NeutLargeDark	    789.8359	   2214.84	    0.0	    00000000     00000000	   1	[      5]
404   	0     	      5	    NegSmallDark	    791.9570	   2121.09	    0.0	    00000000     00000000	   1	[      2]
405   	0     	     15	     condition15	    794.0117	   2054.69	    0.0	    00000000     00000000	   1	[       ]
406   	0     	      2	      condition2	    795.0234	   1011.72	    0.0	    00000000     00000000	   1	[       ]
407   	0     	     13	     condition13	    796.4375	   1414.06	    0.0	    00000000     00000000	   1	[       ]
408   	0     	      2	      condition2	    796.9961	    558.59	    0.0	    00000000     00000000	   1	[       ]
409   	0     	      8	   NeutLargeDark	    798.8008	   1804.69	    0.0	    00000000     00000000	   1	[      5]
410   	0     	    253	              ""	    801.6094	   2808.59	    0.0	    00000000     00000000	   1	[       ]
411   	0     	      5	    NegSmallDark	    802.6016	    992.19	    0.0	    00000000     00000000	   1	[      2]
412   	0     	      8	   NeutLargeDark	    804.8828	   2281.25	    0.0	    00000000     00000000	   1	[      5]
413   	0     	      9	   NeutSmallDark	    807.0977	   2214.84	    0.0	    00000000     00000000	   1	[      6]
414   	0     	      9	   NeutSmallDark	    809.3398	   2242.19	    0.0	    00000000     00000000	   1	[      6]
415   	0     	     13	     condition13	    811.7070	   2367.19	    0.0	    00000000     00000000	   1	[       ]
416   	0     	      2	      condition2	    812.0977	    390.62	    0.0	    00000000     00000000	   1	[       ]
417   	0     	      8	   NeutLargeDark	    813.8281	   1730.47	    0.0	    00000000     00000000	   1	[      5]
418   	0     	      9	   NeutSmallDark	    816.1055	   2277.34	    0.0	    00000000     00000000	   1	[      6]
419   	0     	      6	  NegLargeBright	    818.2070	   2101.56	    0.0	    00000000     00000000	   1	[      3]
420   	0     	      9	   NeutSmallDark	    820.3516	   2144.53	    0.0	    00000000     00000000	   1	[      6]
421   	0     	      7	  NegSmallBright	    822.6953	   2343.75	    0.0	    00000000     00000000	   1	[      4]
422   	0     	      9	   NeutSmallDark	    824.8594	   2164.06	    0.0	    00000000     00000000	   1	[      6]
423   	0     	     11	 NeutSmallBright	    826.9922	   2132.81	    0.0	    00000000     00000000	   1	[      8]
424   	0     	     10	 NeutLargeBright	    829.4180	   2425.78	    0.0	    00000000     00000000	   1	[      7]
425   	0     	     11	 NeutSmallBright	    831.6797	   2261.72	    0.0	    00000000     00000000	   1	[      8]
426   	0     	      9	   NeutSmallDark	    833.8242	   2144.53	    0.0	    00000000     00000000	   1	[      6]
427   	0     	      8	   NeutLargeDark	    836.3477	   2523.44	    0.0	    00000000     00000000	   1	[      5]
428   	0     	      8	   NeutLargeDark	    838.6523	   2304.69	    0.0	    00000000     00000000	   1	[      5]
429   	0     	     13	     condition13	    840.6875	   2035.16	    0.0	    00000000     00000000	   1	[       ]
430   	0     	      2	      condition2	    841.2227	    535.16	    0.0	    00000000     00000000	   1	[       ]
431   	0     	      5	    NegSmallDark	    842.7422	   1519.53	    0.0	    00000000     00000000	   1	[      2]
432   	0     	      9	   NeutSmallDark	    845.2344	   2492.19	    0.0	    00000000     00000000	   1	[      6]
433   	0     	      8	   NeutLargeDark	    847.5078	   2273.44	    0.0	    00000000     00000000	   1	[      5]
434   	0     	     11	 NeutSmallBright	    849.7344	   2226.56	    0.0	    00000000     00000000	   1	[      8]
435   	0     	      5	    NegSmallDark	    852.2578	   2523.44	    0.0	    00000000     00000000	   1	[      2]
436   	0     	      8	   NeutLargeDark	    854.6016	   2343.75	    0.0	    00000000     00000000	   1	[      5]
437   	0     	     10	 NeutLargeBright	    857.1250	   2523.44	    0.0	    00000000     00000000	   1	[      7]
438   	0     	     10	 NeutLargeBright	    859.4297	   2304.69	    0.0	    00000000     00000000	   1	[      7]
439   	0     	      4	    NegLargeDark	    861.5234	   2093.75	    0.0	    00000000     00000000	   1	[      1]
440   	0     	      4	    NegLargeDark	    863.7656	   2242.19	    0.0	    00000000     00000000	   1	[      1]
441   	0     	     14	     condition14	    866.0703	   2304.69	    0.0	    00000000     00000000	   1	[       ]
442   	0     	      2	      condition2	    866.6875	    617.19	    0.0	    00000000     00000000	   1	[       ]
443   	0     	     10	 NeutLargeBright	    868.2734	   1585.94	    0.0	    00000000     00000000	   1	[      7]
444   	0     	      9	   NeutSmallDark	    870.6680	   2394.53	    0.0	    00000000     00000000	   1	[      6]
445   	0     	     12	     condition12	    872.7344	   2066.41	    0.0	    00000000     00000000	   1	[       ]
446   	0     	      2	      condition2	    873.2617	    527.34	    0.0	    00000000     00000000	   1	[       ]
447   	0     	      6	  NegLargeBright	    875.1758	   1914.06	    0.0	    00000000     00000000	   1	[      3]
448   	0     	      5	    NegSmallDark	    877.6211	   2445.31	    0.0	    00000000     00000000	   1	[      2]
449   	0     	      8	   NeutLargeDark	    879.8242	   2203.12	    0.0	    00000000     00000000	   1	[      5]
450   	0     	      7	  NegSmallBright	    882.3008	   2476.56	    0.0	    00000000     00000000	   1	[      4]
451   	0     	     11	 NeutSmallBright	    884.6836	   2382.81	    0.0	    00000000     00000000	   1	[      8]
452   	0     	     12	     condition12	    886.8281	   2144.53	    0.0	    00000000     00000000	   1	[       ]
453   	0     	      2	      condition2	    887.3633	    535.16	    0.0	    00000000     00000000	   1	[       ]
454   	0     	      9	   NeutSmallDark	    889.2539	   1890.62	    0.0	    00000000     00000000	   1	[      6]
455   	0     	      5	    NegSmallDark	    891.4141	   2160.16	    0.0	    00000000     00000000	   1	[      2]
456   	0     	      7	  NegSmallBright	    893.7500	   2335.94	    0.0	    00000000     00000000	   1	[      4]
457   	0     	     11	 NeutSmallBright	    895.9648	   2214.84	    0.0	    00000000     00000000	   1	[      8]
458   	0     	      7	  NegSmallBright	    898.3477	   2382.81	    0.0	    00000000     00000000	   1	[      4]
459   	0     	     15	     condition15	    900.4297	   2082.03	    0.0	    00000000     00000000	   1	[       ]
460   	0     	      2	      condition2	    901.0391	    609.38	    0.0	    00000000     00000000	   1	[       ]
461   	0     	      8	   NeutLargeDark	    902.6562	   1617.19	    0.0	    00000000     00000000	   1	[      5]
462   	0     	      6	  NegLargeBright	    904.8789	   2222.66	    0.0	    00000000     00000000	   1	[      3]
463   	0     	      4	    NegLargeDark	    906.9922	   2113.28	    0.0	    00000000     00000000	   1	[      1]
464   	0     	      7	  NegSmallBright	    909.4375	   2445.31	    0.0	    00000000     00000000	   1	[      4]
465   	0     	      7	  NegSmallBright	    911.4609	   2023.44	    0.0	    00000000     00000000	   1	[      4]
466   	0     	      8	   NeutLargeDark	    913.9844	   2523.44	    0.0	    00000000     00000000	   1	[      5]
467   	0     	     11	 NeutSmallBright	    916.1797	   2195.31	    0.0	    00000000     00000000	   1	[      8]
468   	0     	      7	  NegSmallBright	    918.2422	   2062.50	    0.0	    00000000     00000000	   1	[      4]
469   	0     	      7	  NegSmallBright	    920.5664	   2324.22	    0.0	    00000000     00000000	   1	[      4]
470   	0     	      4	    NegLargeDark	    922.9102	   2343.75	    0.0	    00000000     00000000	   1	[      1]
471   	0     	     12	     condition12	    925.1367	   2226.56	    0.0	    00000000     00000000	   1	[       ]
472   	0     	      2	      condition2	    925.6445	    507.81	    0.0	    00000000     00000000	   1	[       ]
473   	0     	      9	   NeutSmallDark	    927.4375	   1792.97	    0.0	    00000000     00000000	   1	[      6]
474   	0     	      7	  NegSmallBright	    929.9336	   2496.09	    0.0	    00000000     00000000	   1	[      4]
475   	0     	      9	   NeutSmallDark	    932.3594	   2425.78	    0.0	    00000000     00000000	   1	[      6]
476   	0     	      9	   NeutSmallDark	    934.7812	   2421.88	    0.0	    00000000     00000000	   1	[      6]
477   	0     	     14	     condition14	    937.0977	   2316.41	    0.0	    00000000     00000000	   1	[       ]
478   	0     	      2	      condition2	    937.5117	    414.06	    0.0	    00000000     00000000	   1	[       ]
479   	0     	     11	 NeutSmallBright	    939.4492	   1937.50	    0.0	    00000000     00000000	   1	[      8]
480   	0     	      4	    NegLargeDark	    941.6055	   2156.25	    0.0	    00000000     00000000	   1	[      1]
481   	0     	      5	    NegSmallDark	    944.0391	   2433.59	    0.0	    00000000     00000000	   1	[      2]
482   	0     	      8	   NeutLargeDark	    946.1914	   2152.34	    0.0	    00000000     00000000	   1	[      5]
483   	0     	     14	     condition14	    948.4062	   2214.84	    0.0	    00000000     00000000	   1	[       ]
484   	0     	      2	      condition2	    948.9375	    531.25	    0.0	    00000000     00000000	   1	[       ]
485   	0     	     10	 NeutLargeBright	    950.9297	   1992.19	    0.0	    00000000     00000000	   1	[      7]
486   	0     	      9	   NeutSmallDark	    953.0156	   2085.94	    0.0	    00000000     00000000	   1	[      6]
487   	0     	      7	  NegSmallBright	    955.5273	   2511.72	    0.0	    00000000     00000000	   1	[      4]
488   	0     	      4	    NegLargeDark	    957.7109	   2183.59	    0.0	    00000000     00000000	   1	[      1]
489   	0     	      9	   NeutSmallDark	    959.7773	   2066.41	    0.0	    00000000     00000000	   1	[      6]
490   	0     	      2	      condition2	    960.9531	   1175.78	    0.0	    00000000     00000000	   1	[       ]
491   	0     	    253	              ""	    962.8906	   1937.50	    0.0	    00000000     00000000	   1	[       ]
492   	0     	      4	    NegLargeDark	    963.8984	   1007.81	    0.0	    00000000     00000000	   1	[      1]
493   	0     	     11	 NeutSmallBright	    966.3516	   2453.12	    0.0	    00000000     00000000	   1	[      8]
494   	0     	      5	    NegSmallDark	    968.8672	   2515.62	    0.0	    00000000     00000000	   1	[      2]
495   	0     	      6	  NegLargeBright	    971.3906	   2523.44	    0.0	    00000000     00000000	   1	[      3]
496   	0     	      5	    NegSmallDark	    973.4961	   2105.47	    0.0	    00000000     00000000	   1	[      2]
497   	0     	     11	 NeutSmallBright	    975.6602	   2164.06	    0.0	    00000000     00000000	   1	[      8]
498   	0     	      6	  NegLargeBright	    977.7344	   2074.22	    0.0	    00000000     00000000	   1	[      3]
499   	0     	      4	    NegLargeDark	    980.0781	   2343.75	    0.0	    00000000     00000000	   1	[      1]
500   	0     	     14	     condition14	    982.5703	   2492.19	    0.0	    00000000     00000000	   1	[       ]
501   	0     	      2	      condition2	    983.0938	    523.44	    0.0	    00000000     00000000	   1	[       ]
502   	0     	     13	     condition13	    984.6953	   1601.56	    0.0	    00000000     00000000	   1	[       ]
503   	0     	      2	      condition2	    985.1719	    476.56	    0.0	    00000000     00000000	   1	[       ]
504   	0     	     11	 NeutSmallBright	    987.0703	   1898.44	    0.0	    00000000     00000000	   1	[      8]
505   	0     	      9	   NeutSmallDark	    989.2344	   2164.06	    0.0	    00000000     00000000	   1	[      6]
506   	0     	      5	    NegSmallDark	    991.7461	   2511.72	    0.0	    00000000     00000000	   1	[      2]
507   	0     	      6	  NegLargeBright	    993.7930	   2046.88	    0.0	    00000000     00000000	   1	[      3]
508   	0     	     15	     condition15	    996.3047	   2511.72	    0.0	    00000000     00000000	   1	[       ]
509   	0     	      2	      condition2	    996.8828	    578.12	    0.0	    00000000     00000000	   1	[       ]
510   	0     	      5	    NegSmallDark	    998.3984	   1515.62	    0.0	    00000000     00000000	   1	[      2]
511   	0     	      4	    NegLargeDark	   1000.8242	   2425.78	    0.0	    00000000     00000000	   1	[      1]
512   	0     	      4	    NegLargeDark	   1003.0156	   2191.41	    0.0	    00000000     00000000	   1	[      1]
513   	0     	      6	  NegLargeBright	   1005.3398	   2324.22	    0.0	    00000000     00000000	   1	[      3]
514   	0     	      6	  NegLargeBright	   1007.4844	   2144.53	    0.0	    00000000     00000000	   1	[      3]
515   	0     	      4	    NegLargeDark	   1009.6875	   2203.12	    0.0	    00000000     00000000	   1	[      1]
516   	0     	     14	     condition14	   1012.1445	   2457.03	    0.0	    00000000     00000000	   1	[       ]
517   	0     	      2	      condition2	   1012.8867	    742.19	    0.0	    00000000     00000000	   1	[       ]
518   	0     	     11	 NeutSmallBright	   1014.5391	   1652.34	    0.0	    00000000     00000000	   1	[      8]
519   	0     	     11	 NeutSmallBright	   1016.6406	   2101.56	    0.0	    00000000     00000000	   1	[      8]
520   	0     	     10	 NeutLargeBright	   1019.0859	   2445.31	    0.0	    00000000     00000000	   1	[      7]
521   	0     	      5	    NegSmallDark	   1021.1172	   2031.25	    0.0	    00000000     00000000	   1	[      2]
522   	0     	      5	    NegSmallDark	   1023.2422	   2125.00	    0.0	    00000000     00000000	   1	[      2]
523   	0     	     15	     condition15	   1025.4961	   2253.91	    0.0	    00000000     00000000	   1	[       ]
524   	0     	      2	      condition2	   1026.0977	    601.56	    0.0	    00000000     00000000	   1	[       ]
525   	0     	      5	    NegSmallDark	   1027.8828	   1785.16	    0.0	    00000000     00000000	   1	[      2]
526   	0     	      5	    NegSmallDark	   1030.1562	   2273.44	    0.0	    00000000     00000000	   1	[      2]
527   	0     	     14	     condition14	   1032.4102	   2253.91	    0.0	    00000000     00000000	   1	[       ]
528   	0     	      2	      condition2	   1032.9531	    542.97	    0.0	    00000000     00000000	   1	[       ]
529   	0     	      5	    NegSmallDark	   1034.5039	   1550.78	    0.0	    00000000     00000000	   1	[      2]
530   	0     	      4	    NegLargeDark	   1036.8555	   2351.56	    0.0	    00000000     00000000	   1	[      1]
531   	0     	      4	    NegLargeDark	   1039.1406	   2285.16	    0.0	    00000000     00000000	   1	[      1]
532   	0     	     11	 NeutSmallBright	   1041.4766	   2335.94	    0.0	    00000000     00000000	   1	[      8]
533   	0     	     14	     condition14	   1043.5898	   2113.28	    0.0	    00000000     00000000	   1	[       ]
534   	0     	      2	      condition2	   1044.0664	    476.56	    0.0	    00000000     00000000	   1	[       ]
535   	0     	      9	   NeutSmallDark	   1045.8711	   1804.69	    0.0	    00000000     00000000	   1	[      6]
536   	0     	     10	 NeutLargeBright	   1048.2578	   2386.72	    0.0	    00000000     00000000	   1	[      7]
537   	0     	     11	 NeutSmallBright	   1050.7227	   2464.84	    0.0	    00000000     00000000	   1	[      8]
538   	0     	     12	     condition12	   1052.8438	   2121.09	    0.0	    00000000     00000000	   1	[       ]
539   	0     	      2	      condition2	   1053.3008	    457.03	    0.0	    00000000     00000000	   1	[       ]
540   	0     	      5	    NegSmallDark	   1054.8672	   1566.41	    0.0	    00000000     00000000	   1	[      2]
541   	0     	      6	  NegLargeBright	   1057.0430	   2175.78	    0.0	    00000000     00000000	   1	[      3]
542   	0     	      9	   NeutSmallDark	   1059.3750	   2332.03	    0.0	    00000000     00000000	   1	[      6]
543   	0     	      5	    NegSmallDark	   1061.5117	   2136.72	    0.0	    00000000     00000000	   1	[      2]
544   	0     	      8	   NeutLargeDark	   1063.8555	   2343.75	    0.0	    00000000     00000000	   1	[      5]
545   	0     	     11	 NeutSmallBright	   1066.1992	   2343.75	    0.0	    00000000     00000000	   1	[      8]
546   	0     	      5	    NegSmallDark	   1068.6406	   2441.41	    0.0	    00000000     00000000	   1	[      2]
547   	0     	      8	   NeutLargeDark	   1071.0352	   2394.53	    0.0	    00000000     00000000	   1	[      5]
548   	0     	      8	   NeutLargeDark	   1073.0898	   2054.69	    0.0	    00000000     00000000	   1	[      5]
549   	0     	      6	  NegLargeBright	   1075.5234	   2433.59	    0.0	    00000000     00000000	   1	[      3]
550   	0     	      4	    NegLargeDark	   1077.6367	   2113.28	    0.0	    00000000     00000000	   1	[      1]
551   	0     	      7	  NegSmallBright	   1079.8828	   2246.09	    0.0	    00000000     00000000	   1	[      4]
552   	0     	      8	   NeutLargeDark	   1082.0156	   2132.81	    0.0	    00000000     00000000	   1	[      5]
553   	0     	      9	   NeutSmallDark	   1084.3906	   2375.00	    0.0	    00000000     00000000	   1	[      6]
554   	0     	     13	     condition13	   1086.6836	   2292.97	    0.0	    00000000     00000000	   1	[       ]
555   	0     	      2	      condition2	   1087.3086	    625.00	    0.0	    00000000     00000000	   1	[       ]
556   	0     	      5	    NegSmallDark	   1088.9180	   1609.38	    0.0	    00000000     00000000	   1	[      2]
557   	0     	     10	 NeutLargeBright	   1091.0312	   2113.28	    0.0	    00000000     00000000	   1	[      7]
558   	0     	     11	 NeutSmallBright	   1093.4375	   2406.25	    0.0	    00000000     00000000	   1	[      8]
559   	0     	     14	     condition14	   1095.7109	   2273.44	    0.0	    00000000     00000000	   1	[       ]
560   	0     	      2	      condition2	   1096.7148	   1003.91	    0.0	    00000000     00000000	   1	[       ]
561   	0     	      7	  NegSmallBright	   1097.9258	   1210.94	    0.0	    00000000     00000000	   1	[      4]
562   	0     	      5	    NegSmallDark	   1100.0078	   2082.03	    0.0	    00000000     00000000	   1	[      2]
563   	0     	     12	     condition12	   1102.5234	   2515.62	    0.0	    00000000     00000000	   1	[       ]
564   	0     	      2	      condition2	   1103.0508	    527.34	    0.0	    00000000     00000000	   1	[       ]
565   	0     	     10	 NeutLargeBright	   1104.5547	   1503.91	    0.0	    00000000     00000000	   1	[      7]
566   	0     	     14	     condition14	   1106.9414	   2386.72	    0.0	    00000000     00000000	   1	[       ]
567   	0     	      2	      condition2	   1107.4922	    550.78	    0.0	    00000000     00000000	   1	[       ]
568   	0     	     10	 NeutLargeBright	   1109.1445	   1652.34	    0.0	    00000000     00000000	   1	[      7]
569   	0     	     12	     condition12	   1111.4883	   2343.75	    0.0	    00000000     00000000	   1	[       ]
570   	0     	      2	      condition2	   1111.9414	    453.12	    0.0	    00000000     00000000	   1	[       ]
571   	0     	      4	    NegLargeDark	   1113.8008	   1859.38	    0.0	    00000000     00000000	   1	[      1]
572   	0     	      6	  NegLargeBright	   1116.1250	   2324.22	    0.0	    00000000     00000000	   1	[      3]
573   	0     	     13	     condition13	   1118.4805	   2355.47	    0.0	    00000000     00000000	   1	[       ]
574   	0     	      2	      condition2	   1118.9570	    476.56	    0.0	    00000000     00000000	   1	[       ]
575   	0     	     11	 NeutSmallBright	   1120.7148	   1757.81	    0.0	    00000000     00000000	   1	[      8]
576   	0     	      9	   NeutSmallDark	   1124.0508	   3335.94	    0.0	    00000000     00000000	   1	[      6]
577   	0     	      5	    NegSmallDark	   1126.1211	   2070.31	    0.0	    00000000     00000000	   1	[      2]
578   	0     	      4	    NegLargeDark	   1128.6562	   2535.16	    0.0	    00000000     00000000	   1	[      1]
579   	0     	     11	 NeutSmallBright	   1130.8203	   2164.06	    0.0	    00000000     00000000	   1	[      8]
580   	0     	      5	    NegSmallDark	   1133.0664	   2246.09	    0.0	    00000000     00000000	   1	[      2]
581   	0     	     13	     condition13	   1135.1602	   2093.75	    0.0	    00000000     00000000	   1	[       ]
582   	0     	      2	      condition2	   1135.6367	    476.56	    0.0	    00000000     00000000	   1	[       ]
583   	0     	      8	   NeutLargeDark	   1137.4219	   1785.16	    0.0	    00000000     00000000	   1	[      5]
584   	0     	      7	  NegSmallBright	   1139.5859	   2164.06	    0.0	    00000000     00000000	   1	[      4]
585   	0     	      9	   NeutSmallDark	   1141.6289	   2042.97	    0.0	    00000000     00000000	   1	[      6]
586   	0     	     15	     condition15	   1143.6719	   2042.97	    0.0	    00000000     00000000	   1	[       ]
587   	0     	      2	      condition2	   1144.2148	    542.97	    0.0	    00000000     00000000	   1	[       ]
588   	0     	     10	 NeutLargeBright	   1145.7383	   1523.44	    0.0	    00000000     00000000	   1	[      7]
589   	0     	     10	 NeutLargeBright	   1147.8320	   2093.75	    0.0	    00000000     00000000	   1	[      7]
590   	0     	      9	   NeutSmallDark	   1149.8945	   2062.50	    0.0	    00000000     00000000	   1	[      6]
591   	0     	      8	   NeutLargeDark	   1152.2266	   2332.03	    0.0	    00000000     00000000	   1	[      5]
592   	0     	      5	    NegSmallDark	   1154.6133	   2386.72	    0.0	    00000000     00000000	   1	[      2]
593   	0     	      9	   NeutSmallDark	   1156.9766	   2363.28	    0.0	    00000000     00000000	   1	[      6]
594   	0     	      6	  NegLargeBright	   1159.1914	   2214.84	    0.0	    00000000     00000000	   1	[      3]
595   	0     	     11	 NeutSmallBright	   1161.2656	   2074.22	    0.0	    00000000     00000000	   1	[      8]
596   	0     	     12	     condition12	   1163.4766	   2210.94	    0.0	    00000000     00000000	   1	[       ]
597   	0     	      2	      condition2	   1163.8516	    375.00	    0.0	    00000000     00000000	   1	[       ]
598   	0     	     13	     condition13	   1165.8438	   1992.19	    0.0	    00000000     00000000	   1	[       ]
599   	0     	      2	      condition2	   1166.3750	    531.25	    0.0	    00000000     00000000	   1	[       ]
600   	0     	     10	 NeutLargeBright	   1168.2070	   1832.03	    0.0	    00000000     00000000	   1	[      7]
601   	0     	     10	 NeutLargeBright	   1170.6094	   2402.34	    0.0	    00000000     00000000	   1	[      7]
602   	0     	      4	    NegLargeDark	   1172.6641	   2054.69	    0.0	    00000000     00000000	   1	[      1]
603   	0     	      6	  NegLargeBright	   1175.0703	   2406.25	    0.0	    00000000     00000000	   1	[      3]
604   	0     	      7	  NegSmallBright	   1177.4219	   2351.56	    0.0	    00000000     00000000	   1	[      4]
605   	0     	      7	  NegSmallBright	   1179.6484	   2226.56	    0.0	    00000000     00000000	   1	[      4]
606   	0     	      6	  NegLargeBright	   1181.8086	   2160.16	    0.0	    00000000     00000000	   1	[      3]
607   	0     	      7	  NegSmallBright	   1184.2461	   2437.50	    0.0	    00000000     00000000	   1	[      4]
608   	0     	     14	     condition14	   1186.3477	   2101.56	    0.0	    00000000     00000000	   1	[       ]
609   	0     	      2	      condition2	   1186.8516	    503.91	    0.0	    00000000     00000000	   1	[       ]
610   	0     	     10	 NeutLargeBright	   1188.8633	   2011.72	    0.0	    00000000     00000000	   1	[      7]
611   	0     	      5	    NegSmallDark	   1191.0352	   2171.88	    0.0	    00000000     00000000	   1	[      2]
612   	0     	     11	 NeutSmallBright	   1193.1602	   2125.00	    0.0	    00000000     00000000	   1	[      8]
613   	0     	      8	   NeutLargeDark	   1195.4531	   2292.97	    0.0	    00000000     00000000	   1	[      5]
614   	0     	      4	    NegLargeDark	   1197.8789	   2425.78	    0.0	    00000000     00000000	   1	[      1]
615   	0     	      8	   NeutLargeDark	   1200.1406	   2261.72	    0.0	    00000000     00000000	   1	[      5]
616   	0     	     13	     condition13	   1202.5352	   2394.53	    0.0	    00000000     00000000	   1	[       ]
617   	0     	      2	      condition2	   1202.9414	    406.25	    0.0	    00000000     00000000	   1	[       ]
618   	0     	      9	   NeutSmallDark	   1204.9023	   1960.94	    0.0	    00000000     00000000	   1	[      6]
619   	0     	      8	   NeutLargeDark	   1207.4258	   2523.44	    0.0	    00000000     00000000	   1	[      5]
620   	0     	      9	   NeutSmallDark	   1209.5586	   2132.81	    0.0	    00000000     00000000	   1	[      6]
621   	0     	      7	  NegSmallBright	   1211.7734	   2214.84	    0.0	    00000000     00000000	   1	[      4]
622   	0     	      5	    NegSmallDark	   1213.8164	   2042.97	    0.0	    00000000     00000000	   1	[      2]
623   	0     	      9	   NeutSmallDark	   1216.3008	   2484.38	    0.0	    00000000     00000000	   1	[      6]
624   	0     	      9	   NeutSmallDark	   1218.4531	   2152.34	    0.0	    00000000     00000000	   1	[      6]
625   	0     	      5	    NegSmallDark	   1220.6992	   2246.09	    0.0	    00000000     00000000	   1	[      2]
626   	0     	     10	 NeutLargeBright	   1222.9609	   2261.72	    0.0	    00000000     00000000	   1	[      7]
627   	0     	     11	 NeutSmallBright	   1225.0977	   2136.72	    0.0	    00000000     00000000	   1	[      8]
628   	0     	      6	  NegLargeBright	   1227.5312	   2433.59	    0.0	    00000000     00000000	   1	[      3]
629   	0     	     11	 NeutSmallBright	   1229.9258	   2394.53	    0.0	    00000000     00000000	   1	[      8]
630   	0     	      6	  NegLargeBright	   1232.4609	   2535.16	    0.0	    00000000     00000000	   1	[      3]
631   	0     	      8	   NeutLargeDark	   1234.5742	   2113.28	    0.0	    00000000     00000000	   1	[      5]
632   	0     	      7	  NegSmallBright	   1237.0664	   2492.19	    0.0	    00000000     00000000	   1	[      4]
633   	0     	      6	  NegLargeBright	   1239.3711	   2304.69	    0.0	    00000000     00000000	   1	[      3]
634   	0     	      8	   NeutLargeDark	   1241.7539	   2382.81	    0.0	    00000000     00000000	   1	[      5]
635   	0     	     10	 NeutLargeBright	   1243.9180	   2164.06	    0.0	    00000000     00000000	   1	[      7]
636   	0     	     10	 NeutLargeBright	   1246.0938	   2175.78	    0.0	    00000000     00000000	   1	[      7]
637   	0     	      8	   NeutLargeDark	   1248.5156	   2421.88	    0.0	    00000000     00000000	   1	[      5]
638   	0     	     11	 NeutSmallBright	   1250.6016	   2085.94	    0.0	    00000000     00000000	   1	[      8]
639   	0     	      8	   NeutLargeDark	   1252.9062	   2304.69	    0.0	    00000000     00000000	   1	[      5]
640   	0     	      7	  NegSmallBright	   1255.0586	   2152.34	    0.0	    00000000     00000000	   1	[      4]
641   	0     	     10	 NeutLargeBright	   1257.4648	   2406.25	    0.0	    00000000     00000000	   1	[      7]
642   	0     	      4	    NegLargeDark	   1259.9766	   2511.72	    0.0	    00000000     00000000	   1	[      1]
643   	0     	     11	 NeutSmallBright	   1262.2617	   2285.16	    0.0	    00000000     00000000	   1	[      8]
644   	0     	      5	    NegSmallDark	   1264.6875	   2425.78	    0.0	    00000000     00000000	   1	[      2]
645   	0     	      7	  NegSmallBright	   1266.9102	   2222.66	    0.0	    00000000     00000000	   1	[      4]
646   	0     	      4	    NegLargeDark	   1269.3945	   2484.38	    0.0	    00000000     00000000	   1	[      1]
647   	0     	      5	    NegSmallDark	   1271.7383	   2343.75	    0.0	    00000000     00000000	   1	[      2]
648   	0     	      5	    NegSmallDark	   1274.1523	   2414.06	    0.0	    00000000     00000000	   1	[      2]
649   	0     	      4	    NegLargeDark	   1276.3945	   2242.19	    0.0	    00000000     00000000	   1	[      1]
650   	0     	      7	  NegSmallBright	   1278.6797	   2285.16	    0.0	    00000000     00000000	   1	[      4]
651   	0     	      7	  NegSmallBright	   1280.8242	   2144.53	    0.0	    00000000     00000000	   1	[      4]
