#  Non-editable header begin --------------------------------------------------------------------------------
# 
#  data format...............: continuous
#  setname...................: BDF file
#  filename..................: none_specified
#  filepath..................: none_specified
#  nchan.....................: 64
#  pnts......................: 327936
#  srate.....................: 256
#  nevents...................: 652
#  generated by (bdf)........: 
#  generated by (set)........: BDF file
#  reported in ..............: 
#  prog Version..............: 8.02
#  creation date.............: 18-Nov-2020 17:06:51
#  user Account..............: 
# 
#  Non-editable header end --------------------------------------------------------------------------------

	bin 1,	# 60,	NegLargeDark
	bin 2,	# 60,	NegSmallDark
	bin 3,	# 60,	NegLargeBright
	bin 4,	# 60,	NegSmallBright
	bin 5,	# 60,	NeutLargeDark
	bin 6,	# 60,	NeutSmallDark
	bin 7,	# 60,	NeutLargeBright
	bin 8,	# 60,	NeutSmallBright



# item	 bepoch	  ecode	            label	      onset	          diff	     dura	b_flags	   a_flags	  enable	    bin
#                                                 (sec)           (msec)     (msec)    (binary)   (binary)


1     	0     	    253	              ""	      1.0000	      0.00	    0.0	    00000000     00000000	   1	[       ]
2     	0     	      4	    NegLargeDark	      2.0195	   1019.53	    0.0	    00000000     00000000	   1	[      1]
3     	0     	      6	  NegLargeBright	      4.2539	   2234.38	    0.0	    00000000     00000000	   1	[      3]
4     	0     	      4	    NegLargeDark	      6.3359	   2082.03	    0.0	    00000000     00000000	   1	[      1]
5     	0     	     11	 NeutSmallBright	      8.4023	   2066.41	    0.0	    00000000     00000000	   1	[      8]
6     	0     	      5	    NegSmallDark	     10.6562	   2253.91	    0.0	    00000000     00000000	   1	[      2]
7     	0     	     11	 NeutSmallBright	     12.8594	   2203.12	    0.0	    00000000     00000000	   1	[      8]
8     	0     	      9	   NeutSmallDark	     14.8906	   2031.25	    0.0	    00000000     00000000	   1	[      6]
9     	0     	      5	    NegSmallDark	     17.1562	   2265.62	    0.0	    00000000     00000000	   1	[      2]
10    	0     	      8	   NeutLargeDark	     19.6211	   2464.84	    0.0	    00000000     00000000	   1	[      5]
11    	0     	     11	 NeutSmallBright	     22.0430	   2421.88	    0.0	    00000000     00000000	   1	[      8]
12    	0     	      4	    NegLargeDark	     24.2891	   2246.09	    0.0	    00000000     00000000	   1	[      1]
13    	0     	      6	  NegLargeBright	     26.7930	   2503.91	    0.0	    00000000     00000000	   1	[      3]
14    	0     	     10	 NeutLargeBright	     28.8750	   2082.03	    0.0	    00000000     00000000	   1	[      7]
15    	0     	      4	    NegLargeDark	     31.0625	   2187.50	    0.0	    00000000     00000000	   1	[      1]
16    	0     	      6	  NegLargeBright	     33.2148	   2152.34	    0.0	    00000000     00000000	   1	[      3]
17    	0     	      5	    NegSmallDark	     35.4883	   2273.44	    0.0	    00000000     00000000	   1	[      2]
18    	0     	      9	   NeutSmallDark	     37.8828	   2394.53	    0.0	    00000000     00000000	   1	[      6]
19    	0     	      9	   NeutSmallDark	     40.3359	   2453.12	    0.0	    00000000     00000000	   1	[      6]
20    	0     	      6	  NegLargeBright	     42.4414	   2105.47	    0.0	    00000000     00000000	   1	[      3]
21    	0     	      2	      condition2	     42.7188	    277.34	    0.0	    00000000     00000000	   1	[       ]
22    	0     	      4	    NegLargeDark	     44.7344	   2015.62	    0.0	    00000000     00000000	   1	[      1]
23    	0     	      8	   NeutLargeDark	     46.8789	   2144.53	    0.0	    00000000     00000000	   1	[      5]
24    	0     	      2	      condition2	     47.1406	    261.72	    0.0	    00000000     00000000	   1	[       ]
25    	0     	      8	   NeutLargeDark	     48.9727	   1832.03	    0.0	    00000000     00000000	   1	[      5]
26    	0     	     10	 NeutLargeBright	     51.2773	   2304.69	    0.0	    00000000     00000000	   1	[      7]
27    	0     	      2	      condition2	     51.6797	    402.34	    0.0	    00000000     00000000	   1	[       ]
28    	0     	     15	     condition15	     53.6484	   1968.75	    0.0	    00000000     00000000	   1	[       ]
29    	0     	      2	      condition2	     54.2461	    597.66	    0.0	    00000000     00000000	   1	[       ]
30    	0     	     10	 NeutLargeBright	     55.9453	   1699.22	    0.0	    00000000     00000000	   1	[      7]
31    	0     	      8	   NeutLargeDark	     58.4297	   2484.38	    0.0	    00000000     00000000	   1	[      5]
32    	0     	      5	    NegSmallDark	     60.5938	   2164.06	    0.0	    00000000     00000000	   1	[      2]
33    	0     	      6	  NegLargeBright	     62.6562	   2062.50	    0.0	    00000000     00000000	   1	[      3]
34    	0     	      9	   NeutSmallDark	     65.1406	   2484.38	    0.0	    00000000     00000000	   1	[      6]
35    	0     	      4	    NegLargeDark	     67.4453	   2304.69	    0.0	    00000000     00000000	   1	[      1]
36    	0     	     10	 NeutLargeBright	     69.8594	   2414.06	    0.0	    00000000     00000000	   1	[      7]
37    	0     	     11	 NeutSmallBright	     71.9609	   2101.56	    0.0	    00000000     00000000	   1	[      8]
38    	0     	     13	     condition13	     74.0977	   2136.72	    0.0	    00000000     00000000	   1	[       ]
39    	0     	      2	      condition2	     74.6055	    507.81	    0.0	    00000000     00000000	   1	[       ]
40    	0     	      7	  NegSmallBright	     76.2812	   1675.78	    0.0	    00000000     00000000	   1	[      4]
41    	0     	      7	  NegSmallBright	     78.7539	   2472.66	    0.0	    00000000     00000000	   1	[      4]
42    	0     	      7	  NegSmallBright	     81.2578	   2503.91	    0.0	    00000000     00000000	   1	[      4]
43    	0     	     11	 NeutSmallBright	     83.3633	   2105.47	    0.0	    00000000     00000000	   1	[      8]
44    	0     	      8	   NeutLargeDark	     85.7383	   2375.00	    0.0	    00000000     00000000	   1	[      5]
45    	0     	      4	    NegLargeDark	     87.9297	   2191.41	    0.0	    00000000     00000000	   1	[      1]
46    	0     	     11	 NeutSmallBright	     89.9844	   2054.69	    0.0	    00000000     00000000	   1	[      8]
47    	0     	      4	    NegLargeDark	     92.1367	   2152.34	    0.0	    00000000     00000000	   1	[      1]
48    	0     	     13	     condition13	     94.5430	   2406.25	    0.0	    00000000     00000000	   1	[       ]
49    	0     	      2	      condition2	     95.1719	    628.91	    0.0	    00000000     00000000	   1	[       ]
50    	0     	     11	 NeutSmallBright	     96.8359	   1664.06	    0.0	    00000000     00000000	   1	[      8]
51    	0     	      7	  NegSmallBright	     99.3008	   2464.84	    0.0	    00000000     00000000	   1	[      4]
52    	0     	      6	  NegLargeBright	    101.7344	   2433.59	    0.0	    00000000     00000000	   1	[      3]
53    	0     	      4	    NegLargeDark	    104.0508	   2316.41	    0.0	    00000000     00000000	   1	[      1]
54    	0     	     10	 NeutLargeBright	    106.2422	   2191.41	    0.0	    00000000     00000000	   1	[      7]
55    	0     	      5	    NegSmallDark	    108.3555	   2113.28	    0.0	    00000000     00000000	   1	[      2]
56    	0     	     10	 NeutLargeBright	    110.7188	   2363.28	    0.0	    00000000     00000000	   1	[      7]
57    	0     	      2	      condition2	    112.0898	   1371.09	    0.0	    00000000     00000000	   1	[       ]
58    	0     	     15	     condition15	    113.0742	    984.38	    0.0	    00000000     00000000	   1	[       ]
59    	0     	      2	      condition2	    113.6328	    558.59	    0.0	    00000000     00000000	   1	[       ]
60    	0     	      8	   NeutLargeDark	    115.3789	   1746.09	    0.0	    00000000     00000000	   1	[      5]
61    	0     	      7	  NegSmallBright	    117.4336	   2054.69	    0.0	    00000000     00000000	   1	[      4]
62    	0     	     12	     condition12	    119.8047	   2371.09	    0.0	    00000000     00000000	   1	[       ]
63    	0     	      2	      condition2	    120.3633	    558.59	    0.0	    00000000     00000000	   1	[       ]
64    	0     	      9	   NeutSmallDark	    121.9805	   1617.19	    0.0	    00000000     00000000	   1	[      6]
65    	0     	      8	   NeutLargeDark	    124.3359	   2355.47	    0.0	    00000000     00000000	   1	[      5]
66    	0     	      4	    NegLargeDark	    126.8203	   2484.38	    0.0	    00000000     00000000	   1	[      1]
67    	0     	     12	     condition12	    129.0117	   2191.41	    0.0	    00000000     00000000	   1	[       ]
68    	0     	      2	      condition2	    129.5352	    523.44	    0.0	    00000000     00000000	   1	[       ]
69    	0     	     10	 NeutLargeBright	    131.4961	   1960.94	    0.0	    00000000     00000000	   1	[      7]
70    	0     	      4	    NegLargeDark	    133.5312	   2035.16	    0.0	    00000000     00000000	   1	[      1]
71    	0     	      5	    NegSmallDark	    135.6250	   2093.75	    0.0	    00000000     00000000	   1	[      2]
72    	0     	      5	    NegSmallDark	    138.0000	   2375.00	    0.0	    00000000     00000000	   1	[      2]
73    	0     	     10	 NeutLargeBright	    140.1211	   2121.09	    0.0	    00000000     00000000	   1	[      7]
74    	0     	      9	   NeutSmallDark	    142.3164	   2195.31	    0.0	    00000000     00000000	   1	[      6]
75    	0     	      6	  NegLargeBright	    144.4688	   2152.34	    0.0	    00000000     00000000	   1	[      3]
76    	0     	      6	  NegLargeBright	    146.8438	   2375.00	    0.0	    00000000     00000000	   1	[      3]
77    	0     	      8	   NeutLargeDark	    149.0977	   2253.91	    0.0	    00000000     00000000	   1	[      5]
78    	0     	      9	   NeutSmallDark	    151.5820	   2484.38	    0.0	    00000000     00000000	   1	[      6]
79    	0     	      4	    NegLargeDark	    153.7344	   2152.34	    0.0	    00000000     00000000	   1	[      1]
80    	0     	     11	 NeutSmallBright	    156.0195	   2285.16	    0.0	    00000000     00000000	   1	[      8]
81    	0     	     15	     condition15	    158.4062	   2386.72	    0.0	    00000000     00000000	   1	[       ]
82    	0     	      2	      condition2	    158.9727	    566.41	    0.0	    00000000     00000000	   1	[       ]
83    	0     	    253	              ""	    160.0469	   1074.22	    0.0	    00000000     00000000	   1	[       ]
84    	0     	      6	  NegLargeBright	    161.0508	   1003.91	    0.0	    00000000     00000000	   1	[      3]
85    	0     	      9	   NeutSmallDark	    163.2852	   2234.38	    0.0	    00000000     00000000	   1	[      6]
86    	0     	      8	   NeutLargeDark	    165.3906	   2105.47	    0.0	    00000000     00000000	   1	[      5]
87    	0     	     12	     condition12	    167.7148	   2324.22	    0.0	    00000000     00000000	   1	[       ]
88    	0     	      2	      condition2	    168.2266	    511.72	    0.0	    00000000     00000000	   1	[       ]
89    	0     	     11	 NeutSmallBright	    169.9453	   1718.75	    0.0	    00000000     00000000	   1	[      8]
90    	0     	     10	 NeutLargeBright	    172.3906	   2445.31	    0.0	    00000000     00000000	   1	[      7]
91    	0     	      8	   NeutLargeDark	    174.6055	   2214.84	    0.0	    00000000     00000000	   1	[      5]
92    	0     	      5	    NegSmallDark	    176.8281	   2222.66	    0.0	    00000000     00000000	   1	[      2]
93    	0     	      7	  NegSmallBright	    179.1016	   2273.44	    0.0	    00000000     00000000	   1	[      4]
94    	0     	     11	 NeutSmallBright	    181.5781	   2476.56	    0.0	    00000000     00000000	   1	[      8]
95    	0     	     13	     condition13	    183.8320	   2253.91	    0.0	    00000000     00000000	   1	[       ]
96    	0     	      2	      condition2	    184.3750	    542.97	    0.0	    00000000     00000000	   1	[       ]
97    	0     	      7	  NegSmallBright	    186.1367	   1761.72	    0.0	    00000000     00000000	   1	[      4]
98    	0     	     11	 NeutSmallBright	    188.3711	   2234.38	    0.0	    00000000     00000000	   1	[      8]
99    	0     	      9	   NeutSmallDark	    190.8242	   2453.12	    0.0	    00000000     00000000	   1	[      6]
100   	0     	      9	   NeutSmallDark	    193.3164	   2492.19	    0.0	    00000000     00000000	   1	[      6]
101   	0     	      7	  NegSmallBright	    195.8242	   2507.81	    0.0	    00000000     00000000	   1	[      4]
102   	0     	      6	  NegLargeBright	    198.1953	   2371.09	    0.0	    00000000     00000000	   1	[      3]
103   	0     	     10	 NeutLargeBright	    200.3906	   2195.31	    0.0	    00000000     00000000	   1	[      7]
104   	0     	     11	 NeutSmallBright	    202.4961	   2105.47	    0.0	    00000000     00000000	   1	[      8]
105   	0     	      5	    NegSmallDark	    204.8086	   2312.50	    0.0	    00000000     00000000	   1	[      2]
106   	0     	      4	    NegLargeDark	    207.0938	   2285.16	    0.0	    00000000     00000000	   1	[      1]
107   	0     	     11	 NeutSmallBright	    209.6172	   2523.44	    0.0	    00000000     00000000	   1	[      8]
108   	0     	     12	     condition12	    212.1406	   2523.44	    0.0	    00000000     00000000	   1	[       ]
109   	0     	      2	      condition2	    212.9297	    789.06	    0.0	    00000000     00000000	   1	[       ]
110   	0     	      5	    NegSmallDark	    214.2734	   1343.75	    0.0	    00000000     00000000	   1	[      2]
111   	0     	      8	   NeutLargeDark	    216.6875	   2414.06	    0.0	    00000000     00000000	   1	[      5]
112   	0     	     11	 NeutSmallBright	    219.1953	   2507.81	    0.0	    00000000     00000000	   1	[      8]
113   	0     	      6	  NegLargeBright	    221.3789	   2183.59	    0.0	    00000000     00000000	   1	[      3]
114   	0     	     10	 NeutLargeBright	    223.7617	   2382.81	    0.0	    00000000     00000000	   1	[      7]
115   	0     	     10	 NeutLargeBright	    226.0469	   2285.16	    0.0	    00000000     00000000	   1	[      7]
116   	0     	      6	  NegLargeBright	    228.4805	   2433.59	    0.0	    00000000     00000000	   1	[      3]
117   	0     	     14	     condition14	    230.7344	   2253.91	    0.0	    00000000     00000000	   1	[       ]
118   	0     	      2	      condition2	    231.2227	    488.28	    0.0	    00000000     00000000	   1	[       ]
119   	0     	     10	 NeutLargeBright	    232.8594	   1636.72	    0.0	    00000000     00000000	   1	[      7]
120   	0     	      8	   NeutLargeDark	    235.2422	   2382.81	    0.0	    00000000     00000000	   1	[      5]
121   	0     	     11	 NeutSmallBright	    237.4453	   2203.12	    0.0	    00000000     00000000	   1	[      8]
122   	0     	      6	  NegLargeBright	    239.5781	   2132.81	    0.0	    00000000     00000000	   1	[      3]
123   	0     	      5	    NegSmallDark	    241.9531	   2375.00	    0.0	    00000000     00000000	   1	[      2]
124   	0     	      5	    NegSmallDark	    244.3281	   2375.00	    0.0	    00000000     00000000	   1	[      2]
125   	0     	     12	     condition12	    246.7812	   2453.12	    0.0	    00000000     00000000	   1	[       ]
126   	0     	      2	      condition2	    247.6094	    828.12	    0.0	    00000000     00000000	   1	[       ]
127   	0     	     11	 NeutSmallBright	    249.0352	   1425.78	    0.0	    00000000     00000000	   1	[      8]
128   	0     	     11	 NeutSmallBright	    251.4102	   2375.00	    0.0	    00000000     00000000	   1	[      8]
129   	0     	      5	    NegSmallDark	    253.5820	   2171.88	    0.0	    00000000     00000000	   1	[      2]
130   	0     	      7	  NegSmallBright	    255.9492	   2367.19	    0.0	    00000000     00000000	   1	[      4]
131   	0     	     14	     condition14	    258.1836	   2234.38	    0.0	    00000000     00000000	   1	[       ]
132   	0     	      2	      condition2	    258.6797	    496.09	    0.0	    00000000     00000000	   1	[       ]
133   	0     	      9	   NeutSmallDark	    260.2539	   1574.22	    0.0	    00000000     00000000	   1	[      6]
134   	0     	      7	  NegSmallBright	    262.6680	   2414.06	    0.0	    00000000     00000000	   1	[      4]
135   	0     	     10	 NeutLargeBright	    264.7148	   2046.88	    0.0	    00000000     00000000	   1	[      7]
136   	0     	      4	    NegLargeDark	    267.0977	   2382.81	    0.0	    00000000     00000000	   1	[      1]
137   	0     	      4	    NegLargeDark	    269.5234	   2425.78	    0.0	    00000000     00000000	   1	[      1]
138   	0     	     14	     condition14	    271.6250	   2101.56	    0.0	    00000000     00000000	   1	[       ]
139   	0     	      2	      condition2	    272.1172	    492.19	    0.0	    00000000     00000000	   1	[       ]
140   	0     	     15	     condition15	    273.7500	   1632.81	    0.0	    00000000     00000000	   1	[       ]
141   	0     	      2	      condition2	    274.3047	    554.69	    0.0	    00000000     00000000	   1	[       ]
142   	0     	     15	     condition15	    275.9219	   1617.19	    0.0	    00000000     00000000	   1	[       ]
143   	0     	      2	      condition2	    276.5703	    648.44	    0.0	    00000000     00000000	   1	[       ]
144   	0     	     10	 NeutLargeBright	    278.0469	   1476.56	    0.0	    00000000     00000000	   1	[      7]
145   	0     	      4	    NegLargeDark	    280.2227	   2175.78	    0.0	    00000000     00000000	   1	[      1]
146   	0     	     10	 NeutLargeBright	    282.5430	   2320.31	    0.0	    00000000     00000000	   1	[      7]
147   	0     	      4	    NegLargeDark	    284.5977	   2054.69	    0.0	    00000000     00000000	   1	[      1]
148   	0     	     12	     condition12	    286.6602	   2062.50	    0.0	    00000000     00000000	   1	[       ]
149   	0     	      2	      condition2	    287.1484	    488.28	    0.0	    00000000     00000000	   1	[       ]
150   	0     	     10	 NeutLargeBright	    288.9766	   1828.12	    0.0	    00000000     00000000	   1	[      7]
151   	0     	      6	  NegLargeBright	    291.1406	   2164.06	    0.0	    00000000     00000000	   1	[      3]
152   	0     	      9	   NeutSmallDark	    293.6250	   2484.38	    0.0	    00000000     00000000	   1	[      6]
153   	0     	      8	   NeutLargeDark	    295.9883	   2363.28	    0.0	    00000000     00000000	   1	[      5]
154   	0     	      6	  NegLargeBright	    298.0625	   2074.22	    0.0	    00000000     00000000	   1	[      3]
155   	0     	      5	    NegSmallDark	    300.2344	   2171.88	    0.0	    00000000     00000000	   1	[      2]
156   	0     	     10	 NeutLargeBright	    302.4609	   2226.56	    0.0	    00000000     00000000	   1	[      7]
157   	0     	     14	     condition14	    304.6719	   2210.94	    0.0	    00000000     00000000	   1	[       ]
158   	0     	      2	      condition2	    305.1953	    523.44	    0.0	    00000000     00000000	   1	[       ]
159   	0     	      6	  NegLargeBright	    306.7656	   1570.31	    0.0	    00000000     00000000	   1	[      3]
160   	0     	     11	 NeutSmallBright	    308.8594	   2093.75	    0.0	    00000000     00000000	   1	[      8]
161   	0     	      8	   NeutLargeDark	    311.2461	   2386.72	    0.0	    00000000     00000000	   1	[      5]
162   	0     	     14	     condition14	    313.4180	   2171.88	    0.0	    00000000     00000000	   1	[       ]
163   	0     	      2	      condition2	    313.9883	    570.31	    0.0	    00000000     00000000	   1	[       ]
164   	0     	      5	    NegSmallDark	    315.7852	   1796.88	    0.0	    00000000     00000000	   1	[      2]
165   	0     	     11	 NeutSmallBright	    318.2969	   2511.72	    0.0	    00000000     00000000	   1	[      8]
166   	0     	     11	 NeutSmallBright	    321.4805	   3183.59	    0.0	    00000000     00000000	   1	[      8]
167   	0     	      4	    NegLargeDark	    323.8477	   2367.19	    0.0	    00000000     00000000	   1	[      1]
168   	0     	      4	    NegLargeDark	    326.3711	   2523.44	    0.0	    00000000     00000000	   1	[      1]
169   	0     	      8	   NeutLargeDark	    328.7344	   2363.28	    0.0	    00000000     00000000	   1	[      5]
170   	0     	     11	 NeutSmallBright	    330.8281	   2093.75	    0.0	    00000000     00000000	   1	[      8]
171   	0     	      5	    NegSmallDark	    333.1016	   2273.44	    0.0	    00000000     00000000	   1	[      2]
172   	0     	      9	   NeutSmallDark	    335.3359	   2234.38	    0.0	    00000000     00000000	   1	[      6]
173   	0     	      5	    NegSmallDark	    337.5195	   2183.59	    0.0	    00000000     00000000	   1	[      2]
174   	0     	      8	   NeutLargeDark	    339.6641	   2144.53	    0.0	    00000000     00000000	   1	[      5]
175   	0     	      5	    NegSmallDark	    341.9883	   2324.22	    0.0	    00000000     00000000	   1	[      2]
176   	0     	     10	 NeutLargeBright	    344.4609	   2472.66	    0.0	    00000000     00000000	   1	[      7]
177   	0     	     10	 NeutLargeBright	    346.8867	   2425.78	    0.0	    00000000     00000000	   1	[      7]
178   	0     	     11	 NeutSmallBright	    348.9219	   2035.16	    0.0	    00000000     00000000	   1	[      8]
179   	0     	     10	 NeutLargeBright	    351.3633	   2441.41	    0.0	    00000000     00000000	   1	[      7]
180   	0     	      7	  NegSmallBright	    353.5273	   2164.06	    0.0	    00000000     00000000	   1	[      4]
181   	0     	      7	  NegSmallBright	    355.5938	   2066.41	    0.0	    00000000     00000000	   1	[      4]
182   	0     	      4	    NegLargeDark	    357.7148	   2121.09	    0.0	    00000000     00000000	   1	[      1]
183   	0     	      6	  NegLargeBright	    360.1797	   2464.84	    0.0	    00000000     00000000	   1	[      3]
184   	0     	      8	   NeutLargeDark	    362.4844	   2304.69	    0.0	    00000000     00000000	   1	[      5]
185   	0     	      8	   NeutLargeDark	    364.8086	   2324.22	    0.0	    00000000     00000000	   1	[      5]
186   	0     	     15	     condition15	    367.2305	   2421.88	    0.0	    00000000     00000000	   1	[       ]
187   	0     	      2	      condition2	    367.7500	    519.53	    0.0	    00000000     00000000	   1	[       ]
188   	0     	      7	  NegSmallBright	    369.2578	   1507.81	    0.0	    00000000     00000000	   1	[      4]
189   	0     	      6	  NegLargeBright	    371.3906	   2132.81	    0.0	    00000000     00000000	   1	[      3]
190   	0     	      9	   NeutSmallDark	    373.8125	   2421.88	    0.0	    00000000     00000000	   1	[      6]
191   	0     	      4	    NegLargeDark	    376.1797	   2367.19	    0.0	    00000000     00000000	   1	[      1]
192   	0     	      9	   NeutSmallDark	    378.5234	   2343.75	    0.0	    00000000     00000000	   1	[      6]
193   	0     	     13	     condition13	    381.0078	   2484.38	    0.0	    00000000     00000000	   1	[       ]
194   	0     	      2	      condition2	    381.4766	    468.75	    0.0	    00000000     00000000	   1	[       ]
195   	0     	      7	  NegSmallBright	    383.2695	   1792.97	    0.0	    00000000     00000000	   1	[      4]
196   	0     	      4	    NegLargeDark	    385.4844	   2214.84	    0.0	    00000000     00000000	   1	[      1]
197   	0     	      5	    NegSmallDark	    387.6484	   2164.06	    0.0	    00000000     00000000	   1	[      2]
198   	0     	      9	   NeutSmallDark	    390.1328	   2484.38	    0.0	    00000000     00000000	   1	[      6]
199   	0     	      7	  NegSmallBright	    392.1875	   2054.69	    0.0	    00000000     00000000	   1	[      4]
200   	0     	     13	     condition13	    394.2109	   2023.44	    0.0	    00000000     00000000	   1	[       ]
201   	0     	      2	      condition2	    394.7188	    507.81	    0.0	    00000000     00000000	   1	[       ]
202   	0     	      5	    NegSmallDark	    396.3438	   1625.00	    0.0	    00000000     00000000	   1	[      2]
203   	0     	      5	    NegSmallDark	    398.4180	   2074.22	    0.0	    00000000     00000000	   1	[      2]
204   	0     	     11	 NeutSmallBright	    400.6211	   2203.12	    0.0	    00000000     00000000	   1	[      8]
205   	0     	      8	   NeutLargeDark	    402.7344	   2113.28	    0.0	    00000000     00000000	   1	[      5]
206   	0     	      5	    NegSmallDark	    405.1680	   2433.59	    0.0	    00000000     00000000	   1	[      2]
207   	0     	      6	  NegLargeBright	    407.5938	   2425.78	    0.0	    00000000     00000000	   1	[      3]
208   	0     	     13	     condition13	    409.7969	   2203.12	    0.0	    00000000     00000000	   1	[       ]
209   	0     	      2	      condition2	    410.2891	    492.19	    0.0	    00000000     00000000	   1	[       ]
210   	0     	     11	 NeutSmallBright	    412.0898	   1800.78	    0.0	    00000000     00000000	   1	[      8]
211   	0     	     10	 NeutLargeBright	    414.1445	   2054.69	    0.0	    00000000     00000000	   1	[      7]
212   	0     	     15	     condition15	    416.5391	   2394.53	    0.0	    00000000     00000000	   1	[       ]
213   	0     	      2	      condition2	    417.0352	    496.09	    0.0	    00000000     00000000	   1	[       ]
214   	0     	     14	     condition14	    418.7109	   1675.78	    0.0	    00000000     00000000	   1	[       ]
215   	0     	      2	      condition2	    419.2031	    492.19	    0.0	    00000000     00000000	   1	[       ]
216   	0     	      4	    NegLargeDark	    421.0859	   1882.81	    0.0	    00000000     00000000	   1	[      1]
217   	0     	      6	  NegLargeBright	    423.1523	   2066.41	    0.0	    00000000     00000000	   1	[      3]
218   	0     	     13	     condition13	    425.2344	   2082.03	    0.0	    00000000     00000000	   1	[       ]
219   	0     	      2	      condition2	    425.8828	    648.44	    0.0	    00000000     00000000	   1	[       ]
220   	0     	      6	  NegLargeBright	    427.7695	   1886.72	    0.0	    00000000     00000000	   1	[      3]
221   	0     	      9	   NeutSmallDark	    429.9844	   2214.84	    0.0	    00000000     00000000	   1	[      6]
222   	0     	     12	     condition12	    432.4258	   2441.41	    0.0	    00000000     00000000	   1	[       ]
223   	0     	      2	      condition2	    432.8984	    472.66	    0.0	    00000000     00000000	   1	[       ]
224   	0     	      8	   NeutLargeDark	    434.9219	   2023.44	    0.0	    00000000     00000000	   1	[      5]
225   	0     	     15	     condition15	    437.2070	   2285.16	    0.0	    00000000     00000000	   1	[       ]
226   	0     	      2	      condition2	    437.8828	    675.78	    0.0	    00000000     00000000	   1	[       ]
227   	0     	     11	 NeutSmallBright	    439.5078	   1625.00	    0.0	    00000000     00000000	   1	[      8]
228   	0     	     15	     condition15	    441.6914	   2183.59	    0.0	    00000000     00000000	   1	[       ]
229   	0     	      2	      condition2	    442.2617	    570.31	    0.0	    00000000     00000000	   1	[       ]
230   	0     	      6	  NegLargeBright	    443.7461	   1484.38	    0.0	    00000000     00000000	   1	[      3]
231   	0     	      7	  NegSmallBright	    446.2227	   2476.56	    0.0	    00000000     00000000	   1	[      4]
232   	0     	      9	   NeutSmallDark	    448.3438	   2121.09	    0.0	    00000000     00000000	   1	[      6]
233   	0     	      9	   NeutSmallDark	    450.3672	   2023.44	    0.0	    00000000     00000000	   1	[      6]
234   	0     	     12	     condition12	    452.5938	   2226.56	    0.0	    00000000     00000000	   1	[       ]
235   	0     	      2	      condition2	    453.0977	    503.91	    0.0	    00000000     00000000	   1	[       ]
236   	0     	      4	    NegLargeDark	    454.9375	   1839.84	    0.0	    00000000     00000000	   1	[      1]
237   	0     	      5	    NegSmallDark	    457.1211	   2183.59	    0.0	    00000000     00000000	   1	[      2]
238   	0     	     10	 NeutLargeBright	    459.5234	   2402.34	    0.0	    00000000     00000000	   1	[      7]
239   	0     	      6	  NegLargeBright	    461.8477	   2324.22	    0.0	    00000000     00000000	   1	[      3]
240   	0     	      5	    NegSmallDark	    463.9922	   2144.53	    0.0	    00000000     00000000	   1	[      2]
241   	0     	     13	     condition13	    466.1445	   2152.34	    0.0	    00000000     00000000	   1	[       ]
242   	0     	      2	      condition2	    466.6016	    457.03	    0.0	    00000000     00000000	   1	[       ]
243   	0     	      4	    NegLargeDark	    468.4609	   1859.38	    0.0	    00000000     00000000	   1	[      1]
244   	0     	      5	    NegSmallDark	    470.7930	   2332.03	    0.0	    00000000     00000000	   1	[      2]
245   	0     	      5	    NegSmallDark	    473.0664	   2273.44	    0.0	    00000000     00000000	   1	[      2]
246   	0     	      4	    NegLargeDark	    475.1328	   2066.41	    0.0	    00000000     00000000	   1	[      1]
247   	0     	      5	    NegSmallDark	    477.5859	   2453.12	    0.0	    00000000     00000000	   1	[      2]
248   	0     	    253	              ""	    480.9219	   3335.94	    0.0	    00000000     00000000	   1	[       ]
249   	0     	      6	  NegLargeBright	    481.9219	   1000.00	    0.0	    00000000     00000000	   1	[      3]
250   	0     	      7	  NegSmallBright	    484.0859	   2164.06	    0.0	    00000000     00000000	   1	[      4]
251   	0     	     10	 NeutLargeBright	    486.4883	   2402.34	    0.0	    00000000     00000000	   1	[      7]
252   	0     	      7	  NegSmallBright	    488.7539	   2265.62	    0.0	    00000000     00000000	   1	[      4]
253   	0     	      8	   NeutLargeDark	    491.0977	   2343.75	    0.0	    00000000     00000000	   1	[      5]
254   	0     	     13	     condition13	    493.2109	   2113.28	    0.0	    00000000     00000000	   1	[       ]
255   	0     	      2	      condition2	    493.8281	    617.19	    0.0	    00000000     00000000	   1	[       ]
256   	0     	      2	      condition2	    494.2305	    402.34	    0.0	    00000000     00000000	   1	[       ]
257   	0     	      8	   NeutLargeDark	    495.5039	   1273.44	    0.0	    00000000     00000000	   1	[      5]
258   	0     	      4	    NegLargeDark	    497.7891	   2285.16	    0.0	    00000000     00000000	   1	[      1]
259   	0     	      9	   NeutSmallDark	    499.9414	   2152.34	    0.0	    00000000     00000000	   1	[      6]
260   	0     	      7	  NegSmallBright	    502.2383	   2296.88	    0.0	    00000000     00000000	   1	[      4]
261   	0     	      5	    NegSmallDark	    504.3320	   2093.75	    0.0	    00000000     00000000	   1	[      2]
262   	0     	     15	     condition15	    506.4453	   2113.28	    0.0	    00000000     00000000	   1	[       ]
263   	0     	      2	      condition2	    506.9258	    480.47	    0.0	    00000000     00000000	   1	[       ]
264   	0     	     10	 NeutLargeBright	    508.5664	   1640.62	    0.0	    00000000     00000000	   1	[      7]
265   	0     	     10	 NeutLargeBright	    510.9414	   2375.00	    0.0	    00000000     00000000	   1	[      7]
266   	0     	      9	   NeutSmallDark	    513.3359	   2394.53	    0.0	    00000000     00000000	   1	[      6]
267   	0     	     12	     condition12	    515.3906	   2054.69	    0.0	    00000000     00000000	   1	[       ]
268   	0     	      2	      condition2	    515.8516	    460.94	    0.0	    00000000     00000000	   1	[       ]
269   	0     	      4	    NegLargeDark	    517.8828	   2031.25	    0.0	    00000000     00000000	   1	[      1]
270   	0     	     12	     condition12	    520.1172	   2234.38	    0.0	    00000000     00000000	   1	[       ]
271   	0     	      2	      condition2	    520.5430	    425.78	    0.0	    00000000     00000000	   1	[       ]
272   	0     	      9	   NeutSmallDark	    522.5039	   1960.94	    0.0	    00000000     00000000	   1	[      6]
273   	0     	      5	    NegSmallDark	    524.7344	   2230.47	    0.0	    00000000     00000000	   1	[      2]
274   	0     	      9	   NeutSmallDark	    527.0312	   2296.88	    0.0	    00000000     00000000	   1	[      6]
275   	0     	     13	     condition13	    529.4023	   2371.09	    0.0	    00000000     00000000	   1	[       ]
276   	0     	      2	      condition2	    529.8789	    476.56	    0.0	    00000000     00000000	   1	[       ]
277   	0     	     10	 NeutLargeBright	    531.5664	   1687.50	    0.0	    00000000     00000000	   1	[      7]
278   	0     	     11	 NeutSmallBright	    533.8828	   2316.41	    0.0	    00000000     00000000	   1	[      8]
279   	0     	      5	    NegSmallDark	    536.0156	   2132.81	    0.0	    00000000     00000000	   1	[      2]
280   	0     	      7	  NegSmallBright	    538.2617	   2246.09	    0.0	    00000000     00000000	   1	[      4]
281   	0     	      9	   NeutSmallDark	    540.4219	   2160.16	    0.0	    00000000     00000000	   1	[      6]
282   	0     	      7	  NegSmallBright	    542.6172	   2195.31	    0.0	    00000000     00000000	   1	[      4]
283   	0     	      7	  NegSmallBright	    545.0703	   2453.12	    0.0	    00000000     00000000	   1	[      4]
284   	0     	      5	    NegSmallDark	    547.4766	   2406.25	    0.0	    00000000     00000000	   1	[      2]
285   	0     	      4	    NegLargeDark	    549.9609	   2484.38	    0.0	    00000000     00000000	   1	[      1]
286   	0     	      8	   NeutLargeDark	    552.3555	   2394.53	    0.0	    00000000     00000000	   1	[      5]
287   	0     	     14	     condition14	    554.6484	   2292.97	    0.0	    00000000     00000000	   1	[       ]
288   	0     	      2	      condition2	    555.1562	    507.81	    0.0	    00000000     00000000	   1	[       ]
289   	0     	      8	   NeutLargeDark	    556.9219	   1765.62	    0.0	    00000000     00000000	   1	[      5]
290   	0     	     10	 NeutLargeBright	    559.0078	   2085.94	    0.0	    00000000     00000000	   1	[      7]
291   	0     	      8	   NeutLargeDark	    561.5391	   2531.25	    0.0	    00000000     00000000	   1	[      5]
292   	0     	      4	    NegLargeDark	    564.0352	   2496.09	    0.0	    00000000     00000000	   1	[      1]
293   	0     	      9	   NeutSmallDark	    566.4297	   2394.53	    0.0	    00000000     00000000	   1	[      6]
294   	0     	      7	  NegSmallBright	    568.9336	   2503.91	    0.0	    00000000     00000000	   1	[      4]
295   	0     	     10	 NeutLargeBright	    571.2578	   2324.22	    0.0	    00000000     00000000	   1	[      7]
296   	0     	      8	   NeutLargeDark	    573.5508	   2292.97	    0.0	    00000000     00000000	   1	[      5]
297   	0     	      8	   NeutLargeDark	    575.8750	   2324.22	    0.0	    00000000     00000000	   1	[      5]
298   	0     	      8	   NeutLargeDark	    578.3984	   2523.44	    0.0	    00000000     00000000	   1	[      5]
299   	0     	      8	   NeutLargeDark	    580.4648	   2066.41	    0.0	    00000000     00000000	   1	[      5]
300   	0     	     12	     condition12	    582.9766	   2511.72	    0.0	    00000000     00000000	   1	[       ]
301   	0     	      2	      condition2	    583.5156	    539.06	    0.0	    00000000     00000000	   1	[       ]
302   	0     	      4	    NegLargeDark	    585.0938	   1578.12	    0.0	    00000000     00000000	   1	[      1]
303   	0     	      5	    NegSmallDark	    587.1250	   2031.25	    0.0	    00000000     00000000	   1	[      2]
304   	0     	      8	   NeutLargeDark	    589.1797	   2054.69	    0.0	    00000000     00000000	   1	[      5]
305   	0     	      9	   NeutSmallDark	    591.3242	   2144.53	    0.0	    00000000     00000000	   1	[      6]
306   	0     	      4	    NegLargeDark	    593.4258	   2101.56	    0.0	    00000000     00000000	   1	[      1]
307   	0     	      7	  NegSmallBright	    595.8320	   2406.25	    0.0	    00000000     00000000	   1	[      4]
308   	0     	      9	   NeutSmallDark	    597.9648	   2132.81	    0.0	    00000000     00000000	   1	[      6]
309   	0     	      9	   NeutSmallDark	    600.3398	   2375.00	    0.0	    00000000     00000000	   1	[      6]
310   	0     	     12	     condition12	    602.3906	   2050.78	    0.0	    00000000     00000000	   1	[       ]
311   	0     	      2	      condition2	    602.8594	    468.75	    0.0	    00000000     00000000	   1	[       ]
312   	0     	      4	    NegLargeDark	    604.7773	   1917.97	    0.0	    00000000     00000000	   1	[      1]
313   	0     	     14	     condition14	    607.0820	   2304.69	    0.0	    00000000     00000000	   1	[       ]
314   	0     	      2	      condition2	    607.5586	    476.56	    0.0	    00000000     00000000	   1	[       ]
315   	0     	      7	  NegSmallBright	    609.1641	   1605.47	    0.0	    00000000     00000000	   1	[      4]
316   	0     	     15	     condition15	    611.3867	   2222.66	    0.0	    00000000     00000000	   1	[       ]
317   	0     	      2	      condition2	    611.9102	    523.44	    0.0	    00000000     00000000	   1	[       ]
318   	0     	      7	  NegSmallBright	    613.6523	   1742.19	    0.0	    00000000     00000000	   1	[      4]
319   	0     	      6	  NegLargeBright	    615.7656	   2113.28	    0.0	    00000000     00000000	   1	[      3]
320   	0     	      7	  NegSmallBright	    618.1094	   2343.75	    0.0	    00000000     00000000	   1	[      4]
321   	0     	      8	   NeutLargeDark	    620.3555	   2246.09	    0.0	    00000000     00000000	   1	[      5]
322   	0     	      4	    NegLargeDark	    622.4883	   2132.81	    0.0	    00000000     00000000	   1	[      1]
323   	0     	      7	  NegSmallBright	    624.5898	   2101.56	    0.0	    00000000     00000000	   1	[      4]
324   	0     	     11	 NeutSmallBright	    626.9258	   2335.94	    0.0	    00000000     00000000	   1	[      8]
325   	0     	      5	    NegSmallDark	    629.0781	   2152.34	    0.0	    00000000     00000000	   1	[      2]
326   	0     	     11	 NeutSmallBright	    631.1523	   2074.22	    0.0	    00000000     00000000	   1	[      8]
327   	0     	      8	   NeutLargeDark	    633.5391	   2386.72	    0.0	    00000000     00000000	   1	[      5]
328   	0     	      8	   NeutLargeDark	    635.7617	   2222.66	    0.0	    00000000     00000000	   1	[      5]
329   	0     	     10	 NeutLargeBright	    638.2266	   2464.84	    0.0	    00000000     00000000	   1	[      7]
330   	0     	    253	              ""	    640.3906	   2164.06	    0.0	    00000000     00000000	   1	[       ]
331   	0     	     12	     condition12	    641.3945	   1003.91	    0.0	    00000000     00000000	   1	[       ]
332   	0     	      2	      condition2	    641.9336	    539.06	    0.0	    00000000     00000000	   1	[       ]
333   	0     	     11	 NeutSmallBright	    643.5703	   1636.72	    0.0	    00000000     00000000	   1	[      8]
334   	0     	      6	  NegLargeBright	    646.0430	   2472.66	    0.0	    00000000     00000000	   1	[      3]
335   	0     	      9	   NeutSmallDark	    648.0859	   2042.97	    0.0	    00000000     00000000	   1	[      6]
336   	0     	     13	     condition13	    650.5625	   2476.56	    0.0	    00000000     00000000	   1	[       ]
337   	0     	      2	      condition2	    651.1875	    625.00	    0.0	    00000000     00000000	   1	[       ]
338   	0     	      5	    NegSmallDark	    652.9961	   1808.59	    0.0	    00000000     00000000	   1	[      2]
339   	0     	      4	    NegLargeDark	    655.2812	   2285.16	    0.0	    00000000     00000000	   1	[      1]
340   	0     	     15	     condition15	    657.5625	   2281.25	    0.0	    00000000     00000000	   1	[       ]
341   	0     	      2	      condition2	    658.1875	    625.00	    0.0	    00000000     00000000	   1	[       ]
342   	0     	      5	    NegSmallDark	    659.6055	   1417.97	    0.0	    00000000     00000000	   1	[      2]
343   	0     	      4	    NegLargeDark	    662.0117	   2406.25	    0.0	    00000000     00000000	   1	[      1]
344   	0     	      5	    NegSmallDark	    664.4062	   2394.53	    0.0	    00000000     00000000	   1	[      2]
345   	0     	      5	    NegSmallDark	    666.5977	   2191.41	    0.0	    00000000     00000000	   1	[      2]
346   	0     	     10	 NeutLargeBright	    668.8945	   2296.88	    0.0	    00000000     00000000	   1	[      7]
347   	0     	      5	    NegSmallDark	    671.0977	   2203.12	    0.0	    00000000     00000000	   1	[      2]
348   	0     	      6	  NegLargeBright	    673.5625	   2464.84	    0.0	    00000000     00000000	   1	[      3]
349   	0     	      5	    NegSmallDark	    675.7969	   2234.38	    0.0	    00000000     00000000	   1	[      2]
350   	0     	     10	 NeutLargeBright	    677.8789	   2082.03	    0.0	    00000000     00000000	   1	[      7]
351   	0     	      7	  NegSmallBright	    680.2617	   2382.81	    0.0	    00000000     00000000	   1	[      4]
352   	0     	      9	   NeutSmallDark	    682.4375	   2175.78	    0.0	    00000000     00000000	   1	[      6]
353   	0     	     10	 NeutLargeBright	    684.5703	   2132.81	    0.0	    00000000     00000000	   1	[      7]
354   	0     	      8	   NeutLargeDark	    686.8438	   2273.44	    0.0	    00000000     00000000	   1	[      5]
355   	0     	      6	  NegLargeBright	    689.1484	   2304.69	    0.0	    00000000     00000000	   1	[      3]
356   	0     	      6	  NegLargeBright	    691.3047	   2156.25	    0.0	    00000000     00000000	   1	[      3]
357   	0     	     14	     condition14	    693.3477	   2042.97	    0.0	    00000000     00000000	   1	[       ]
358   	0     	      2	      condition2	    693.9375	    589.84	    0.0	    00000000     00000000	   1	[       ]
359   	0     	      7	  NegSmallBright	    695.4297	   1492.19	    0.0	    00000000     00000000	   1	[      4]
360   	0     	     11	 NeutSmallBright	    697.6758	   2246.09	    0.0	    00000000     00000000	   1	[      8]
361   	0     	     10	 NeutLargeBright	    699.8477	   2171.88	    0.0	    00000000     00000000	   1	[      7]
362   	0     	     10	 NeutLargeBright	    701.9805	   2132.81	    0.0	    00000000     00000000	   1	[      7]
363   	0     	      7	  NegSmallBright	    704.1367	   2156.25	    0.0	    00000000     00000000	   1	[      4]
364   	0     	      6	  NegLargeBright	    706.6211	   2484.38	    0.0	    00000000     00000000	   1	[      3]
365   	0     	      5	    NegSmallDark	    708.7539	   2132.81	    0.0	    00000000     00000000	   1	[      2]
366   	0     	     14	     condition14	    711.0586	   2304.69	    0.0	    00000000     00000000	   1	[       ]
367   	0     	      2	      condition2	    711.9297	    871.09	    0.0	    00000000     00000000	   1	[       ]
368   	0     	     10	 NeutLargeBright	    713.2812	   1351.56	    0.0	    00000000     00000000	   1	[      7]
369   	0     	     13	     condition13	    715.7461	   2464.84	    0.0	    00000000     00000000	   1	[       ]
370   	0     	      2	      condition2	    716.2773	    531.25	    0.0	    00000000     00000000	   1	[       ]
371   	0     	      6	  NegLargeBright	    718.0898	   1812.50	    0.0	    00000000     00000000	   1	[      3]
372   	0     	      7	  NegSmallBright	    720.5742	   2484.38	    0.0	    00000000     00000000	   1	[      4]
373   	0     	      6	  NegLargeBright	    723.0000	   2425.78	    0.0	    00000000     00000000	   1	[      3]
374   	0     	      6	  NegLargeBright	    725.1211	   2121.09	    0.0	    00000000     00000000	   1	[      3]
375   	0     	     10	 NeutLargeBright	    727.3750	   2253.91	    0.0	    00000000     00000000	   1	[      7]
376   	0     	     10	 NeutLargeBright	    729.6289	   2253.91	    0.0	    00000000     00000000	   1	[      7]
377   	0     	      4	    NegLargeDark	    731.6836	   2054.69	    0.0	    00000000     00000000	   1	[      1]
378   	0     	      6	  NegLargeBright	    734.1875	   2503.91	    0.0	    00000000     00000000	   1	[      3]
379   	0     	      7	  NegSmallBright	    736.4219	   2234.38	    0.0	    00000000     00000000	   1	[      4]
380   	0     	      8	   NeutLargeDark	    738.9062	   2484.38	    0.0	    00000000     00000000	   1	[      5]
381   	0     	      4	    NegLargeDark	    741.4023	   2496.09	    0.0	    00000000     00000000	   1	[      1]
382   	0     	      9	   NeutSmallDark	    743.4648	   2062.50	    0.0	    00000000     00000000	   1	[      6]
383   	0     	      6	  NegLargeBright	    745.8672	   2402.34	    0.0	    00000000     00000000	   1	[      3]
384   	0     	      7	  NegSmallBright	    748.3125	   2445.31	    0.0	    00000000     00000000	   1	[      4]
385   	0     	      7	  NegSmallBright	    750.5977	   2285.16	    0.0	    00000000     00000000	   1	[      4]
386   	0     	      8	   NeutLargeDark	    753.0508	   2453.12	    0.0	    00000000     00000000	   1	[      5]
387   	0     	      6	  NegLargeBright	    755.4062	   2355.47	    0.0	    00000000     00000000	   1	[      3]
388   	0     	      6	  NegLargeBright	    757.6602	   2253.91	    0.0	    00000000     00000000	   1	[      3]
389   	0     	      8	   NeutLargeDark	    759.9414	   2281.25	    0.0	    00000000     00000000	   1	[      5]
390   	0     	     11	 NeutSmallBright	    762.3672	   2425.78	    0.0	    00000000     00000000	   1	[      8]
391   	0     	      6	  NegLargeBright	    764.8516	   2484.38	    0.0	    00000000     00000000	   1	[      3]
392   	0     	      9	   NeutSmallDark	    767.0352	   2183.59	    0.0	    00000000     00000000	   1	[      6]
393   	0     	      6	  NegLargeBright	    769.2578	   2222.66	    0.0	    00000000     00000000	   1	[      3]
394   	0     	      7	  NegSmallBright	    771.4219	   2164.06	    0.0	    00000000     00000000	   1	[      4]
395   	0     	     10	 NeutLargeBright	    773.7891	   2367.19	    0.0	    00000000     00000000	   1	[      7]
396   	0     	     10	 NeutLargeBright	    776.2305	   2441.41	    0.0	    00000000     00000000	   1	[      7]
397   	0     	     10	 NeutLargeBright	    778.2852	   2054.69	    0.0	    00000000     00000000	   1	[      7]
398   	0     	      8	   NeutLargeDark	    780.7891	   2503.91	    0.0	    00000000     00000000	   1	[      5]
399   	0     	      7	  NegSmallBright	    782.8438	   2054.69	    0.0	    00000000     00000000	   1	[      4]
400   	0     	     10	 NeutLargeBright	    784.9180	   2074.22	    0.0	    00000000     00000000	   1	[      7]
401   	0     	     11	 NeutSmallBright	    787.1797	   2261.72	    0.0	    00000000     00000000	   1	[      8]
402   	0     	      6	  NegLargeBright	    789.5234	   2343.75	    0.0	    00000000     00000000	   1	[      3]
403   	0     	     13	     condition13	    791.9883	   2464.84	    0.0	    00000000     00000000	   1	[       ]
404   	0     	      2	      condition2	    792.5195	    531.25	    0.0	    00000000     00000000	   1	[       ]
405   	0     	     11	 NeutSmallBright	    794.2031	   1683.59	    0.0	    00000000     00000000	   1	[      8]
406   	0     	     11	 NeutSmallBright	    796.3477	   2144.53	    0.0	    00000000     00000000	   1	[      8]
407   	0     	     13	     condition13	    798.4492	   2101.56	    0.0	    00000000     00000000	   1	[       ]
408   	0     	      2	      condition2	    798.9766	    527.34	    0.0	    00000000     00000000	   1	[       ]
409   	0     	    253	              ""	    800.9062	   1929.69	    0.0	    00000000     00000000	   1	[       ]
410   	0     	      4	    NegLargeDark	    801.9180	   1011.72	    0.0	    00000000     00000000	   1	[      1]
411   	0     	      2	      condition2	    802.3711	    453.12	    0.0	    00000000     00000000	   1	[       ]
412   	0     	      4	    NegLargeDark	    804.1406	   1769.53	    0.0	    00000000     00000000	   1	[      1]
413   	0     	     15	     condition15	    806.4258	   2285.16	    0.0	    00000000     00000000	   1	[       ]
414   	0     	      2	      condition2	    807.1367	    710.94	    0.0	    00000000     00000000	   1	[       ]
415   	0     	      9	   NeutSmallDark	    808.8711	   1734.38	    0.0	    00000000     00000000	   1	[      6]
416   	0     	      9	   NeutSmallDark	    810.9023	   2031.25	    0.0	    00000000     00000000	   1	[      6]
417   	0     	      8	   NeutLargeDark	    813.3086	   2406.25	    0.0	    00000000     00000000	   1	[      5]
418   	0     	      9	   NeutSmallDark	    815.6602	   2351.56	    0.0	    00000000     00000000	   1	[      6]
419   	0     	      7	  NegSmallBright	    817.8867	   2226.56	    0.0	    00000000     00000000	   1	[      4]
420   	0     	     11	 NeutSmallBright	    820.3203	   2433.59	    0.0	    00000000     00000000	   1	[      8]
421   	0     	     10	 NeutLargeBright	    822.5234	   2203.12	    0.0	    00000000     00000000	   1	[      7]
422   	0     	      9	   NeutSmallDark	    824.8164	   2292.97	    0.0	    00000000     00000000	   1	[      6]
423   	0     	      7	  NegSmallBright	    827.3125	   2496.09	    0.0	    00000000     00000000	   1	[      4]
424   	0     	     14	     condition14	    829.5273	   2214.84	    0.0	    00000000     00000000	   1	[       ]
425   	0     	      2	      condition2	    830.0820	    554.69	    0.0	    00000000     00000000	   1	[       ]
426   	0     	     10	 NeutLargeBright	    831.5898	   1507.81	    0.0	    00000000     00000000	   1	[      7]
427   	0     	      5	    NegSmallDark	    833.6641	   2074.22	    0.0	    00000000     00000000	   1	[      2]
428   	0     	      6	  NegLargeBright	    835.8867	   2222.66	    0.0	    00000000     00000000	   1	[      3]
429   	0     	     11	 NeutSmallBright	    838.0195	   2132.81	    0.0	    00000000     00000000	   1	[      8]
430   	0     	     11	 NeutSmallBright	    840.4766	   2457.03	    0.0	    00000000     00000000	   1	[      8]
431   	0     	      4	    NegLargeDark	    842.8203	   2343.75	    0.0	    00000000     00000000	   1	[      1]
432   	0     	      7	  NegSmallBright	    844.9531	   2132.81	    0.0	    00000000     00000000	   1	[      4]
433   	0     	      4	    NegLargeDark	    847.3164	   2363.28	    0.0	    00000000     00000000	   1	[      1]
434   	0     	     10	 NeutLargeBright	    849.5703	   2253.91	    0.0	    00000000     00000000	   1	[      7]
435   	0     	      4	    NegLargeDark	    851.6758	   2105.47	    0.0	    00000000     00000000	   1	[      1]
436   	0     	     12	     condition12	    853.8086	   2132.81	    0.0	    00000000     00000000	   1	[       ]
437   	0     	      2	      condition2	    854.3242	    515.62	    0.0	    00000000     00000000	   1	[       ]
438   	0     	     15	     condition15	    856.1016	   1777.34	    0.0	    00000000     00000000	   1	[       ]
439   	0     	      2	      condition2	    856.7148	    613.28	    0.0	    00000000     00000000	   1	[       ]
440   	0     	     12	     condition12	    858.4375	   1722.66	    0.0	    00000000     00000000	   1	[       ]
441   	0     	      2	      condition2	    858.8672	    429.69	    0.0	    00000000     00000000	   1	[       ]
442   	0     	     11	 NeutSmallBright	    860.6719	   1804.69	    0.0	    00000000     00000000	   1	[      8]
443   	0     	      5	    NegSmallDark	    863.1836	   2511.72	    0.0	    00000000     00000000	   1	[      2]
444   	0     	     11	 NeutSmallBright	    865.5703	   2386.72	    0.0	    00000000     00000000	   1	[      8]
445   	0     	      8	   NeutLargeDark	    867.8516	   2281.25	    0.0	    00000000     00000000	   1	[      5]
446   	0     	     10	 NeutLargeBright	    870.0781	   2226.56	    0.0	    00000000     00000000	   1	[      7]
447   	0     	     11	 NeutSmallBright	    872.5508	   2472.66	    0.0	    00000000     00000000	   1	[      8]
448   	0     	      2	      condition2	    873.2930	    742.19	    0.0	    00000000     00000000	   1	[       ]
449   	0     	     11	 NeutSmallBright	    874.6836	   1390.62	    0.0	    00000000     00000000	   1	[      8]
450   	0     	      7	  NegSmallBright	    877.1289	   2445.31	    0.0	    00000000     00000000	   1	[      4]
451   	0     	      8	   NeutLargeDark	    879.4648	   2335.94	    0.0	    00000000     00000000	   1	[      5]
452   	0     	      9	   NeutSmallDark	    881.8984	   2433.59	    0.0	    00000000     00000000	   1	[      6]
453   	0     	     10	 NeutLargeBright	    883.9805	   2082.03	    0.0	    00000000     00000000	   1	[      7]
454   	0     	      9	   NeutSmallDark	    886.2773	   2296.88	    0.0	    00000000     00000000	   1	[      6]
455   	0     	      7	  NegSmallBright	    888.4180	   2140.62	    0.0	    00000000     00000000	   1	[      4]
456   	0     	      6	  NegLargeBright	    890.8828	   2464.84	    0.0	    00000000     00000000	   1	[      3]
457   	0     	     14	     condition14	    893.2891	   2406.25	    0.0	    00000000     00000000	   1	[       ]
458   	0     	      2	      condition2	    894.0781	    789.06	    0.0	    00000000     00000000	   1	[       ]
459   	0     	     11	 NeutSmallBright	    895.5703	   1492.19	    0.0	    00000000     00000000	   1	[      8]
460   	0     	      5	    NegSmallDark	    897.7148	   2144.53	    0.0	    00000000     00000000	   1	[      2]
461   	0     	      6	  NegLargeBright	    899.8711	   2156.25	    0.0	    00000000     00000000	   1	[      3]
462   	0     	      9	   NeutSmallDark	    901.9844	   2113.28	    0.0	    00000000     00000000	   1	[      6]
463   	0     	     15	     condition15	    904.1562	   2171.88	    0.0	    00000000     00000000	   1	[       ]
464   	0     	      2	      condition2	    904.8750	    718.75	    0.0	    00000000     00000000	   1	[       ]
465   	0     	      4	    NegLargeDark	    906.3594	   1484.38	    0.0	    00000000     00000000	   1	[      1]
466   	0     	     14	     condition14	    908.6250	   2265.62	    0.0	    00000000     00000000	   1	[       ]
467   	0     	      2	      condition2	    909.1328	    507.81	    0.0	    00000000     00000000	   1	[       ]
468   	0     	      5	    NegSmallDark	    910.7070	   1574.22	    0.0	    00000000     00000000	   1	[      2]
469   	0     	     14	     condition14	    912.8633	   2156.25	    0.0	    00000000     00000000	   1	[       ]
470   	0     	      2	      condition2	    913.4844	    621.09	    0.0	    00000000     00000000	   1	[       ]
471   	0     	      9	   NeutSmallDark	    915.1445	   1660.16	    0.0	    00000000     00000000	   1	[      6]
472   	0     	     11	 NeutSmallBright	    917.3984	   2253.91	    0.0	    00000000     00000000	   1	[      8]
473   	0     	     11	 NeutSmallBright	    919.6758	   2277.34	    0.0	    00000000     00000000	   1	[      8]
474   	0     	     11	 NeutSmallBright	    922.0078	   2332.03	    0.0	    00000000     00000000	   1	[      8]
475   	0     	     15	     condition15	    924.4023	   2394.53	    0.0	    00000000     00000000	   1	[       ]
476   	0     	      2	      condition2	    925.0078	    605.47	    0.0	    00000000     00000000	   1	[       ]
477   	0     	      5	    NegSmallDark	    926.7969	   1789.06	    0.0	    00000000     00000000	   1	[      2]
478   	0     	      7	  NegSmallBright	    929.2500	   2453.12	    0.0	    00000000     00000000	   1	[      4]
479   	0     	      5	    NegSmallDark	    931.6758	   2425.78	    0.0	    00000000     00000000	   1	[      2]
480   	0     	      7	  NegSmallBright	    934.0586	   2382.81	    0.0	    00000000     00000000	   1	[      4]
481   	0     	     11	 NeutSmallBright	    936.1133	   2054.69	    0.0	    00000000     00000000	   1	[      8]
482   	0     	      8	   NeutLargeDark	    938.5078	   2394.53	    0.0	    00000000     00000000	   1	[      5]
483   	0     	     10	 NeutLargeBright	    940.7305	   2222.66	    0.0	    00000000     00000000	   1	[      7]
484   	0     	      6	  NegLargeBright	    943.1641	   2433.59	    0.0	    00000000     00000000	   1	[      3]
485   	0     	     11	 NeutSmallBright	    945.5312	   2367.19	    0.0	    00000000     00000000	   1	[      8]
486   	0     	      7	  NegSmallBright	    947.8555	   2324.22	    0.0	    00000000     00000000	   1	[      4]
487   	0     	      6	  NegLargeBright	    950.0977	   2242.19	    0.0	    00000000     00000000	   1	[      3]
488   	0     	     11	 NeutSmallBright	    952.6211	   2523.44	    0.0	    00000000     00000000	   1	[      8]
489   	0     	      5	    NegSmallDark	    954.9180	   2296.88	    0.0	    00000000     00000000	   1	[      2]
490   	0     	      8	   NeutLargeDark	    957.3203	   2402.34	    0.0	    00000000     00000000	   1	[      5]
491   	0     	     11	 NeutSmallBright	    959.8047	   2484.38	    0.0	    00000000     00000000	   1	[      8]
492   	0     	      9	   NeutSmallDark	    962.7812	   2976.56	    0.0	    00000000     00000000	   1	[      6]
493   	0     	     11	 NeutSmallBright	    965.2148	   2433.59	    0.0	    00000000     00000000	   1	[      8]
494   	0     	      6	  NegLargeBright	    967.4688	   2253.91	    0.0	    00000000     00000000	   1	[      3]
495   	0     	     13	     condition13	    969.8047	   2335.94	    0.0	    00000000     00000000	   1	[       ]
496   	0     	      2	      condition2	    970.2734	    468.75	    0.0	    00000000     00000000	   1	[       ]
497   	0     	      6	  NegLargeBright	    971.9492	   1675.78	    0.0	    00000000     00000000	   1	[      3]
498   	0     	      7	  NegSmallBright	    974.1836	   2234.38	    0.0	    00000000     00000000	   1	[      4]
499   	0     	      4	    NegLargeDark	    976.2852	   2101.56	    0.0	    00000000     00000000	   1	[      1]
500   	0     	      8	   NeutLargeDark	    978.4883	   2203.12	    0.0	    00000000     00000000	   1	[      5]
501   	0     	     13	     condition13	    980.6836	   2195.31	    0.0	    00000000     00000000	   1	[       ]
502   	0     	      2	      condition2	    981.2578	    574.22	    0.0	    00000000     00000000	   1	[       ]
503   	0     	     15	     condition15	    982.9062	   1648.44	    0.0	    00000000     00000000	   1	[       ]
504   	0     	      2	      condition2	    983.4297	    523.44	    0.0	    00000000     00000000	   1	[       ]
505   	0     	      4	    NegLargeDark	    985.1211	   1691.41	    0.0	    00000000     00000000	   1	[      1]
506   	0     	      6	  NegLargeBright	    987.4062	   2285.16	    0.0	    00000000     00000000	   1	[      3]
507   	0     	     14	     condition14	    989.7109	   2304.69	    0.0	    00000000     00000000	   1	[       ]
508   	0     	      2	      condition2	    990.1914	    480.47	    0.0	    00000000     00000000	   1	[       ]
509   	0     	     10	 NeutLargeBright	    991.9648	   1773.44	    0.0	    00000000     00000000	   1	[      7]
510   	0     	     11	 NeutSmallBright	    994.2070	   2242.19	    0.0	    00000000     00000000	   1	[      8]
511   	0     	      6	  NegLargeBright	    996.7031	   2496.09	    0.0	    00000000     00000000	   1	[      3]
512   	0     	      8	   NeutLargeDark	    998.9258	   2222.66	    0.0	    00000000     00000000	   1	[      5]
513   	0     	      5	    NegSmallDark	   1001.1484	   2222.66	    0.0	    00000000     00000000	   1	[      2]
514   	0     	      6	  NegLargeBright	   1003.4141	   2265.62	    0.0	    00000000     00000000	   1	[      3]
515   	0     	      5	    NegSmallDark	   1005.4883	   2074.22	    0.0	    00000000     00000000	   1	[      2]
516   	0     	      4	    NegLargeDark	   1007.9805	   2492.19	    0.0	    00000000     00000000	   1	[      1]
517   	0     	     11	 NeutSmallBright	   1010.2852	   2304.69	    0.0	    00000000     00000000	   1	[      8]
518   	0     	      5	    NegSmallDark	   1012.4102	   2125.00	    0.0	    00000000     00000000	   1	[      2]
519   	0     	      6	  NegLargeBright	   1014.5820	   2171.88	    0.0	    00000000     00000000	   1	[      3]
520   	0     	      6	  NegLargeBright	   1016.9688	   2386.72	    0.0	    00000000     00000000	   1	[      3]
521   	0     	     13	     condition13	   1019.2617	   2292.97	    0.0	    00000000     00000000	   1	[       ]
522   	0     	      2	      condition2	   1019.9375	    675.78	    0.0	    00000000     00000000	   1	[       ]
523   	0     	      9	   NeutSmallDark	   1021.3047	   1367.19	    0.0	    00000000     00000000	   1	[      6]
524   	0     	      9	   NeutSmallDark	   1023.6484	   2343.75	    0.0	    00000000     00000000	   1	[      6]
525   	0     	      7	  NegSmallBright	   1026.0625	   2414.06	    0.0	    00000000     00000000	   1	[      4]
526   	0     	     10	 NeutLargeBright	   1028.3164	   2253.91	    0.0	    00000000     00000000	   1	[      7]
527   	0     	      7	  NegSmallBright	   1030.4102	   2093.75	    0.0	    00000000     00000000	   1	[      4]
528   	0     	      7	  NegSmallBright	   1032.6445	   2234.38	    0.0	    00000000     00000000	   1	[      4]
529   	0     	      8	   NeutLargeDark	   1034.8594	   2214.84	    0.0	    00000000     00000000	   1	[      5]
530   	0     	      8	   NeutLargeDark	   1037.3750	   2515.62	    0.0	    00000000     00000000	   1	[      5]
531   	0     	      4	    NegLargeDark	   1039.7266	   2351.56	    0.0	    00000000     00000000	   1	[      1]
532   	0     	      9	   NeutSmallDark	   1041.9023	   2175.78	    0.0	    00000000     00000000	   1	[      6]
533   	0     	      9	   NeutSmallDark	   1044.1055	   2203.12	    0.0	    00000000     00000000	   1	[      6]
534   	0     	      7	  NegSmallBright	   1046.1602	   2054.69	    0.0	    00000000     00000000	   1	[      4]
535   	0     	      4	    NegLargeDark	   1048.2227	   2062.50	    0.0	    00000000     00000000	   1	[      1]
536   	0     	      4	    NegLargeDark	   1050.3359	   2113.28	    0.0	    00000000     00000000	   1	[      1]
537   	0     	      4	    NegLargeDark	   1052.7109	   2375.00	    0.0	    00000000     00000000	   1	[      1]
538   	0     	      5	    NegSmallDark	   1055.2148	   2503.91	    0.0	    00000000     00000000	   1	[      2]
539   	0     	      8	   NeutLargeDark	   1057.4883	   2273.44	    0.0	    00000000     00000000	   1	[      5]
540   	0     	      8	   NeutLargeDark	   1059.8516	   2363.28	    0.0	    00000000     00000000	   1	[      5]
541   	0     	     15	     condition15	   1062.3477	   2496.09	    0.0	    00000000     00000000	   1	[       ]
542   	0     	      2	      condition2	   1063.0430	    695.31	    0.0	    00000000     00000000	   1	[       ]
543   	0     	     11	 NeutSmallBright	   1064.4102	   1367.19	    0.0	    00000000     00000000	   1	[      8]
544   	0     	     12	     condition12	   1066.4727	   2062.50	    0.0	    00000000     00000000	   1	[       ]
545   	0     	      2	      condition2	   1066.9766	    503.91	    0.0	    00000000     00000000	   1	[       ]
546   	0     	      5	    NegSmallDark	   1068.5977	   1621.09	    0.0	    00000000     00000000	   1	[      2]
547   	0     	     10	 NeutLargeBright	   1070.8633	   2265.62	    0.0	    00000000     00000000	   1	[      7]
548   	0     	      6	  NegLargeBright	   1073.3281	   2464.84	    0.0	    00000000     00000000	   1	[      3]
549   	0     	     10	 NeutLargeBright	   1075.4297	   2101.56	    0.0	    00000000     00000000	   1	[      7]
550   	0     	      6	  NegLargeBright	   1077.6836	   2253.91	    0.0	    00000000     00000000	   1	[      3]
551   	0     	      5	    NegSmallDark	   1079.8672	   2183.59	    0.0	    00000000     00000000	   1	[      2]
552   	0     	      5	    NegSmallDark	   1082.1211	   2253.91	    0.0	    00000000     00000000	   1	[      2]
553   	0     	      9	   NeutSmallDark	   1084.4961	   2375.00	    0.0	    00000000     00000000	   1	[      6]
554   	0     	      6	  NegLargeBright	   1086.9414	   2445.31	    0.0	    00000000     00000000	   1	[      3]
555   	0     	      4	    NegLargeDark	   1089.2852	   2343.75	    0.0	    00000000     00000000	   1	[      1]
556   	0     	     10	 NeutLargeBright	   1091.7188	   2433.59	    0.0	    00000000     00000000	   1	[      7]
557   	0     	      8	   NeutLargeDark	   1094.2148	   2496.09	    0.0	    00000000     00000000	   1	[      5]
558   	0     	      4	    NegLargeDark	   1096.4180	   2203.12	    0.0	    00000000     00000000	   1	[      1]
559   	0     	      9	   NeutSmallDark	   1098.7617	   2343.75	    0.0	    00000000     00000000	   1	[      6]
560   	0     	      9	   NeutSmallDark	   1101.0859	   2324.22	    0.0	    00000000     00000000	   1	[      6]
561   	0     	      7	  NegSmallBright	   1103.3789	   2292.97	    0.0	    00000000     00000000	   1	[      4]
562   	0     	      5	    NegSmallDark	   1105.8750	   2496.09	    0.0	    00000000     00000000	   1	[      2]
563   	0     	      4	    NegLargeDark	   1108.3672	   2492.19	    0.0	    00000000     00000000	   1	[      1]
564   	0     	      8	   NeutLargeDark	   1110.8320	   2464.84	    0.0	    00000000     00000000	   1	[      5]
565   	0     	      4	    NegLargeDark	   1112.8867	   2054.69	    0.0	    00000000     00000000	   1	[      1]
566   	0     	     10	 NeutLargeBright	   1115.2188	   2332.03	    0.0	    00000000     00000000	   1	[      7]
567   	0     	      4	    NegLargeDark	   1117.2930	   2074.22	    0.0	    00000000     00000000	   1	[      1]
568   	0     	      8	   NeutLargeDark	   1119.5781	   2285.16	    0.0	    00000000     00000000	   1	[      5]
569   	0     	     11	 NeutSmallBright	   1122.6836	   3105.47	    0.0	    00000000     00000000	   1	[      8]
570   	0     	     10	 NeutLargeBright	   1125.0156	   2332.03	    0.0	    00000000     00000000	   1	[      7]
571   	0     	      5	    NegSmallDark	   1127.5000	   2484.38	    0.0	    00000000     00000000	   1	[      2]
572   	0     	      7	  NegSmallBright	   1129.6367	   2136.72	    0.0	    00000000     00000000	   1	[      4]
573   	0     	     11	 NeutSmallBright	   1131.7070	   2070.31	    0.0	    00000000     00000000	   1	[      8]
574   	0     	      9	   NeutSmallDark	   1133.7422	   2035.16	    0.0	    00000000     00000000	   1	[      6]
575   	0     	     12	     condition12	   1135.9570	   2214.84	    0.0	    00000000     00000000	   1	[       ]
576   	0     	      2	      condition2	   1136.5156	    558.59	    0.0	    00000000     00000000	   1	[       ]
577   	0     	     11	 NeutSmallBright	   1138.1797	   1664.06	    0.0	    00000000     00000000	   1	[      8]
578   	0     	      9	   NeutSmallDark	   1140.5547	   2375.00	    0.0	    00000000     00000000	   1	[      6]
579   	0     	      8	   NeutLargeDark	   1143.0508	   2496.09	    0.0	    00000000     00000000	   1	[      5]
580   	0     	     14	     condition14	   1145.3125	   2261.72	    0.0	    00000000     00000000	   1	[       ]
581   	0     	      2	      condition2	   1145.8750	    562.50	    0.0	    00000000     00000000	   1	[       ]
582   	0     	      9	   NeutSmallDark	   1147.6758	   1800.78	    0.0	    00000000     00000000	   1	[      6]
583   	0     	      9	   NeutSmallDark	   1150.0703	   2394.53	    0.0	    00000000     00000000	   1	[      6]
584   	0     	     12	     condition12	   1152.1133	   2042.97	    0.0	    00000000     00000000	   1	[       ]
585   	0     	      2	      condition2	   1152.6602	    546.88	    0.0	    00000000     00000000	   1	[       ]
586   	0     	     13	     condition13	   1154.5508	   1890.62	    0.0	    00000000     00000000	   1	[       ]
587   	0     	      2	      condition2	   1155.0938	    542.97	    0.0	    00000000     00000000	   1	[       ]
588   	0     	      7	  NegSmallBright	   1156.8438	   1750.00	    0.0	    00000000     00000000	   1	[      4]
589   	0     	      7	  NegSmallBright	   1159.1484	   2304.69	    0.0	    00000000     00000000	   1	[      4]
590   	0     	      8	   NeutLargeDark	   1161.5117	   2363.28	    0.0	    00000000     00000000	   1	[      5]
591   	0     	      6	  NegLargeBright	   1163.5859	   2074.22	    0.0	    00000000     00000000	   1	[      3]
592   	0     	      6	  NegLargeBright	   1165.7188	   2132.81	    0.0	    00000000     00000000	   1	[      3]
593   	0     	      9	   NeutSmallDark	   1168.0820	   2363.28	    0.0	    00000000     00000000	   1	[      6]
594   	0     	      6	  NegLargeBright	   1170.3867	   2304.69	    0.0	    00000000     00000000	   1	[      3]
595   	0     	     10	 NeutLargeBright	   1172.5195	   2132.81	    0.0	    00000000     00000000	   1	[      7]
596   	0     	      5	    NegSmallDark	   1174.7148	   2195.31	    0.0	    00000000     00000000	   1	[      2]
597   	0     	      8	   NeutLargeDark	   1176.7891	   2074.22	    0.0	    00000000     00000000	   1	[      5]
598   	0     	      4	    NegLargeDark	   1178.8633	   2074.22	    0.0	    00000000     00000000	   1	[      1]
599   	0     	      4	    NegLargeDark	   1181.2656	   2402.34	    0.0	    00000000     00000000	   1	[      1]
600   	0     	      9	   NeutSmallDark	   1183.3281	   2062.50	    0.0	    00000000     00000000	   1	[      6]
601   	0     	      6	  NegLargeBright	   1185.4219	   2093.75	    0.0	    00000000     00000000	   1	[      3]
602   	0     	     14	     condition14	   1187.7188	   2296.88	    0.0	    00000000     00000000	   1	[       ]
603   	0     	      2	      condition2	   1188.3086	    589.84	    0.0	    00000000     00000000	   1	[       ]
604   	0     	      8	   NeutLargeDark	   1190.0898	   1781.25	    0.0	    00000000     00000000	   1	[      5]
605   	0     	     11	 NeutSmallBright	   1192.5664	   2476.56	    0.0	    00000000     00000000	   1	[      8]
606   	0     	     13	     condition13	   1194.6094	   2042.97	    0.0	    00000000     00000000	   1	[       ]
607   	0     	      2	      condition2	   1195.1523	    542.97	    0.0	    00000000     00000000	   1	[       ]
608   	0     	      7	  NegSmallBright	   1196.9648	   1812.50	    0.0	    00000000     00000000	   1	[      4]
609   	0     	      9	   NeutSmallDark	   1199.2773	   2312.50	    0.0	    00000000     00000000	   1	[      6]
610   	0     	      9	   NeutSmallDark	   1201.3594	   2082.03	    0.0	    00000000     00000000	   1	[      6]
611   	0     	     12	     condition12	   1203.7969	   2437.50	    0.0	    00000000     00000000	   1	[       ]
612   	0     	      2	      condition2	   1204.2227	    425.78	    0.0	    00000000     00000000	   1	[       ]
613   	0     	     10	 NeutLargeBright	   1206.1406	   1917.97	    0.0	    00000000     00000000	   1	[      7]
614   	0     	      8	   NeutLargeDark	   1208.4531	   2312.50	    0.0	    00000000     00000000	   1	[      5]
615   	0     	      5	    NegSmallDark	   1210.7188	   2265.62	    0.0	    00000000     00000000	   1	[      2]
616   	0     	     10	 NeutLargeBright	   1213.1133	   2394.53	    0.0	    00000000     00000000	   1	[      7]
617   	0     	      7	  NegSmallBright	   1215.3750	   2261.72	    0.0	    00000000     00000000	   1	[      4]
618   	0     	      6	  NegLargeBright	   1217.4805	   2105.47	    0.0	    00000000     00000000	   1	[      3]
619   	0     	     15	     condition15	   1219.7617	   2281.25	    0.0	    00000000     00000000	   1	[       ]
620   	0     	      2	      condition2	   1220.4062	    644.53	    0.0	    00000000     00000000	   1	[       ]
621   	0     	     11	 NeutSmallBright	   1222.0469	   1640.62	    0.0	    00000000     00000000	   1	[      8]
622   	0     	     14	     condition14	   1224.1016	   2054.69	    0.0	    00000000     00000000	   1	[       ]
623   	0     	      2	      condition2	   1224.6172	    515.62	    0.0	    00000000     00000000	   1	[       ]
624   	0     	     15	     condition15	   1226.3555	   1738.28	    0.0	    00000000     00000000	   1	[       ]
625   	0     	      2	      condition2	   1226.9102	    554.69	    0.0	    00000000     00000000	   1	[       ]
626   	0     	      7	  NegSmallBright	   1228.5898	   1679.69	    0.0	    00000000     00000000	   1	[      4]
627   	0     	      7	  NegSmallBright	   1230.8750	   2285.16	    0.0	    00000000     00000000	   1	[      4]
628   	0     	      7	  NegSmallBright	   1233.3359	   2460.94	    0.0	    00000000     00000000	   1	[      4]
629   	0     	      5	    NegSmallDark	   1235.7500	   2414.06	    0.0	    00000000     00000000	   1	[      2]
630   	0     	     10	 NeutLargeBright	   1237.7969	   2046.88	    0.0	    00000000     00000000	   1	[      7]
631   	0     	      8	   NeutLargeDark	   1240.2305	   2433.59	    0.0	    00000000     00000000	   1	[      5]
632   	0     	      9	   NeutSmallDark	   1242.4727	   2242.19	    0.0	    00000000     00000000	   1	[      6]
633   	0     	      8	   NeutLargeDark	   1244.6484	   2175.78	    0.0	    00000000     00000000	   1	[      5]
634   	0     	     11	 NeutSmallBright	   1247.1133	   2464.84	    0.0	    00000000     00000000	   1	[      8]
635   	0     	      9	   NeutSmallDark	   1249.5742	   2460.94	    0.0	    00000000     00000000	   1	[      6]
636   	0     	     14	     condition14	   1252.0703	   2496.09	    0.0	    00000000     00000000	   1	[       ]
637   	0     	      2	      condition2	   1252.6484	    578.12	    0.0	    00000000     00000000	   1	[       ]
638   	0     	      4	    NegLargeDark	   1254.1758	   1527.34	    0.0	    00000000     00000000	   1	[      1]
639   	0     	     10	 NeutLargeBright	   1256.4297	   2253.91	    0.0	    00000000     00000000	   1	[      7]
640   	0     	      5	    NegSmallDark	   1258.8008	   2371.09	    0.0	    00000000     00000000	   1	[      2]
641   	0     	      7	  NegSmallBright	   1261.1953	   2394.53	    0.0	    00000000     00000000	   1	[      4]
642   	0     	      4	    NegLargeDark	   1263.5898	   2394.53	    0.0	    00000000     00000000	   1	[      1]
643   	0     	     12	     condition12	   1265.8945	   2304.69	    0.0	    00000000     00000000	   1	[       ]
644   	0     	      2	      condition2	   1266.5430	    648.44	    0.0	    00000000     00000000	   1	[       ]
645   	0     	      8	   NeutLargeDark	   1268.0586	   1515.62	    0.0	    00000000     00000000	   1	[      5]
646   	0     	      9	   NeutSmallDark	   1270.2031	   2144.53	    0.0	    00000000     00000000	   1	[      6]
647   	0     	     11	 NeutSmallBright	   1272.2461	   2042.97	    0.0	    00000000     00000000	   1	[      8]
648   	0     	      9	   NeutSmallDark	   1274.5312	   2285.16	    0.0	    00000000     00000000	   1	[      6]
649   	0     	     14	     condition14	   1277.0234	   2492.19	    0.0	    00000000     00000000	   1	[       ]
650   	0     	      2	      condition2	   1277.5508	    527.34	    0.0	    00000000     00000000	   1	[       ]
651   	0     	     13	     condition13	   1279.3867	   1835.94	    0.0	    00000000     00000000	   1	[       ]
652   	0     	      2	      condition2	   1279.9297	    542.97	    0.0	    00000000     00000000	   1	[       ]
