#  Non-editable header begin --------------------------------------------------------------------------------
# 
#  data format...............: continuous
#  setname...................: BDF file
#  filename..................: none_specified
#  filepath..................: none_specified
#  nchan.....................: 64
#  pnts......................: 328192
#  srate.....................: 256
#  nevents...................: 648
#  generated by (bdf)........: 
#  generated by (set)........: BDF file
#  reported in ..............: 
#  prog Version..............: 8.02
#  creation date.............: 18-Nov-2020 17:07:58
#  user Account..............: 
# 
#  Non-editable header end --------------------------------------------------------------------------------

	bin 1,	# 60,	NegLargeDark
	bin 2,	# 60,	NegSmallDark
	bin 3,	# 60,	NegLargeBright
	bin 4,	# 60,	NegSmallBright
	bin 5,	# 60,	NeutLargeDark
	bin 6,	# 60,	NeutSmallDark
	bin 7,	# 60,	NeutLargeBright
	bin 8,	# 60,	NeutSmallBright



# item	 bepoch	  ecode	            label	      onset	          diff	     dura	b_flags	   a_flags	  enable	    bin
#                                                 (sec)           (msec)     (msec)    (binary)   (binary)


1     	0     	    253	              ""	      0.6719	      0.00	    0.0	    00000000     00000000	   1	[       ]
2     	0     	      9	   NeutSmallDark	      1.6719	   1000.00	    0.0	    00000000     00000000	   1	[      6]
3     	0     	      9	   NeutSmallDark	      4.0078	   2335.94	    0.0	    00000000     00000000	   1	[      6]
4     	0     	     10	 NeutLargeBright	      6.4922	   2484.38	    0.0	    00000000     00000000	   1	[      7]
5     	0     	      9	   NeutSmallDark	      8.9648	   2472.66	    0.0	    00000000     00000000	   1	[      6]
6     	0     	      9	   NeutSmallDark	     11.1094	   2144.53	    0.0	    00000000     00000000	   1	[      6]
7     	0     	      7	  NegSmallBright	     13.6055	   2496.09	    0.0	    00000000     00000000	   1	[      4]
8     	0     	      6	  NegLargeBright	     16.0391	   2433.59	    0.0	    00000000     00000000	   1	[      3]
9     	0     	      5	    NegSmallDark	     18.4414	   2402.34	    0.0	    00000000     00000000	   1	[      2]
10    	0     	     12	     condition12	     20.9180	   2476.56	    0.0	    00000000     00000000	   1	[       ]
11    	0     	      2	      condition2	     21.3906	    472.66	    0.0	    00000000     00000000	   1	[       ]
12    	0     	      9	   NeutSmallDark	     23.2305	   1839.84	    0.0	    00000000     00000000	   1	[      6]
13    	0     	     11	 NeutSmallBright	     25.7461	   2515.62	    0.0	    00000000     00000000	   1	[      8]
14    	0     	     11	 NeutSmallBright	     27.9688	   2222.66	    0.0	    00000000     00000000	   1	[      8]
15    	0     	      9	   NeutSmallDark	     30.2227	   2253.91	    0.0	    00000000     00000000	   1	[      6]
16    	0     	     14	     condition14	     32.2773	   2054.69	    0.0	    00000000     00000000	   1	[       ]
17    	0     	      2	      condition2	     32.8867	    609.38	    0.0	    00000000     00000000	   1	[       ]
18    	0     	      7	  NegSmallBright	     34.4609	   1574.22	    0.0	    00000000     00000000	   1	[      4]
19    	0     	     15	     condition15	     36.7031	   2242.19	    0.0	    00000000     00000000	   1	[       ]
20    	0     	      2	      condition2	     37.4258	    722.66	    0.0	    00000000     00000000	   1	[       ]
21    	0     	      5	    NegSmallDark	     38.9062	   1480.47	    0.0	    00000000     00000000	   1	[      2]
22    	0     	      7	  NegSmallBright	     41.2539	   2347.66	    0.0	    00000000     00000000	   1	[      4]
23    	0     	     11	 NeutSmallBright	     43.6758	   2421.88	    0.0	    00000000     00000000	   1	[      8]
24    	0     	      5	    NegSmallDark	     46.1797	   2503.91	    0.0	    00000000     00000000	   1	[      2]
25    	0     	      6	  NegLargeBright	     48.2461	   2066.41	    0.0	    00000000     00000000	   1	[      3]
26    	0     	     11	 NeutSmallBright	     50.3789	   2132.81	    0.0	    00000000     00000000	   1	[      8]
27    	0     	      7	  NegSmallBright	     52.7734	   2394.53	    0.0	    00000000     00000000	   1	[      4]
28    	0     	      7	  NegSmallBright	     54.9883	   2214.84	    0.0	    00000000     00000000	   1	[      4]
29    	0     	      6	  NegLargeBright	     57.1914	   2203.12	    0.0	    00000000     00000000	   1	[      3]
30    	0     	     13	     condition13	     59.6133	   2421.88	    0.0	    00000000     00000000	   1	[       ]
31    	0     	      2	      condition2	     60.5508	    937.50	    0.0	    00000000     00000000	   1	[       ]
32    	0     	      4	    NegLargeDark	     61.7266	   1175.78	    0.0	    00000000     00000000	   1	[      1]
33    	0     	      5	    NegSmallDark	     63.8320	   2105.47	    0.0	    00000000     00000000	   1	[      2]
34    	0     	      8	   NeutLargeDark	     66.0742	   2242.19	    0.0	    00000000     00000000	   1	[      5]
35    	0     	      6	  NegLargeBright	     68.2305	   2156.25	    0.0	    00000000     00000000	   1	[      3]
36    	0     	      7	  NegSmallBright	     70.2930	   2062.50	    0.0	    00000000     00000000	   1	[      4]
37    	0     	     14	     condition14	     72.8086	   2515.62	    0.0	    00000000     00000000	   1	[       ]
38    	0     	      2	      condition2	     73.3008	    492.19	    0.0	    00000000     00000000	   1	[       ]
39    	0     	     10	 NeutLargeBright	     75.1719	   1871.09	    0.0	    00000000     00000000	   1	[      7]
40    	0     	     11	 NeutSmallBright	     77.6250	   2453.12	    0.0	    00000000     00000000	   1	[      8]
41    	0     	      5	    NegSmallDark	     79.6680	   2042.97	    0.0	    00000000     00000000	   1	[      2]
42    	0     	      5	    NegSmallDark	     81.7539	   2085.94	    0.0	    00000000     00000000	   1	[      2]
43    	0     	      7	  NegSmallBright	     84.2070	   2453.12	    0.0	    00000000     00000000	   1	[      4]
44    	0     	      9	   NeutSmallDark	     86.5625	   2355.47	    0.0	    00000000     00000000	   1	[      6]
45    	0     	      4	    NegLargeDark	     88.7656	   2203.12	    0.0	    00000000     00000000	   1	[      1]
46    	0     	      8	   NeutLargeDark	     91.1992	   2433.59	    0.0	    00000000     00000000	   1	[      5]
47    	0     	      9	   NeutSmallDark	     93.4531	   2253.91	    0.0	    00000000     00000000	   1	[      6]
48    	0     	     10	 NeutLargeBright	     95.6797	   2226.56	    0.0	    00000000     00000000	   1	[      7]
49    	0     	     11	 NeutSmallBright	     98.1406	   2460.94	    0.0	    00000000     00000000	   1	[      8]
50    	0     	      4	    NegLargeDark	    100.4180	   2277.34	    0.0	    00000000     00000000	   1	[      1]
51    	0     	      8	   NeutLargeDark	    102.8203	   2402.34	    0.0	    00000000     00000000	   1	[      5]
52    	0     	      9	   NeutSmallDark	    105.0430	   2222.66	    0.0	    00000000     00000000	   1	[      6]
53    	0     	      9	   NeutSmallDark	    107.2891	   2246.09	    0.0	    00000000     00000000	   1	[      6]
54    	0     	     11	 NeutSmallBright	    109.6133	   2324.22	    0.0	    00000000     00000000	   1	[      8]
55    	0     	     11	 NeutSmallBright	    112.0781	   2464.84	    0.0	    00000000     00000000	   1	[      8]
56    	0     	      6	  NegLargeBright	    114.2305	   2152.34	    0.0	    00000000     00000000	   1	[      3]
57    	0     	      4	    NegLargeDark	    116.4844	   2253.91	    0.0	    00000000     00000000	   1	[      1]
58    	0     	      6	  NegLargeBright	    118.6680	   2183.59	    0.0	    00000000     00000000	   1	[      3]
59    	0     	     10	 NeutLargeBright	    121.1719	   2503.91	    0.0	    00000000     00000000	   1	[      7]
60    	0     	      4	    NegLargeDark	    123.6289	   2457.03	    0.0	    00000000     00000000	   1	[      1]
61    	0     	      8	   NeutLargeDark	    126.0508	   2421.88	    0.0	    00000000     00000000	   1	[      5]
62    	0     	      5	    NegSmallDark	    128.5742	   2523.44	    0.0	    00000000     00000000	   1	[      2]
63    	0     	      6	  NegLargeBright	    130.6406	   2066.41	    0.0	    00000000     00000000	   1	[      3]
64    	0     	      7	  NegSmallBright	    132.7734	   2132.81	    0.0	    00000000     00000000	   1	[      4]
65    	0     	      5	    NegSmallDark	    134.8672	   2093.75	    0.0	    00000000     00000000	   1	[      2]
66    	0     	     14	     condition14	    137.3516	   2484.38	    0.0	    00000000     00000000	   1	[       ]
67    	0     	      2	      condition2	    138.0078	    656.25	    0.0	    00000000     00000000	   1	[       ]
68    	0     	      9	   NeutSmallDark	    139.6953	   1687.50	    0.0	    00000000     00000000	   1	[      6]
69    	0     	      9	   NeutSmallDark	    141.8281	   2132.81	    0.0	    00000000     00000000	   1	[      6]
70    	0     	      7	  NegSmallBright	    144.2227	   2394.53	    0.0	    00000000     00000000	   1	[      4]
71    	0     	      4	    NegLargeDark	    146.7266	   2503.91	    0.0	    00000000     00000000	   1	[      1]
72    	0     	     13	     condition13	    149.0430	   2316.41	    0.0	    00000000     00000000	   1	[       ]
73    	0     	      2	      condition2	    149.5742	    531.25	    0.0	    00000000     00000000	   1	[       ]
74    	0     	      9	   NeutSmallDark	    151.2656	   1691.41	    0.0	    00000000     00000000	   1	[      6]
75    	0     	      9	   NeutSmallDark	    153.4102	   2144.53	    0.0	    00000000     00000000	   1	[      6]
76    	0     	     13	     condition13	    155.5117	   2101.56	    0.0	    00000000     00000000	   1	[       ]
77    	0     	      2	      condition2	    156.0664	    554.69	    0.0	    00000000     00000000	   1	[       ]
78    	0     	     10	 NeutLargeBright	    157.7969	   1730.47	    0.0	    00000000     00000000	   1	[      7]
79    	0     	     15	     condition15	    160.2930	   2496.09	    0.0	    00000000     00000000	   1	[       ]
80    	0     	      2	      condition2	    160.9805	    687.50	    0.0	    00000000     00000000	   1	[       ]
81    	0     	     10	 NeutLargeBright	    163.8711	   2890.62	    0.0	    00000000     00000000	   1	[      7]
82    	0     	      5	    NegSmallDark	    166.2461	   2375.00	    0.0	    00000000     00000000	   1	[      2]
83    	0     	      9	   NeutSmallDark	    168.6992	   2453.12	    0.0	    00000000     00000000	   1	[      6]
84    	0     	      7	  NegSmallBright	    171.0742	   2375.00	    0.0	    00000000     00000000	   1	[      4]
85    	0     	     10	 NeutLargeBright	    173.3281	   2253.91	    0.0	    00000000     00000000	   1	[      7]
86    	0     	      7	  NegSmallBright	    175.8047	   2476.56	    0.0	    00000000     00000000	   1	[      4]
87    	0     	      6	  NegLargeBright	    178.2578	   2453.12	    0.0	    00000000     00000000	   1	[      3]
88    	0     	      7	  NegSmallBright	    180.4609	   2203.12	    0.0	    00000000     00000000	   1	[      4]
89    	0     	      8	   NeutLargeDark	    182.6836	   2222.66	    0.0	    00000000     00000000	   1	[      5]
90    	0     	      6	  NegLargeBright	    185.0703	   2386.72	    0.0	    00000000     00000000	   1	[      3]
91    	0     	     11	 NeutSmallBright	    187.2227	   2152.34	    0.0	    00000000     00000000	   1	[      8]
92    	0     	      9	   NeutSmallDark	    189.4570	   2234.38	    0.0	    00000000     00000000	   1	[      6]
93    	0     	      6	  NegLargeBright	    191.5625	   2105.47	    0.0	    00000000     00000000	   1	[      3]
94    	0     	     15	     condition15	    193.7461	   2183.59	    0.0	    00000000     00000000	   1	[       ]
95    	0     	      2	      condition2	    194.4961	    750.00	    0.0	    00000000     00000000	   1	[       ]
96    	0     	     12	     condition12	    195.9102	   1414.06	    0.0	    00000000     00000000	   1	[       ]
97    	0     	      2	      condition2	    196.3438	    433.59	    0.0	    00000000     00000000	   1	[       ]
98    	0     	     10	 NeutLargeBright	    198.3945	   2050.78	    0.0	    00000000     00000000	   1	[      7]
99    	0     	      5	    NegSmallDark	    200.5781	   2183.59	    0.0	    00000000     00000000	   1	[      2]
100   	0     	      6	  NegLargeBright	    203.0703	   2492.19	    0.0	    00000000     00000000	   1	[      3]
101   	0     	     10	 NeutLargeBright	    205.4336	   2363.28	    0.0	    00000000     00000000	   1	[      7]
102   	0     	      6	  NegLargeBright	    207.6602	   2226.56	    0.0	    00000000     00000000	   1	[      3]
103   	0     	     11	 NeutSmallBright	    209.8242	   2164.06	    0.0	    00000000     00000000	   1	[      8]
104   	0     	     11	 NeutSmallBright	    212.2656	   2441.41	    0.0	    00000000     00000000	   1	[      8]
105   	0     	     15	     condition15	    214.5508	   2285.16	    0.0	    00000000     00000000	   1	[       ]
106   	0     	      2	      condition2	    215.2148	    664.06	    0.0	    00000000     00000000	   1	[       ]
107   	0     	      9	   NeutSmallDark	    216.8672	   1652.34	    0.0	    00000000     00000000	   1	[      6]
108   	0     	     10	 NeutLargeBright	    219.2695	   2402.34	    0.0	    00000000     00000000	   1	[      7]
109   	0     	      6	  NegLargeBright	    221.4922	   2222.66	    0.0	    00000000     00000000	   1	[      3]
110   	0     	      7	  NegSmallBright	    223.9688	   2476.56	    0.0	    00000000     00000000	   1	[      4]
111   	0     	      8	   NeutLargeDark	    226.3008	   2332.03	    0.0	    00000000     00000000	   1	[      5]
112   	0     	      8	   NeutLargeDark	    228.3672	   2066.41	    0.0	    00000000     00000000	   1	[      5]
113   	0     	      9	   NeutSmallDark	    230.8203	   2453.12	    0.0	    00000000     00000000	   1	[      6]
114   	0     	      6	  NegLargeBright	    233.0039	   2183.59	    0.0	    00000000     00000000	   1	[      3]
115   	0     	      4	    NegLargeDark	    235.2891	   2285.16	    0.0	    00000000     00000000	   1	[      1]
116   	0     	      8	   NeutLargeDark	    237.4805	   2191.41	    0.0	    00000000     00000000	   1	[      5]
117   	0     	      7	  NegSmallBright	    239.5664	   2085.94	    0.0	    00000000     00000000	   1	[      4]
118   	0     	      8	   NeutLargeDark	    241.6094	   2042.97	    0.0	    00000000     00000000	   1	[      5]
119   	0     	      4	    NegLargeDark	    243.9023	   2292.97	    0.0	    00000000     00000000	   1	[      1]
120   	0     	     15	     condition15	    246.1875	   2285.16	    0.0	    00000000     00000000	   1	[       ]
121   	0     	      2	      condition2	    246.8359	    648.44	    0.0	    00000000     00000000	   1	[       ]
122   	0     	     15	     condition15	    248.5195	   1683.59	    0.0	    00000000     00000000	   1	[       ]
123   	0     	      2	      condition2	    249.2969	    777.34	    0.0	    00000000     00000000	   1	[       ]
124   	0     	     14	     condition14	    250.8164	   1519.53	    0.0	    00000000     00000000	   1	[       ]
125   	0     	      2	      condition2	    251.3984	    582.03	    0.0	    00000000     00000000	   1	[       ]
126   	0     	     10	 NeutLargeBright	    253.0898	   1691.41	    0.0	    00000000     00000000	   1	[      7]
127   	0     	     11	 NeutSmallBright	    255.1211	   2031.25	    0.0	    00000000     00000000	   1	[      8]
128   	0     	      8	   NeutLargeDark	    257.4688	   2347.66	    0.0	    00000000     00000000	   1	[      5]
129   	0     	     13	     condition13	    259.7109	   2242.19	    0.0	    00000000     00000000	   1	[       ]
130   	0     	      2	      condition2	    260.2227	    511.72	    0.0	    00000000     00000000	   1	[       ]
131   	0     	      6	  NegLargeBright	    262.1367	   1914.06	    0.0	    00000000     00000000	   1	[      3]
132   	0     	      6	  NegLargeBright	    264.3984	   2261.72	    0.0	    00000000     00000000	   1	[      3]
133   	0     	      4	    NegLargeDark	    266.6016	   2203.12	    0.0	    00000000     00000000	   1	[      1]
134   	0     	      4	    NegLargeDark	    268.7773	   2175.78	    0.0	    00000000     00000000	   1	[      1]
135   	0     	      9	   NeutSmallDark	    270.8594	   2082.03	    0.0	    00000000     00000000	   1	[      6]
136   	0     	      7	  NegSmallBright	    273.0859	   2226.56	    0.0	    00000000     00000000	   1	[      4]
137   	0     	      8	   NeutLargeDark	    275.4883	   2402.34	    0.0	    00000000     00000000	   1	[      5]
138   	0     	      7	  NegSmallBright	    277.5312	   2042.97	    0.0	    00000000     00000000	   1	[      4]
139   	0     	     10	 NeutLargeBright	    279.7656	   2234.38	    0.0	    00000000     00000000	   1	[      7]
140   	0     	     13	     condition13	    282.2812	   2515.62	    0.0	    00000000     00000000	   1	[       ]
141   	0     	      2	      condition2	    282.8594	    578.12	    0.0	    00000000     00000000	   1	[       ]
142   	0     	      9	   NeutSmallDark	    284.4727	   1613.28	    0.0	    00000000     00000000	   1	[      6]
143   	0     	     15	     condition15	    286.5586	   2085.94	    0.0	    00000000     00000000	   1	[       ]
144   	0     	      2	      condition2	    287.3008	    742.19	    0.0	    00000000     00000000	   1	[       ]
145   	0     	      6	  NegLargeBright	    288.9727	   1671.88	    0.0	    00000000     00000000	   1	[      3]
146   	0     	      5	    NegSmallDark	    291.1445	   2171.88	    0.0	    00000000     00000000	   1	[      2]
147   	0     	      8	   NeutLargeDark	    293.4219	   2277.34	    0.0	    00000000     00000000	   1	[      5]
148   	0     	      5	    NegSmallDark	    295.5117	   2089.84	    0.0	    00000000     00000000	   1	[      2]
149   	0     	     12	     condition12	    297.8477	   2335.94	    0.0	    00000000     00000000	   1	[       ]
150   	0     	      2	      condition2	    298.3633	    515.62	    0.0	    00000000     00000000	   1	[       ]
151   	0     	     13	     condition13	    300.3320	   1968.75	    0.0	    00000000     00000000	   1	[       ]
152   	0     	      2	      condition2	    300.6992	    367.19	    0.0	    00000000     00000000	   1	[       ]
153   	0     	      7	  NegSmallBright	    302.4375	   1738.28	    0.0	    00000000     00000000	   1	[      4]
154   	0     	      7	  NegSmallBright	    304.8086	   2371.09	    0.0	    00000000     00000000	   1	[      4]
155   	0     	      5	    NegSmallDark	    306.9844	   2175.78	    0.0	    00000000     00000000	   1	[      2]
156   	0     	     11	 NeutSmallBright	    309.2578	   2273.44	    0.0	    00000000     00000000	   1	[      8]
157   	0     	      8	   NeutLargeDark	    311.6328	   2375.00	    0.0	    00000000     00000000	   1	[      5]
158   	0     	     12	     condition12	    314.0547	   2421.88	    0.0	    00000000     00000000	   1	[       ]
159   	0     	      2	      condition2	    314.5234	    468.75	    0.0	    00000000     00000000	   1	[       ]
160   	0     	     11	 NeutSmallBright	    316.4414	   1917.97	    0.0	    00000000     00000000	   1	[      8]
161   	0     	     15	     condition15	    318.8164	   2375.00	    0.0	    00000000     00000000	   1	[       ]
162   	0     	      2	      condition2	    319.4180	    601.56	    0.0	    00000000     00000000	   1	[       ]
163   	0     	      5	    NegSmallDark	    320.9180	   1500.00	    0.0	    00000000     00000000	   1	[      2]
164   	0     	    253	              ""	    324.0156	   3097.66	    0.0	    00000000     00000000	   1	[       ]
165   	0     	     10	 NeutLargeBright	    325.0078	    992.19	    0.0	    00000000     00000000	   1	[      7]
166   	0     	      9	   NeutSmallDark	    327.1016	   2093.75	    0.0	    00000000     00000000	   1	[      6]
167   	0     	      5	    NegSmallDark	    329.2734	   2171.88	    0.0	    00000000     00000000	   1	[      2]
168   	0     	      6	  NegLargeBright	    331.4102	   2136.72	    0.0	    00000000     00000000	   1	[      3]
169   	0     	     11	 NeutSmallBright	    333.7422	   2332.03	    0.0	    00000000     00000000	   1	[      8]
170   	0     	     14	     condition14	    336.1172	   2375.00	    0.0	    00000000     00000000	   1	[       ]
171   	0     	      2	      condition2	    336.6211	    503.91	    0.0	    00000000     00000000	   1	[       ]
172   	0     	      8	   NeutLargeDark	    338.3008	   1679.69	    0.0	    00000000     00000000	   1	[      5]
173   	0     	     13	     condition13	    340.3438	   2042.97	    0.0	    00000000     00000000	   1	[       ]
174   	0     	      2	      condition2	    340.7734	    429.69	    0.0	    00000000     00000000	   1	[       ]
175   	0     	      5	    NegSmallDark	    342.4102	   1636.72	    0.0	    00000000     00000000	   1	[      2]
176   	0     	      5	    NegSmallDark	    344.4805	   2070.31	    0.0	    00000000     00000000	   1	[      2]
177   	0     	     11	 NeutSmallBright	    346.7578	   2277.34	    0.0	    00000000     00000000	   1	[      8]
178   	0     	     14	     condition14	    348.9180	   2160.16	    0.0	    00000000     00000000	   1	[       ]
179   	0     	      2	      condition2	    349.3984	    480.47	    0.0	    00000000     00000000	   1	[       ]
180   	0     	      8	   NeutLargeDark	    351.1641	   1765.62	    0.0	    00000000     00000000	   1	[      5]
181   	0     	      6	  NegLargeBright	    353.2266	   2062.50	    0.0	    00000000     00000000	   1	[      3]
182   	0     	      4	    NegLargeDark	    355.5430	   2316.41	    0.0	    00000000     00000000	   1	[      1]
183   	0     	     10	 NeutLargeBright	    357.8438	   2300.78	    0.0	    00000000     00000000	   1	[      7]
184   	0     	     11	 NeutSmallBright	    360.0898	   2246.09	    0.0	    00000000     00000000	   1	[      8]
185   	0     	     10	 NeutLargeBright	    362.4727	   2382.81	    0.0	    00000000     00000000	   1	[      7]
186   	0     	     13	     condition13	    364.6484	   2175.78	    0.0	    00000000     00000000	   1	[       ]
187   	0     	      2	      condition2	    365.1406	    492.19	    0.0	    00000000     00000000	   1	[       ]
188   	0     	     14	     condition14	    367.1133	   1972.66	    0.0	    00000000     00000000	   1	[       ]
189   	0     	      2	      condition2	    367.7969	    683.59	    0.0	    00000000     00000000	   1	[       ]
190   	0     	      6	  NegLargeBright	    369.1445	   1347.66	    0.0	    00000000     00000000	   1	[      3]
191   	0     	     15	     condition15	    371.5781	   2433.59	    0.0	    00000000     00000000	   1	[       ]
192   	0     	      2	      condition2	    372.4883	    910.16	    0.0	    00000000     00000000	   1	[       ]
193   	0     	      4	    NegLargeDark	    374.0547	   1566.41	    0.0	    00000000     00000000	   1	[      1]
194   	0     	     13	     condition13	    376.1562	   2101.56	    0.0	    00000000     00000000	   1	[       ]
195   	0     	      2	      condition2	    376.5781	    421.88	    0.0	    00000000     00000000	   1	[       ]
196   	0     	      7	  NegSmallBright	    378.3828	   1804.69	    0.0	    00000000     00000000	   1	[      4]
197   	0     	      7	  NegSmallBright	    380.8164	   2433.59	    0.0	    00000000     00000000	   1	[      4]
198   	0     	      8	   NeutLargeDark	    383.3516	   2535.16	    0.0	    00000000     00000000	   1	[      5]
199   	0     	     10	 NeutLargeBright	    385.5859	   2234.38	    0.0	    00000000     00000000	   1	[      7]
200   	0     	      4	    NegLargeDark	    387.9883	   2402.34	    0.0	    00000000     00000000	   1	[      1]
201   	0     	      8	   NeutLargeDark	    390.3242	   2335.94	    0.0	    00000000     00000000	   1	[      5]
202   	0     	      6	  NegLargeBright	    392.8555	   2531.25	    0.0	    00000000     00000000	   1	[      3]
203   	0     	      9	   NeutSmallDark	    395.2305	   2375.00	    0.0	    00000000     00000000	   1	[      6]
204   	0     	      6	  NegLargeBright	    397.3438	   2113.28	    0.0	    00000000     00000000	   1	[      3]
205   	0     	      7	  NegSmallBright	    399.8594	   2515.62	    0.0	    00000000     00000000	   1	[      4]
206   	0     	     14	     condition14	    402.0938	   2234.38	    0.0	    00000000     00000000	   1	[       ]
207   	0     	      2	      condition2	    402.7070	    613.28	    0.0	    00000000     00000000	   1	[       ]
208   	0     	     15	     condition15	    404.4492	   1742.19	    0.0	    00000000     00000000	   1	[       ]
209   	0     	      2	      condition2	    405.3008	    851.56	    0.0	    00000000     00000000	   1	[       ]
210   	0     	      8	   NeutLargeDark	    406.7695	   1468.75	    0.0	    00000000     00000000	   1	[      5]
211   	0     	     11	 NeutSmallBright	    409.2266	   2457.03	    0.0	    00000000     00000000	   1	[      8]
212   	0     	      7	  NegSmallBright	    411.3906	   2164.06	    0.0	    00000000     00000000	   1	[      4]
213   	0     	      4	    NegLargeDark	    413.5039	   2113.28	    0.0	    00000000     00000000	   1	[      1]
214   	0     	      5	    NegSmallDark	    415.5859	   2082.03	    0.0	    00000000     00000000	   1	[      2]
215   	0     	      8	   NeutLargeDark	    417.7617	   2175.78	    0.0	    00000000     00000000	   1	[      5]
216   	0     	      8	   NeutLargeDark	    419.9258	   2164.06	    0.0	    00000000     00000000	   1	[      5]
217   	0     	      4	    NegLargeDark	    422.0195	   2093.75	    0.0	    00000000     00000000	   1	[      1]
218   	0     	      4	    NegLargeDark	    424.3633	   2343.75	    0.0	    00000000     00000000	   1	[      1]
219   	0     	      9	   NeutSmallDark	    426.6680	   2304.69	    0.0	    00000000     00000000	   1	[      6]
220   	0     	     11	 NeutSmallBright	    428.8516	   2183.59	    0.0	    00000000     00000000	   1	[      8]
221   	0     	      9	   NeutSmallDark	    431.2852	   2433.59	    0.0	    00000000     00000000	   1	[      6]
222   	0     	      6	  NegLargeBright	    433.7070	   2421.88	    0.0	    00000000     00000000	   1	[      3]
223   	0     	      9	   NeutSmallDark	    435.8633	   2156.25	    0.0	    00000000     00000000	   1	[      6]
224   	0     	      4	    NegLargeDark	    438.0078	   2144.53	    0.0	    00000000     00000000	   1	[      1]
225   	0     	      8	   NeutLargeDark	    440.2617	   2253.91	    0.0	    00000000     00000000	   1	[      5]
226   	0     	     10	 NeutLargeBright	    442.7344	   2472.66	    0.0	    00000000     00000000	   1	[      7]
227   	0     	     11	 NeutSmallBright	    444.8672	   2132.81	    0.0	    00000000     00000000	   1	[      8]
228   	0     	     15	     condition15	    446.8906	   2023.44	    0.0	    00000000     00000000	   1	[       ]
229   	0     	      2	      condition2	    447.6875	    796.88	    0.0	    00000000     00000000	   1	[       ]
230   	0     	     12	     condition12	    449.3867	   1699.22	    0.0	    00000000     00000000	   1	[       ]
231   	0     	      2	      condition2	    449.8086	    421.88	    0.0	    00000000     00000000	   1	[       ]
232   	0     	     11	 NeutSmallBright	    451.9023	   2093.75	    0.0	    00000000     00000000	   1	[      8]
233   	0     	      4	    NegLargeDark	    454.1641	   2261.72	    0.0	    00000000     00000000	   1	[      1]
234   	0     	     11	 NeutSmallBright	    456.3398	   2175.78	    0.0	    00000000     00000000	   1	[      8]
235   	0     	     12	     condition12	    458.6914	   2351.56	    0.0	    00000000     00000000	   1	[       ]
236   	0     	      2	      condition2	    459.1797	    488.28	    0.0	    00000000     00000000	   1	[       ]
237   	0     	     10	 NeutLargeBright	    461.0586	   1878.91	    0.0	    00000000     00000000	   1	[      7]
238   	0     	      5	    NegSmallDark	    463.5195	   2460.94	    0.0	    00000000     00000000	   1	[      2]
239   	0     	      4	    NegLargeDark	    465.9844	   2464.84	    0.0	    00000000     00000000	   1	[      1]
240   	0     	     10	 NeutLargeBright	    468.1797	   2195.31	    0.0	    00000000     00000000	   1	[      7]
241   	0     	     10	 NeutLargeBright	    470.2422	   2062.50	    0.0	    00000000     00000000	   1	[      7]
242   	0     	      4	    NegLargeDark	    472.5156	   2273.44	    0.0	    00000000     00000000	   1	[      1]
243   	0     	      7	  NegSmallBright	    474.7695	   2253.91	    0.0	    00000000     00000000	   1	[      4]
244   	0     	      4	    NegLargeDark	    476.9844	   2214.84	    0.0	    00000000     00000000	   1	[      1]
245   	0     	     11	 NeutSmallBright	    479.2773	   2292.97	    0.0	    00000000     00000000	   1	[      8]
246   	0     	      7	  NegSmallBright	    481.3906	   2113.28	    0.0	    00000000     00000000	   1	[      4]
247   	0     	    253	              ""	    483.3281	   1937.50	    0.0	    00000000     00000000	   1	[       ]
248   	0     	     10	 NeutLargeBright	    484.3398	   1011.72	    0.0	    00000000     00000000	   1	[      7]
249   	0     	      9	   NeutSmallDark	    486.7930	   2453.12	    0.0	    00000000     00000000	   1	[      6]
250   	0     	     10	 NeutLargeBright	    489.1992	   2406.25	    0.0	    00000000     00000000	   1	[      7]
251   	0     	      7	  NegSmallBright	    491.3516	   2152.34	    0.0	    00000000     00000000	   1	[      4]
252   	0     	      2	      condition2	    492.0234	    671.88	    0.0	    00000000     00000000	   1	[       ]
253   	0     	      4	    NegLargeDark	    493.5156	   1492.19	    0.0	    00000000     00000000	   1	[      1]
254   	0     	      7	  NegSmallBright	    495.5391	   2023.44	    0.0	    00000000     00000000	   1	[      4]
255   	0     	      5	    NegSmallDark	    497.8555	   2316.41	    0.0	    00000000     00000000	   1	[      2]
256   	0     	     10	 NeutLargeBright	    500.0391	   2183.59	    0.0	    00000000     00000000	   1	[      7]
257   	0     	     10	 NeutLargeBright	    502.4805	   2441.41	    0.0	    00000000     00000000	   1	[      7]
258   	0     	     11	 NeutSmallBright	    504.6875	   2207.03	    0.0	    00000000     00000000	   1	[      8]
259   	0     	      9	   NeutSmallDark	    506.7188	   2031.25	    0.0	    00000000     00000000	   1	[      6]
260   	0     	     10	 NeutLargeBright	    509.0234	   2304.69	    0.0	    00000000     00000000	   1	[      7]
261   	0     	      8	   NeutLargeDark	    511.3398	   2316.41	    0.0	    00000000     00000000	   1	[      5]
262   	0     	     10	 NeutLargeBright	    513.7539	   2414.06	    0.0	    00000000     00000000	   1	[      7]
263   	0     	     14	     condition14	    516.0469	   2292.97	    0.0	    00000000     00000000	   1	[       ]
264   	0     	      2	      condition2	    516.6484	    601.56	    0.0	    00000000     00000000	   1	[       ]
265   	0     	      7	  NegSmallBright	    518.2109	   1562.50	    0.0	    00000000     00000000	   1	[      4]
266   	0     	      8	   NeutLargeDark	    520.4023	   2191.41	    0.0	    00000000     00000000	   1	[      5]
267   	0     	      4	    NegLargeDark	    522.6172	   2214.84	    0.0	    00000000     00000000	   1	[      1]
268   	0     	      9	   NeutSmallDark	    525.1016	   2484.38	    0.0	    00000000     00000000	   1	[      6]
269   	0     	     11	 NeutSmallBright	    527.4375	   2335.94	    0.0	    00000000     00000000	   1	[      8]
270   	0     	      9	   NeutSmallDark	    529.9297	   2492.19	    0.0	    00000000     00000000	   1	[      6]
271   	0     	      8	   NeutLargeDark	    532.4141	   2484.38	    0.0	    00000000     00000000	   1	[      5]
272   	0     	      5	    NegSmallDark	    534.6797	   2265.62	    0.0	    00000000     00000000	   1	[      2]
273   	0     	      7	  NegSmallBright	    537.0820	   2402.34	    0.0	    00000000     00000000	   1	[      4]
274   	0     	      6	  NegLargeBright	    539.2461	   2164.06	    0.0	    00000000     00000000	   1	[      3]
275   	0     	      5	    NegSmallDark	    541.4297	   2183.59	    0.0	    00000000     00000000	   1	[      2]
276   	0     	      6	  NegLargeBright	    543.9336	   2503.91	    0.0	    00000000     00000000	   1	[      3]
277   	0     	      9	   NeutSmallDark	    546.3398	   2406.25	    0.0	    00000000     00000000	   1	[      6]
278   	0     	     15	     condition15	    548.6641	   2324.22	    0.0	    00000000     00000000	   1	[       ]
279   	0     	      2	      condition2	    549.5039	    839.84	    0.0	    00000000     00000000	   1	[       ]
280   	0     	      9	   NeutSmallDark	    550.9062	   1402.34	    0.0	    00000000     00000000	   1	[      6]
281   	0     	      9	   NeutSmallDark	    553.2617	   2355.47	    0.0	    00000000     00000000	   1	[      6]
282   	0     	      7	  NegSmallBright	    555.4453	   2183.59	    0.0	    00000000     00000000	   1	[      4]
283   	0     	     14	     condition14	    557.5391	   2093.75	    0.0	    00000000     00000000	   1	[       ]
284   	0     	      2	      condition2	    558.0977	    558.59	    0.0	    00000000     00000000	   1	[       ]
285   	0     	      7	  NegSmallBright	    559.7930	   1695.31	    0.0	    00000000     00000000	   1	[      4]
286   	0     	     11	 NeutSmallBright	    562.2188	   2425.78	    0.0	    00000000     00000000	   1	[      8]
287   	0     	     13	     condition13	    564.6211	   2402.34	    0.0	    00000000     00000000	   1	[       ]
288   	0     	      2	      condition2	    565.1836	    562.50	    0.0	    00000000     00000000	   1	[       ]
289   	0     	     10	 NeutLargeBright	    567.1367	   1953.12	    0.0	    00000000     00000000	   1	[      7]
290   	0     	      4	    NegLargeDark	    569.6211	   2484.38	    0.0	    00000000     00000000	   1	[      1]
291   	0     	      6	  NegLargeBright	    571.8125	   2191.41	    0.0	    00000000     00000000	   1	[      3]
292   	0     	     11	 NeutSmallBright	    573.8594	   2046.88	    0.0	    00000000     00000000	   1	[      8]
293   	0     	      9	   NeutSmallDark	    576.1211	   2261.72	    0.0	    00000000     00000000	   1	[      6]
294   	0     	      5	    NegSmallDark	    578.5742	   2453.12	    0.0	    00000000     00000000	   1	[      2]
295   	0     	      7	  NegSmallBright	    580.7695	   2195.31	    0.0	    00000000     00000000	   1	[      4]
296   	0     	      5	    NegSmallDark	    583.2734	   2503.91	    0.0	    00000000     00000000	   1	[      2]
297   	0     	      4	    NegLargeDark	    585.6094	   2335.94	    0.0	    00000000     00000000	   1	[      1]
298   	0     	      4	    NegLargeDark	    587.8828	   2273.44	    0.0	    00000000     00000000	   1	[      1]
299   	0     	     13	     condition13	    590.1758	   2292.97	    0.0	    00000000     00000000	   1	[       ]
300   	0     	      2	      condition2	    590.5938	    417.97	    0.0	    00000000     00000000	   1	[       ]
301   	0     	     11	 NeutSmallBright	    592.3320	   1738.28	    0.0	    00000000     00000000	   1	[      8]
302   	0     	      8	   NeutLargeDark	    594.6445	   2312.50	    0.0	    00000000     00000000	   1	[      5]
303   	0     	      7	  NegSmallBright	    597.0195	   2375.00	    0.0	    00000000     00000000	   1	[      4]
304   	0     	      5	    NegSmallDark	    599.3945	   2375.00	    0.0	    00000000     00000000	   1	[      2]
305   	0     	      6	  NegLargeBright	    601.6250	   2230.47	    0.0	    00000000     00000000	   1	[      3]
306   	0     	      9	   NeutSmallDark	    603.6992	   2074.22	    0.0	    00000000     00000000	   1	[      6]
307   	0     	      7	  NegSmallBright	    605.9961	   2296.88	    0.0	    00000000     00000000	   1	[      4]
308   	0     	      6	  NegLargeBright	    608.2383	   2242.19	    0.0	    00000000     00000000	   1	[      3]
309   	0     	     10	 NeutLargeBright	    610.3906	   2152.34	    0.0	    00000000     00000000	   1	[      7]
310   	0     	      7	  NegSmallBright	    612.6953	   2304.69	    0.0	    00000000     00000000	   1	[      4]
311   	0     	      5	    NegSmallDark	    614.7578	   2062.50	    0.0	    00000000     00000000	   1	[      2]
312   	0     	      8	   NeutLargeDark	    617.0625	   2304.69	    0.0	    00000000     00000000	   1	[      5]
313   	0     	     10	 NeutLargeBright	    619.3789	   2316.41	    0.0	    00000000     00000000	   1	[      7]
314   	0     	      4	    NegLargeDark	    621.5117	   2132.81	    0.0	    00000000     00000000	   1	[      1]
315   	0     	      8	   NeutLargeDark	    623.8242	   2312.50	    0.0	    00000000     00000000	   1	[      5]
316   	0     	      7	  NegSmallBright	    625.9688	   2144.53	    0.0	    00000000     00000000	   1	[      4]
317   	0     	      8	   NeutLargeDark	    628.4023	   2433.59	    0.0	    00000000     00000000	   1	[      5]
318   	0     	     13	     condition13	    630.5781	   2175.78	    0.0	    00000000     00000000	   1	[       ]
319   	0     	      2	      condition2	    631.2148	    636.72	    0.0	    00000000     00000000	   1	[       ]
320   	0     	      5	    NegSmallDark	    632.9609	   1746.09	    0.0	    00000000     00000000	   1	[      2]
321   	0     	     13	     condition13	    635.1367	   2175.78	    0.0	    00000000     00000000	   1	[       ]
322   	0     	      2	      condition2	    635.7266	    589.84	    0.0	    00000000     00000000	   1	[       ]
323   	0     	      6	  NegLargeBright	    637.2578	   1531.25	    0.0	    00000000     00000000	   1	[      3]
324   	0     	     10	 NeutLargeBright	    639.7148	   2457.03	    0.0	    00000000     00000000	   1	[      7]
325   	0     	      8	   NeutLargeDark	    641.9492	   2234.38	    0.0	    00000000     00000000	   1	[      5]
326   	0     	      9	   NeutSmallDark	    645.8750	   3925.78	    0.0	    00000000     00000000	   1	[      6]
327   	0     	      8	   NeutLargeDark	    648.2266	   2351.56	    0.0	    00000000     00000000	   1	[      5]
328   	0     	      4	    NegLargeDark	    650.4609	   2234.38	    0.0	    00000000     00000000	   1	[      1]
329   	0     	      6	  NegLargeBright	    652.6172	   2156.25	    0.0	    00000000     00000000	   1	[      3]
330   	0     	      7	  NegSmallBright	    654.7109	   2093.75	    0.0	    00000000     00000000	   1	[      4]
331   	0     	     12	     condition12	    656.7422	   2031.25	    0.0	    00000000     00000000	   1	[       ]
332   	0     	      2	      condition2	    657.2305	    488.28	    0.0	    00000000     00000000	   1	[       ]
333   	0     	      8	   NeutLargeDark	    659.0977	   1867.19	    0.0	    00000000     00000000	   1	[      5]
334   	0     	      6	  NegLargeBright	    661.5234	   2425.78	    0.0	    00000000     00000000	   1	[      3]
335   	0     	      4	    NegLargeDark	    663.8164	   2292.97	    0.0	    00000000     00000000	   1	[      1]
336   	0     	      6	  NegLargeBright	    665.9375	   2121.09	    0.0	    00000000     00000000	   1	[      3]
337   	0     	     14	     condition14	    668.0234	   2085.94	    0.0	    00000000     00000000	   1	[       ]
338   	0     	      2	      condition2	    668.7578	    734.38	    0.0	    00000000     00000000	   1	[       ]
339   	0     	      8	   NeutLargeDark	    670.3086	   1550.78	    0.0	    00000000     00000000	   1	[      5]
340   	0     	     13	     condition13	    672.4219	   2113.28	    0.0	    00000000     00000000	   1	[       ]
341   	0     	      2	      condition2	    672.9336	    511.72	    0.0	    00000000     00000000	   1	[       ]
342   	0     	      6	  NegLargeBright	    674.6836	   1750.00	    0.0	    00000000     00000000	   1	[      3]
343   	0     	      8	   NeutLargeDark	    677.0586	   2375.00	    0.0	    00000000     00000000	   1	[      5]
344   	0     	     10	 NeutLargeBright	    679.0938	   2035.16	    0.0	    00000000     00000000	   1	[      7]
345   	0     	      9	   NeutSmallDark	    681.2266	   2132.81	    0.0	    00000000     00000000	   1	[      6]
346   	0     	      7	  NegSmallBright	    683.7305	   2503.91	    0.0	    00000000     00000000	   1	[      4]
347   	0     	      6	  NegLargeBright	    686.2266	   2496.09	    0.0	    00000000     00000000	   1	[      3]
348   	0     	     10	 NeutLargeBright	    688.2969	   2070.31	    0.0	    00000000     00000000	   1	[      7]
349   	0     	      7	  NegSmallBright	    690.6641	   2367.19	    0.0	    00000000     00000000	   1	[      4]
350   	0     	      6	  NegLargeBright	    692.7969	   2132.81	    0.0	    00000000     00000000	   1	[      3]
351   	0     	      8	   NeutLargeDark	    695.2305	   2433.59	    0.0	    00000000     00000000	   1	[      5]
352   	0     	      5	    NegSmallDark	    697.4961	   2265.62	    0.0	    00000000     00000000	   1	[      2]
353   	0     	     12	     condition12	    699.6797	   2183.59	    0.0	    00000000     00000000	   1	[       ]
354   	0     	      2	      condition2	    700.4688	    789.06	    0.0	    00000000     00000000	   1	[       ]
355   	0     	     12	     condition12	    702.0625	   1593.75	    0.0	    00000000     00000000	   1	[       ]
356   	0     	      2	      condition2	    702.4805	    417.97	    0.0	    00000000     00000000	   1	[       ]
357   	0     	      8	   NeutLargeDark	    704.3477	   1867.19	    0.0	    00000000     00000000	   1	[      5]
358   	0     	      7	  NegSmallBright	    706.5000	   2152.34	    0.0	    00000000     00000000	   1	[      4]
359   	0     	     15	     condition15	    708.5234	   2023.44	    0.0	    00000000     00000000	   1	[       ]
360   	0     	      2	      condition2	    709.1914	    667.97	    0.0	    00000000     00000000	   1	[       ]
361   	0     	      4	    NegLargeDark	    711.0586	   1867.19	    0.0	    00000000     00000000	   1	[      1]
362   	0     	      9	   NeutSmallDark	    713.3125	   2253.91	    0.0	    00000000     00000000	   1	[      6]
363   	0     	      5	    NegSmallDark	    715.3750	   2062.50	    0.0	    00000000     00000000	   1	[      2]
364   	0     	      7	  NegSmallBright	    717.6484	   2273.44	    0.0	    00000000     00000000	   1	[      4]
365   	0     	      9	   NeutSmallDark	    720.1445	   2496.09	    0.0	    00000000     00000000	   1	[      6]
366   	0     	     10	 NeutLargeBright	    722.5977	   2453.12	    0.0	    00000000     00000000	   1	[      7]
367   	0     	      6	  NegLargeBright	    725.0039	   2406.25	    0.0	    00000000     00000000	   1	[      3]
368   	0     	     13	     condition13	    727.3281	   2324.22	    0.0	    00000000     00000000	   1	[       ]
369   	0     	      2	      condition2	    727.9375	    609.38	    0.0	    00000000     00000000	   1	[       ]
370   	0     	     10	 NeutLargeBright	    729.4492	   1511.72	    0.0	    00000000     00000000	   1	[      7]
371   	0     	      5	    NegSmallDark	    731.7852	   2335.94	    0.0	    00000000     00000000	   1	[      2]
372   	0     	      4	    NegLargeDark	    734.0977	   2312.50	    0.0	    00000000     00000000	   1	[      1]
373   	0     	     15	     condition15	    736.5234	   2425.78	    0.0	    00000000     00000000	   1	[       ]
374   	0     	      2	      condition2	    737.4492	    925.78	    0.0	    00000000     00000000	   1	[       ]
375   	0     	      5	    NegSmallDark	    738.5664	   1117.19	    0.0	    00000000     00000000	   1	[      2]
376   	0     	     11	 NeutSmallBright	    740.8828	   2316.41	    0.0	    00000000     00000000	   1	[      8]
377   	0     	     11	 NeutSmallBright	    743.1133	   2230.47	    0.0	    00000000     00000000	   1	[      8]
378   	0     	      5	    NegSmallDark	    745.1797	   2066.41	    0.0	    00000000     00000000	   1	[      2]
379   	0     	      7	  NegSmallBright	    747.4727	   2292.97	    0.0	    00000000     00000000	   1	[      4]
380   	0     	      7	  NegSmallBright	    749.7266	   2253.91	    0.0	    00000000     00000000	   1	[      4]
381   	0     	      7	  NegSmallBright	    751.8320	   2105.47	    0.0	    00000000     00000000	   1	[      4]
382   	0     	      9	   NeutSmallDark	    754.0938	   2261.72	    0.0	    00000000     00000000	   1	[      6]
383   	0     	      9	   NeutSmallDark	    756.2070	   2113.28	    0.0	    00000000     00000000	   1	[      6]
384   	0     	      9	   NeutSmallDark	    758.6719	   2464.84	    0.0	    00000000     00000000	   1	[      6]
385   	0     	      5	    NegSmallDark	    760.9375	   2265.62	    0.0	    00000000     00000000	   1	[      2]
386   	0     	     11	 NeutSmallBright	    763.2305	   2292.97	    0.0	    00000000     00000000	   1	[      8]
387   	0     	      6	  NegLargeBright	    765.3750	   2144.53	    0.0	    00000000     00000000	   1	[      3]
388   	0     	     10	 NeutLargeBright	    767.6484	   2273.44	    0.0	    00000000     00000000	   1	[      7]
389   	0     	     11	 NeutSmallBright	    770.0039	   2355.47	    0.0	    00000000     00000000	   1	[      8]
390   	0     	     11	 NeutSmallBright	    772.2656	   2261.72	    0.0	    00000000     00000000	   1	[      8]
391   	0     	     11	 NeutSmallBright	    774.3203	   2054.69	    0.0	    00000000     00000000	   1	[      8]
392   	0     	      7	  NegSmallBright	    776.5625	   2242.19	    0.0	    00000000     00000000	   1	[      4]
393   	0     	     11	 NeutSmallBright	    778.6484	   2085.94	    0.0	    00000000     00000000	   1	[      8]
394   	0     	      6	  NegLargeBright	    781.1328	   2484.38	    0.0	    00000000     00000000	   1	[      3]
395   	0     	     13	     condition13	    783.2656	   2132.81	    0.0	    00000000     00000000	   1	[       ]
396   	0     	      2	      condition2	    783.9727	    707.03	    0.0	    00000000     00000000	   1	[       ]
397   	0     	      9	   NeutSmallDark	    785.6914	   1718.75	    0.0	    00000000     00000000	   1	[      6]
398   	0     	      5	    NegSmallDark	    787.7539	   2062.50	    0.0	    00000000     00000000	   1	[      2]
399   	0     	     10	 NeutLargeBright	    790.2070	   2453.12	    0.0	    00000000     00000000	   1	[      7]
400   	0     	     14	     condition14	    792.3711	   2164.06	    0.0	    00000000     00000000	   1	[       ]
401   	0     	      2	      condition2	    793.1406	    769.53	    0.0	    00000000     00000000	   1	[       ]
402   	0     	      4	    NegLargeDark	    794.8477	   1707.03	    0.0	    00000000     00000000	   1	[      1]
403   	0     	      6	  NegLargeBright	    797.3320	   2484.38	    0.0	    00000000     00000000	   1	[      3]
404   	0     	      7	  NegSmallBright	    799.4727	   2140.62	    0.0	    00000000     00000000	   1	[      4]
405   	0     	      6	  NegLargeBright	    801.8477	   2375.00	    0.0	    00000000     00000000	   1	[      3]
406   	0     	    253	              ""	    804.5312	   2683.59	    0.0	    00000000     00000000	   1	[       ]
407   	0     	      5	    NegSmallDark	    805.5273	    996.09	    0.0	    00000000     00000000	   1	[      2]
408   	0     	      6	  NegLargeBright	    807.8828	   2355.47	    0.0	    00000000     00000000	   1	[      3]
409   	0     	      8	   NeutLargeDark	    809.9141	   2031.25	    0.0	    00000000     00000000	   1	[      5]
410   	0     	      4	    NegLargeDark	    812.3086	   2394.53	    0.0	    00000000     00000000	   1	[      1]
411   	0     	      5	    NegSmallDark	    814.7344	   2425.78	    0.0	    00000000     00000000	   1	[      2]
412   	0     	      6	  NegLargeBright	    816.9180	   2183.59	    0.0	    00000000     00000000	   1	[      3]
413   	0     	     11	 NeutSmallBright	    819.4102	   2492.19	    0.0	    00000000     00000000	   1	[      8]
414   	0     	      8	   NeutLargeDark	    821.6367	   2226.56	    0.0	    00000000     00000000	   1	[      5]
415   	0     	     11	 NeutSmallBright	    824.0703	   2433.59	    0.0	    00000000     00000000	   1	[      8]
416   	0     	     14	     condition14	    826.1953	   2125.00	    0.0	    00000000     00000000	   1	[       ]
417   	0     	      2	      condition2	    826.7930	    597.66	    0.0	    00000000     00000000	   1	[       ]
418   	0     	      9	   NeutSmallDark	    828.5078	   1714.84	    0.0	    00000000     00000000	   1	[      6]
419   	0     	      7	  NegSmallBright	    830.6406	   2132.81	    0.0	    00000000     00000000	   1	[      4]
420   	0     	      8	   NeutLargeDark	    833.1445	   2503.91	    0.0	    00000000     00000000	   1	[      5]
421   	0     	      5	    NegSmallDark	    835.2188	   2074.22	    0.0	    00000000     00000000	   1	[      2]
422   	0     	      5	    NegSmallDark	    837.3242	   2105.47	    0.0	    00000000     00000000	   1	[      2]
423   	0     	      8	   NeutLargeDark	    839.7461	   2421.88	    0.0	    00000000     00000000	   1	[      5]
424   	0     	      8	   NeutLargeDark	    842.1328	   2386.72	    0.0	    00000000     00000000	   1	[      5]
425   	0     	     11	 NeutSmallBright	    844.4258	   2292.97	    0.0	    00000000     00000000	   1	[      8]
426   	0     	     14	     condition14	    846.8516	   2425.78	    0.0	    00000000     00000000	   1	[       ]
427   	0     	      2	      condition2	    847.4180	    566.41	    0.0	    00000000     00000000	   1	[       ]
428   	0     	      7	  NegSmallBright	    848.9727	   1554.69	    0.0	    00000000     00000000	   1	[      4]
429   	0     	      4	    NegLargeDark	    851.4375	   2464.84	    0.0	    00000000     00000000	   1	[      1]
430   	0     	      4	    NegLargeDark	    853.9609	   2523.44	    0.0	    00000000     00000000	   1	[      1]
431   	0     	      5	    NegSmallDark	    856.1562	   2195.31	    0.0	    00000000     00000000	   1	[      2]
432   	0     	      6	  NegLargeBright	    858.3711	   2214.84	    0.0	    00000000     00000000	   1	[      3]
433   	0     	     11	 NeutSmallBright	    860.7734	   2402.34	    0.0	    00000000     00000000	   1	[      8]
434   	0     	      8	   NeutLargeDark	    863.2695	   2496.09	    0.0	    00000000     00000000	   1	[      5]
435   	0     	     12	     condition12	    865.7227	   2453.12	    0.0	    00000000     00000000	   1	[       ]
436   	0     	      2	      condition2	    866.2891	    566.41	    0.0	    00000000     00000000	   1	[       ]
437   	0     	      5	    NegSmallDark	    868.1055	   1816.41	    0.0	    00000000     00000000	   1	[      2]
438   	0     	      9	   NeutSmallDark	    870.2227	   2117.19	    0.0	    00000000     00000000	   1	[      6]
439   	0     	     10	 NeutLargeBright	    872.2852	   2062.50	    0.0	    00000000     00000000	   1	[      7]
440   	0     	      6	  NegLargeBright	    874.3398	   2054.69	    0.0	    00000000     00000000	   1	[      3]
441   	0     	     10	 NeutLargeBright	    876.5938	   2253.91	    0.0	    00000000     00000000	   1	[      7]
442   	0     	     11	 NeutSmallBright	    878.8359	   2242.19	    0.0	    00000000     00000000	   1	[      8]
443   	0     	     14	     condition14	    880.9805	   2144.53	    0.0	    00000000     00000000	   1	[       ]
444   	0     	      2	      condition2	    881.5586	    578.12	    0.0	    00000000     00000000	   1	[       ]
445   	0     	      9	   NeutSmallDark	    883.0430	   1484.38	    0.0	    00000000     00000000	   1	[      6]
446   	0     	      7	  NegSmallBright	    885.2188	   2175.78	    0.0	    00000000     00000000	   1	[      4]
447   	0     	      6	  NegLargeBright	    887.4102	   2191.41	    0.0	    00000000     00000000	   1	[      3]
448   	0     	     11	 NeutSmallBright	    889.6641	   2253.91	    0.0	    00000000     00000000	   1	[      8]
449   	0     	      6	  NegLargeBright	    891.8008	   2136.72	    0.0	    00000000     00000000	   1	[      3]
450   	0     	      8	   NeutLargeDark	    893.8438	   2042.97	    0.0	    00000000     00000000	   1	[      5]
451   	0     	     10	 NeutLargeBright	    895.8750	   2031.25	    0.0	    00000000     00000000	   1	[      7]
452   	0     	     10	 NeutLargeBright	    898.0508	   2175.78	    0.0	    00000000     00000000	   1	[      7]
453   	0     	     14	     condition14	    900.4961	   2445.31	    0.0	    00000000     00000000	   1	[       ]
454   	0     	      2	      condition2	    901.1797	    683.59	    0.0	    00000000     00000000	   1	[       ]
455   	0     	     11	 NeutSmallBright	    902.6797	   1500.00	    0.0	    00000000     00000000	   1	[      8]
456   	0     	      9	   NeutSmallDark	    904.7500	   2070.31	    0.0	    00000000     00000000	   1	[      6]
457   	0     	     15	     condition15	    907.1445	   2394.53	    0.0	    00000000     00000000	   1	[       ]
458   	0     	      2	      condition2	    907.8516	    707.03	    0.0	    00000000     00000000	   1	[       ]
459   	0     	     14	     condition14	    909.5898	   1738.28	    0.0	    00000000     00000000	   1	[       ]
460   	0     	      2	      condition2	    910.1680	    578.12	    0.0	    00000000     00000000	   1	[       ]
461   	0     	      9	   NeutSmallDark	    911.9258	   1757.81	    0.0	    00000000     00000000	   1	[      6]
462   	0     	     12	     condition12	    914.1562	   2230.47	    0.0	    00000000     00000000	   1	[       ]
463   	0     	      2	      condition2	    914.5430	    386.72	    0.0	    00000000     00000000	   1	[       ]
464   	0     	      5	    NegSmallDark	    916.2734	   1730.47	    0.0	    00000000     00000000	   1	[      2]
465   	0     	     10	 NeutLargeBright	    918.6953	   2421.88	    0.0	    00000000     00000000	   1	[      7]
466   	0     	      8	   NeutLargeDark	    920.8281	   2132.81	    0.0	    00000000     00000000	   1	[      5]
467   	0     	     10	 NeutLargeBright	    923.2656	   2437.50	    0.0	    00000000     00000000	   1	[      7]
468   	0     	      5	    NegSmallDark	    925.5898	   2324.22	    0.0	    00000000     00000000	   1	[      2]
469   	0     	      7	  NegSmallBright	    927.7539	   2164.06	    0.0	    00000000     00000000	   1	[      4]
470   	0     	     10	 NeutLargeBright	    930.1367	   2382.81	    0.0	    00000000     00000000	   1	[      7]
471   	0     	      9	   NeutSmallDark	    932.4219	   2285.16	    0.0	    00000000     00000000	   1	[      6]
472   	0     	      9	   NeutSmallDark	    934.6641	   2242.19	    0.0	    00000000     00000000	   1	[      6]
473   	0     	      4	    NegLargeDark	    937.1680	   2503.91	    0.0	    00000000     00000000	   1	[      1]
474   	0     	      4	    NegLargeDark	    939.5938	   2425.78	    0.0	    00000000     00000000	   1	[      1]
475   	0     	      6	  NegLargeBright	    941.9961	   2402.34	    0.0	    00000000     00000000	   1	[      3]
476   	0     	     11	 NeutSmallBright	    944.0898	   2093.75	    0.0	    00000000     00000000	   1	[      8]
477   	0     	      4	    NegLargeDark	    946.5156	   2425.78	    0.0	    00000000     00000000	   1	[      1]
478   	0     	      6	  NegLargeBright	    948.9883	   2472.66	    0.0	    00000000     00000000	   1	[      3]
479   	0     	     14	     condition14	    951.5156	   2527.34	    0.0	    00000000     00000000	   1	[       ]
480   	0     	      2	      condition2	    952.0938	    578.12	    0.0	    00000000     00000000	   1	[       ]
481   	0     	      4	    NegLargeDark	    953.6562	   1562.50	    0.0	    00000000     00000000	   1	[      1]
482   	0     	      4	    NegLargeDark	    955.8828	   2226.56	    0.0	    00000000     00000000	   1	[      1]
483   	0     	      9	   NeutSmallDark	    958.0664	   2183.59	    0.0	    00000000     00000000	   1	[      6]
484   	0     	     10	 NeutLargeBright	    960.4297	   2363.28	    0.0	    00000000     00000000	   1	[      7]
485   	0     	      8	   NeutLargeDark	    962.9023	   2472.66	    0.0	    00000000     00000000	   1	[      5]
486   	0     	    253	              ""	    965.7500	   2847.66	    0.0	    00000000     00000000	   1	[       ]
487   	0     	      7	  NegSmallBright	    966.7461	    996.09	    0.0	    00000000     00000000	   1	[      4]
488   	0     	     12	     condition12	    969.0703	   2324.22	    0.0	    00000000     00000000	   1	[       ]
489   	0     	      2	      condition2	    969.5742	    503.91	    0.0	    00000000     00000000	   1	[       ]
490   	0     	     14	     condition14	    971.2031	   1628.91	    0.0	    00000000     00000000	   1	[       ]
491   	0     	      2	      condition2	    971.6758	    472.66	    0.0	    00000000     00000000	   1	[       ]
492   	0     	      8	   NeutLargeDark	    973.5078	   1832.03	    0.0	    00000000     00000000	   1	[      5]
493   	0     	      4	    NegLargeDark	    975.9609	   2453.12	    0.0	    00000000     00000000	   1	[      1]
494   	0     	      5	    NegSmallDark	    978.3359	   2375.00	    0.0	    00000000     00000000	   1	[      2]
495   	0     	     14	     condition14	    980.6797	   2343.75	    0.0	    00000000     00000000	   1	[       ]
496   	0     	      2	      condition2	    981.2070	    527.34	    0.0	    00000000     00000000	   1	[       ]
497   	0     	     10	 NeutLargeBright	    982.8633	   1656.25	    0.0	    00000000     00000000	   1	[      7]
498   	0     	      5	    NegSmallDark	    984.9570	   2093.75	    0.0	    00000000     00000000	   1	[      2]
499   	0     	      4	    NegLargeDark	    987.1602	   2203.12	    0.0	    00000000     00000000	   1	[      1]
500   	0     	      7	  NegSmallBright	    989.4453	   2285.16	    0.0	    00000000     00000000	   1	[      4]
501   	0     	      5	    NegSmallDark	    991.5391	   2093.75	    0.0	    00000000     00000000	   1	[      2]
502   	0     	     10	 NeutLargeBright	    993.8125	   2273.44	    0.0	    00000000     00000000	   1	[      7]
503   	0     	      4	    NegLargeDark	    996.2461	   2433.59	    0.0	    00000000     00000000	   1	[      1]
504   	0     	      8	   NeutLargeDark	    998.7734	   2527.34	    0.0	    00000000     00000000	   1	[      5]
505   	0     	     10	 NeutLargeBright	   1000.8359	   2062.50	    0.0	    00000000     00000000	   1	[      7]
506   	0     	      8	   NeutLargeDark	   1003.1406	   2304.69	    0.0	    00000000     00000000	   1	[      5]
507   	0     	      4	    NegLargeDark	   1005.1836	   2042.97	    0.0	    00000000     00000000	   1	[      1]
508   	0     	     13	     condition13	   1007.3477	   2164.06	    0.0	    00000000     00000000	   1	[       ]
509   	0     	      2	      condition2	   1008.0547	    707.03	    0.0	    00000000     00000000	   1	[       ]
510   	0     	      8	   NeutLargeDark	   1009.8398	   1785.16	    0.0	    00000000     00000000	   1	[      5]
511   	0     	     10	 NeutLargeBright	   1012.1953	   2355.47	    0.0	    00000000     00000000	   1	[      7]
512   	0     	      7	  NegSmallBright	   1014.5508	   2355.47	    0.0	    00000000     00000000	   1	[      4]
513   	0     	      5	    NegSmallDark	   1016.8438	   2292.97	    0.0	    00000000     00000000	   1	[      2]
514   	0     	     12	     condition12	   1018.9180	   2074.22	    0.0	    00000000     00000000	   1	[       ]
515   	0     	      2	      condition2	   1019.4727	    554.69	    0.0	    00000000     00000000	   1	[       ]
516   	0     	      2	      condition2	   1019.6797	    207.03	    0.0	    00000000     00000000	   1	[       ]
517   	0     	      4	    NegLargeDark	   1021.1719	   1492.19	    0.0	    00000000     00000000	   1	[      1]
518   	0     	     11	 NeutSmallBright	   1023.3633	   2191.41	    0.0	    00000000     00000000	   1	[      8]
519   	0     	      5	    NegSmallDark	   1025.8594	   2496.09	    0.0	    00000000     00000000	   1	[      2]
520   	0     	      4	    NegLargeDark	   1028.3633	   2503.91	    0.0	    00000000     00000000	   1	[      1]
521   	0     	      6	  NegLargeBright	   1030.8086	   2445.31	    0.0	    00000000     00000000	   1	[      3]
522   	0     	      4	    NegLargeDark	   1033.1719	   2363.28	    0.0	    00000000     00000000	   1	[      1]
523   	0     	      6	  NegLargeBright	   1035.2461	   2074.22	    0.0	    00000000     00000000	   1	[      3]
524   	0     	     10	 NeutLargeBright	   1037.3516	   2105.47	    0.0	    00000000     00000000	   1	[      7]
525   	0     	      6	  NegLargeBright	   1039.4844	   2132.81	    0.0	    00000000     00000000	   1	[      3]
526   	0     	     15	     condition15	   1041.9688	   2484.38	    0.0	    00000000     00000000	   1	[       ]
527   	0     	      2	      condition2	   1042.7188	    750.00	    0.0	    00000000     00000000	   1	[       ]
528   	0     	     12	     condition12	   1044.0312	   1312.50	    0.0	    00000000     00000000	   1	[       ]
529   	0     	      2	      condition2	   1044.5117	    480.47	    0.0	    00000000     00000000	   1	[       ]
530   	0     	      4	    NegLargeDark	   1046.2539	   1742.19	    0.0	    00000000     00000000	   1	[      1]
531   	0     	     12	     condition12	   1048.5898	   2335.94	    0.0	    00000000     00000000	   1	[       ]
532   	0     	      2	      condition2	   1049.2500	    660.16	    0.0	    00000000     00000000	   1	[       ]
533   	0     	     11	 NeutSmallBright	   1050.8828	   1632.81	    0.0	    00000000     00000000	   1	[      8]
534   	0     	     12	     condition12	   1052.9258	   2042.97	    0.0	    00000000     00000000	   1	[       ]
535   	0     	      2	      condition2	   1053.3906	    464.84	    0.0	    00000000     00000000	   1	[       ]
536   	0     	     11	 NeutSmallBright	   1054.9922	   1601.56	    0.0	    00000000     00000000	   1	[      8]
537   	0     	     11	 NeutSmallBright	   1057.0742	   2082.03	    0.0	    00000000     00000000	   1	[      8]
538   	0     	     10	 NeutLargeBright	   1059.3164	   2242.19	    0.0	    00000000     00000000	   1	[      7]
539   	0     	      8	   NeutLargeDark	   1061.5508	   2234.38	    0.0	    00000000     00000000	   1	[      5]
540   	0     	      8	   NeutLargeDark	   1063.6875	   2136.72	    0.0	    00000000     00000000	   1	[      5]
541   	0     	     11	 NeutSmallBright	   1065.9688	   2281.25	    0.0	    00000000     00000000	   1	[      8]
542   	0     	      5	    NegSmallDark	   1068.1836	   2214.84	    0.0	    00000000     00000000	   1	[      2]
543   	0     	     11	 NeutSmallBright	   1070.6797	   2496.09	    0.0	    00000000     00000000	   1	[      8]
544   	0     	     12	     condition12	   1073.0508	   2371.09	    0.0	    00000000     00000000	   1	[       ]
545   	0     	      2	      condition2	   1073.5664	    515.62	    0.0	    00000000     00000000	   1	[       ]
546   	0     	     12	     condition12	   1075.5469	   1980.47	    0.0	    00000000     00000000	   1	[       ]
547   	0     	      2	      condition2	   1076.0820	    535.16	    0.0	    00000000     00000000	   1	[       ]
548   	0     	     10	 NeutLargeBright	   1077.6523	   1570.31	    0.0	    00000000     00000000	   1	[      7]
549   	0     	     10	 NeutLargeBright	   1080.0742	   2421.88	    0.0	    00000000     00000000	   1	[      7]
550   	0     	      4	    NegLargeDark	   1082.1289	   2054.69	    0.0	    00000000     00000000	   1	[      1]
551   	0     	     15	     condition15	   1084.5742	   2445.31	    0.0	    00000000     00000000	   1	[       ]
552   	0     	      2	      condition2	   1085.2188	    644.53	    0.0	    00000000     00000000	   1	[       ]
553   	0     	      6	  NegLargeBright	   1086.8359	   1617.19	    0.0	    00000000     00000000	   1	[      3]
554   	0     	      9	   NeutSmallDark	   1089.3203	   2484.38	    0.0	    00000000     00000000	   1	[      6]
555   	0     	     10	 NeutLargeBright	   1091.8164	   2496.09	    0.0	    00000000     00000000	   1	[      7]
556   	0     	      4	    NegLargeDark	   1093.9609	   2144.53	    0.0	    00000000     00000000	   1	[      1]
557   	0     	      5	    NegSmallDark	   1096.0117	   2050.78	    0.0	    00000000     00000000	   1	[      2]
558   	0     	      7	  NegSmallBright	   1098.3359	   2324.22	    0.0	    00000000     00000000	   1	[      4]
559   	0     	      8	   NeutLargeDark	   1100.6523	   2316.41	    0.0	    00000000     00000000	   1	[      5]
560   	0     	      4	    NegLargeDark	   1103.0352	   2382.81	    0.0	    00000000     00000000	   1	[      1]
561   	0     	      9	   NeutSmallDark	   1105.2305	   2195.31	    0.0	    00000000     00000000	   1	[      6]
562   	0     	      4	    NegLargeDark	   1107.7422	   2511.72	    0.0	    00000000     00000000	   1	[      1]
563   	0     	      8	   NeutLargeDark	   1110.2695	   2527.34	    0.0	    00000000     00000000	   1	[      5]
564   	0     	     11	 NeutSmallBright	   1112.4219	   2152.34	    0.0	    00000000     00000000	   1	[      8]
565   	0     	     11	 NeutSmallBright	   1114.8672	   2445.31	    0.0	    00000000     00000000	   1	[      8]
566   	0     	      8	   NeutLargeDark	   1117.0508	   2183.59	    0.0	    00000000     00000000	   1	[      5]
567   	0     	      5	    NegSmallDark	   1119.4727	   2421.88	    0.0	    00000000     00000000	   1	[      2]
568   	0     	     11	 NeutSmallBright	   1121.7461	   2273.44	    0.0	    00000000     00000000	   1	[      8]
569   	0     	      4	    NegLargeDark	   1123.8125	   2066.41	    0.0	    00000000     00000000	   1	[      1]
570   	0     	    253	              ""	   1125.6719	   1859.38	    0.0	    00000000     00000000	   1	[       ]
571   	0     	     13	     condition13	   1126.6680	    996.09	    0.0	    00000000     00000000	   1	[       ]
572   	0     	      2	      condition2	   1127.2344	    566.41	    0.0	    00000000     00000000	   1	[       ]
573   	0     	     11	 NeutSmallBright	   1129.0625	   1828.12	    0.0	    00000000     00000000	   1	[      8]
574   	0     	      7	  NegSmallBright	   1131.2070	   2144.53	    0.0	    00000000     00000000	   1	[      4]
575   	0     	      9	   NeutSmallDark	   1133.3320	   2125.00	    0.0	    00000000     00000000	   1	[      6]
576   	0     	      4	    NegLargeDark	   1135.4570	   2125.00	    0.0	    00000000     00000000	   1	[      1]
577   	0     	      6	  NegLargeBright	   1137.6875	   2230.47	    0.0	    00000000     00000000	   1	[      3]
578   	0     	      9	   NeutSmallDark	   1139.7227	   2035.16	    0.0	    00000000     00000000	   1	[      6]
579   	0     	      7	  NegSmallBright	   1141.7461	   2023.44	    0.0	    00000000     00000000	   1	[      4]
580   	0     	      9	   NeutSmallDark	   1144.0000	   2253.91	    0.0	    00000000     00000000	   1	[      6]
581   	0     	      5	    NegSmallDark	   1146.0352	   2035.16	    0.0	    00000000     00000000	   1	[      2]
582   	0     	      6	  NegLargeBright	   1148.1875	   2152.34	    0.0	    00000000     00000000	   1	[      3]
583   	0     	     15	     condition15	   1150.2695	   2082.03	    0.0	    00000000     00000000	   1	[       ]
584   	0     	      2	      condition2	   1151.0352	    765.62	    0.0	    00000000     00000000	   1	[       ]
585   	0     	      7	  NegSmallBright	   1152.5664	   1531.25	    0.0	    00000000     00000000	   1	[      4]
586   	0     	      9	   NeutSmallDark	   1155.0703	   2503.91	    0.0	    00000000     00000000	   1	[      6]
587   	0     	      4	    NegLargeDark	   1157.2539	   2183.59	    0.0	    00000000     00000000	   1	[      1]
588   	0     	      4	    NegLargeDark	   1159.3672	   2113.28	    0.0	    00000000     00000000	   1	[      1]
589   	0     	     10	 NeutLargeBright	   1161.7031	   2335.94	    0.0	    00000000     00000000	   1	[      7]
590   	0     	     12	     condition12	   1164.0039	   2300.78	    0.0	    00000000     00000000	   1	[       ]
591   	0     	      2	      condition2	   1164.6562	    652.34	    0.0	    00000000     00000000	   1	[       ]
592   	0     	      6	  NegLargeBright	   1166.2578	   1601.56	    0.0	    00000000     00000000	   1	[      3]
593   	0     	     11	 NeutSmallBright	   1168.5547	   2296.88	    0.0	    00000000     00000000	   1	[      8]
594   	0     	      5	    NegSmallDark	   1170.6367	   2082.03	    0.0	    00000000     00000000	   1	[      2]
595   	0     	      5	    NegSmallDark	   1172.7617	   2125.00	    0.0	    00000000     00000000	   1	[      2]
596   	0     	      8	   NeutLargeDark	   1175.1133	   2351.56	    0.0	    00000000     00000000	   1	[      5]
597   	0     	      4	    NegLargeDark	   1177.5078	   2394.53	    0.0	    00000000     00000000	   1	[      1]
598   	0     	     11	 NeutSmallBright	   1179.5430	   2035.16	    0.0	    00000000     00000000	   1	[      8]
599   	0     	     10	 NeutLargeBright	   1181.6367	   2093.75	    0.0	    00000000     00000000	   1	[      7]
600   	0     	      4	    NegLargeDark	   1183.9609	   2324.22	    0.0	    00000000     00000000	   1	[      1]
601   	0     	      5	    NegSmallDark	   1186.0156	   2054.69	    0.0	    00000000     00000000	   1	[      2]
602   	0     	     10	 NeutLargeBright	   1188.1562	   2140.62	    0.0	    00000000     00000000	   1	[      7]
603   	0     	      8	   NeutLargeDark	   1190.3633	   2207.03	    0.0	    00000000     00000000	   1	[      5]
604   	0     	      6	  NegLargeBright	   1192.5273	   2164.06	    0.0	    00000000     00000000	   1	[      3]
605   	0     	     10	 NeutLargeBright	   1194.8906	   2363.28	    0.0	    00000000     00000000	   1	[      7]
606   	0     	     13	     condition13	   1197.0117	   2121.09	    0.0	    00000000     00000000	   1	[       ]
607   	0     	      2	      condition2	   1197.4570	    445.31	    0.0	    00000000     00000000	   1	[       ]
608   	0     	      9	   NeutSmallDark	   1199.3789	   1921.88	    0.0	    00000000     00000000	   1	[      6]
609   	0     	      8	   NeutLargeDark	   1201.5312	   2152.34	    0.0	    00000000     00000000	   1	[      5]
610   	0     	      5	    NegSmallDark	   1203.8359	   2304.69	    0.0	    00000000     00000000	   1	[      2]
611   	0     	     13	     condition13	   1206.1211	   2285.16	    0.0	    00000000     00000000	   1	[       ]
612   	0     	      2	      condition2	   1206.6289	    507.81	    0.0	    00000000     00000000	   1	[       ]
613   	0     	     15	     condition15	   1208.4141	   1785.16	    0.0	    00000000     00000000	   1	[       ]
614   	0     	      2	      condition2	   1209.2188	    804.69	    0.0	    00000000     00000000	   1	[       ]
615   	0     	     10	 NeutLargeBright	   1210.8164	   1597.66	    0.0	    00000000     00000000	   1	[      7]
616   	0     	      7	  NegSmallBright	   1212.8828	   2066.41	    0.0	    00000000     00000000	   1	[      4]
617   	0     	      6	  NegLargeBright	   1215.3359	   2453.12	    0.0	    00000000     00000000	   1	[      3]
618   	0     	      8	   NeutLargeDark	   1217.7305	   2394.53	    0.0	    00000000     00000000	   1	[      5]
619   	0     	      8	   NeutLargeDark	   1219.8516	   2121.09	    0.0	    00000000     00000000	   1	[      5]
620   	0     	     12	     condition12	   1221.9258	   2074.22	    0.0	    00000000     00000000	   1	[       ]
621   	0     	      2	      condition2	   1222.4102	    484.38	    0.0	    00000000     00000000	   1	[       ]
622   	0     	      7	  NegSmallBright	   1224.0508	   1640.62	    0.0	    00000000     00000000	   1	[      4]
623   	0     	      4	    NegLargeDark	   1226.3242	   2273.44	    0.0	    00000000     00000000	   1	[      1]
624   	0     	     15	     condition15	   1228.7695	   2445.31	    0.0	    00000000     00000000	   1	[       ]
625   	0     	      2	      condition2	   1229.8242	   1054.69	    0.0	    00000000     00000000	   1	[       ]
626   	0     	      5	    NegSmallDark	   1230.9023	   1078.12	    0.0	    00000000     00000000	   1	[      2]
627   	0     	      5	    NegSmallDark	   1232.9766	   2074.22	    0.0	    00000000     00000000	   1	[      2]
628   	0     	      9	   NeutSmallDark	   1235.0586	   2082.03	    0.0	    00000000     00000000	   1	[      6]
629   	0     	      5	    NegSmallDark	   1237.4453	   2386.72	    0.0	    00000000     00000000	   1	[      2]
630   	0     	     11	 NeutSmallBright	   1239.9375	   2492.19	    0.0	    00000000     00000000	   1	[      8]
631   	0     	      8	   NeutLargeDark	   1242.1719	   2234.38	    0.0	    00000000     00000000	   1	[      5]
632   	0     	     10	 NeutLargeBright	   1244.5469	   2375.00	    0.0	    00000000     00000000	   1	[      7]
633   	0     	      9	   NeutSmallDark	   1246.6406	   2093.75	    0.0	    00000000     00000000	   1	[      6]
634   	0     	      7	  NegSmallBright	   1248.7227	   2082.03	    0.0	    00000000     00000000	   1	[      4]
635   	0     	     10	 NeutLargeBright	   1250.8398	   2117.19	    0.0	    00000000     00000000	   1	[      7]
636   	0     	      5	    NegSmallDark	   1252.9805	   2140.62	    0.0	    00000000     00000000	   1	[      2]
637   	0     	      6	  NegLargeBright	   1255.4844	   2503.91	    0.0	    00000000     00000000	   1	[      3]
638   	0     	     11	 NeutSmallBright	   1257.5898	   2105.47	    0.0	    00000000     00000000	   1	[      8]
639   	0     	      7	  NegSmallBright	   1259.7852	   2195.31	    0.0	    00000000     00000000	   1	[      4]
640   	0     	      6	  NegLargeBright	   1262.1172	   2332.03	    0.0	    00000000     00000000	   1	[      3]
641   	0     	      5	    NegSmallDark	   1264.3906	   2273.44	    0.0	    00000000     00000000	   1	[      2]
642   	0     	      4	    NegLargeDark	   1266.5469	   2156.25	    0.0	    00000000     00000000	   1	[      1]
643   	0     	      6	  NegLargeBright	   1268.8086	   2261.72	    0.0	    00000000     00000000	   1	[      3]
644   	0     	      8	   NeutLargeDark	   1271.0938	   2285.16	    0.0	    00000000     00000000	   1	[      5]
645   	0     	     11	 NeutSmallBright	   1273.2070	   2113.28	    0.0	    00000000     00000000	   1	[      8]
646   	0     	     11	 NeutSmallBright	   1275.5312	   2324.22	    0.0	    00000000     00000000	   1	[      8]
647   	0     	     11	 NeutSmallBright	   1277.8359	   2304.69	    0.0	    00000000     00000000	   1	[      8]
648   	0     	      9	   NeutSmallDark	   1280.2383	   2402.34	    0.0	    00000000     00000000	   1	[      6]
