#  Non-editable header begin --------------------------------------------------------------------------------
# 
#  data format...............: continuous
#  setname...................: BDF file
#  filename..................: none_specified
#  filepath..................: none_specified
#  nchan.....................: 64
#  pnts......................: 328704
#  srate.....................: 256
#  nevents...................: 639
#  generated by (bdf)........: 
#  generated by (set)........: BDF file
#  reported in ..............: 
#  prog Version..............: 8.02
#  creation date.............: 16-Nov-2020 14:42:14
#  user Account..............: 
# 
#  Non-editable header end --------------------------------------------------------------------------------

	bin 1,	# 60,	NegLargeDark
	bin 2,	# 60,	NegSmallDark
	bin 3,	# 60,	NegLargeBright
	bin 4,	# 60,	NegSmallBright
	bin 5,	# 60,	NeutLargeDark
	bin 6,	# 60,	NeutSmallDark
	bin 7,	# 60,	NeutLargeBright
	bin 8,	# 60,	NeutSmallBright



# item	 bepoch	  ecode	            label	      onset	          diff	     dura	b_flags	   a_flags	  enable	    bin
#                                                 (sec)           (msec)     (msec)    (binary)   (binary)


1     	0     	    253	              ""	      0.0625	      0.00	    0.0	    00000000     00000000	   1	[       ]
2     	0     	      8	   NeutLargeDark	      1.0820	   1019.53	    0.0	    00000000     00000000	   1	[      5]
3     	0     	     15	     condition15	      3.2148	   2132.81	    0.0	    00000000     00000000	   1	[       ]
4     	0     	      2	      condition2	      3.9961	    781.25	    0.0	    00000000     00000000	   1	[       ]
5     	0     	      6	  NegLargeBright	      5.7500	   1753.91	    0.0	    00000000     00000000	   1	[      3]
6     	0     	     11	 NeutSmallBright	      8.1133	   2363.28	    0.0	    00000000     00000000	   1	[      8]
7     	0     	     11	 NeutSmallBright	     10.1680	   2054.69	    0.0	    00000000     00000000	   1	[      8]
8     	0     	      5	    NegSmallDark	     12.5234	   2355.47	    0.0	    00000000     00000000	   1	[      2]
9     	0     	      8	   NeutLargeDark	     14.9766	   2453.12	    0.0	    00000000     00000000	   1	[      5]
10    	0     	      8	   NeutLargeDark	     17.4414	   2464.84	    0.0	    00000000     00000000	   1	[      5]
11    	0     	      7	  NegSmallBright	     19.5625	   2121.09	    0.0	    00000000     00000000	   1	[      4]
12    	0     	      9	   NeutSmallDark	     21.8398	   2277.34	    0.0	    00000000     00000000	   1	[      6]
13    	0     	     11	 NeutSmallBright	     24.2617	   2421.88	    0.0	    00000000     00000000	   1	[      8]
14    	0     	     10	 NeutLargeBright	     26.6875	   2425.78	    0.0	    00000000     00000000	   1	[      7]
15    	0     	      5	    NegSmallDark	     28.8008	   2113.28	    0.0	    00000000     00000000	   1	[      2]
16    	0     	      7	  NegSmallBright	     31.2539	   2453.12	    0.0	    00000000     00000000	   1	[      4]
17    	0     	     11	 NeutSmallBright	     33.4570	   2203.12	    0.0	    00000000     00000000	   1	[      8]
18    	0     	     15	     condition15	     35.8320	   2375.00	    0.0	    00000000     00000000	   1	[       ]
19    	0     	      2	      condition2	     36.4805	    648.44	    0.0	    00000000     00000000	   1	[       ]
20    	0     	      7	  NegSmallBright	     38.1953	   1714.84	    0.0	    00000000     00000000	   1	[      4]
21    	0     	     13	     condition13	     40.4023	   2207.03	    0.0	    00000000     00000000	   1	[       ]
22    	0     	      2	      condition2	     41.2617	    859.38	    0.0	    00000000     00000000	   1	[       ]
23    	0     	     13	     condition13	     42.4844	   1222.66	    0.0	    00000000     00000000	   1	[       ]
24    	0     	      2	      condition2	     42.9258	    441.41	    0.0	    00000000     00000000	   1	[       ]
25    	0     	      6	  NegLargeBright	     44.8594	   1933.59	    0.0	    00000000     00000000	   1	[      3]
26    	0     	      9	   NeutSmallDark	     47.0508	   2191.41	    0.0	    00000000     00000000	   1	[      6]
27    	0     	     10	 NeutLargeBright	     49.2461	   2195.31	    0.0	    00000000     00000000	   1	[      7]
28    	0     	      4	    NegLargeDark	     51.4609	   2214.84	    0.0	    00000000     00000000	   1	[      1]
29    	0     	     13	     condition13	     53.9336	   2472.66	    0.0	    00000000     00000000	   1	[       ]
30    	0     	      2	      condition2	     54.4297	    496.09	    0.0	    00000000     00000000	   1	[       ]
31    	0     	      7	  NegSmallBright	     56.0703	   1640.62	    0.0	    00000000     00000000	   1	[      4]
32    	0     	     10	 NeutLargeBright	     58.1523	   2082.03	    0.0	    00000000     00000000	   1	[      7]
33    	0     	     11	 NeutSmallBright	     60.5078	   2355.47	    0.0	    00000000     00000000	   1	[      8]
34    	0     	      5	    NegSmallDark	     62.8008	   2292.97	    0.0	    00000000     00000000	   1	[      2]
35    	0     	      4	    NegLargeDark	     64.8438	   2042.97	    0.0	    00000000     00000000	   1	[      1]
36    	0     	      9	   NeutSmallDark	     67.0078	   2164.06	    0.0	    00000000     00000000	   1	[      6]
37    	0     	      8	   NeutLargeDark	     69.0703	   2062.50	    0.0	    00000000     00000000	   1	[      5]
38    	0     	      5	    NegSmallDark	     71.3867	   2316.41	    0.0	    00000000     00000000	   1	[      2]
39    	0     	      5	    NegSmallDark	     73.7305	   2343.75	    0.0	    00000000     00000000	   1	[      2]
40    	0     	     10	 NeutLargeBright	     76.0820	   2351.56	    0.0	    00000000     00000000	   1	[      7]
41    	0     	      4	    NegLargeDark	     78.1758	   2093.75	    0.0	    00000000     00000000	   1	[      1]
42    	0     	      4	    NegLargeDark	     80.3906	   2214.84	    0.0	    00000000     00000000	   1	[      1]
43    	0     	     14	     condition14	     82.6562	   2265.62	    0.0	    00000000     00000000	   1	[       ]
44    	0     	      2	      condition2	     83.2383	    582.03	    0.0	    00000000     00000000	   1	[       ]
45    	0     	     10	 NeutLargeBright	     84.9180	   1679.69	    0.0	    00000000     00000000	   1	[      7]
46    	0     	      9	   NeutSmallDark	     87.2422	   2324.22	    0.0	    00000000     00000000	   1	[      6]
47    	0     	      4	    NegLargeDark	     89.6172	   2375.00	    0.0	    00000000     00000000	   1	[      1]
48    	0     	     11	 NeutSmallBright	     91.9727	   2355.47	    0.0	    00000000     00000000	   1	[      8]
49    	0     	      2	      condition2	     92.9219	    949.22	    0.0	    00000000     00000000	   1	[       ]
50    	0     	      5	    NegSmallDark	     94.2266	   1304.69	    0.0	    00000000     00000000	   1	[      2]
51    	0     	      8	   NeutLargeDark	     96.6914	   2464.84	    0.0	    00000000     00000000	   1	[      5]
52    	0     	      6	  NegLargeBright	     99.1641	   2472.66	    0.0	    00000000     00000000	   1	[      3]
53    	0     	      4	    NegLargeDark	    101.6094	   2445.31	    0.0	    00000000     00000000	   1	[      1]
54    	0     	      6	  NegLargeBright	    103.8008	   2191.41	    0.0	    00000000     00000000	   1	[      3]
55    	0     	     11	 NeutSmallBright	    106.2656	   2464.84	    0.0	    00000000     00000000	   1	[      8]
56    	0     	     15	     condition15	    108.7617	   2496.09	    0.0	    00000000     00000000	   1	[       ]
57    	0     	      2	      condition2	    109.5391	    777.34	    0.0	    00000000     00000000	   1	[       ]
58    	0     	      9	   NeutSmallDark	    110.7930	   1253.91	    0.0	    00000000     00000000	   1	[      6]
59    	0     	      8	   NeutLargeDark	    112.9180	   2125.00	    0.0	    00000000     00000000	   1	[      5]
60    	0     	     11	 NeutSmallBright	    115.1328	   2214.84	    0.0	    00000000     00000000	   1	[      8]
61    	0     	      8	   NeutLargeDark	    117.2070	   2074.22	    0.0	    00000000     00000000	   1	[      5]
62    	0     	     10	 NeutLargeBright	    119.3281	   2121.09	    0.0	    00000000     00000000	   1	[      7]
63    	0     	     11	 NeutSmallBright	    121.5820	   2253.91	    0.0	    00000000     00000000	   1	[      8]
64    	0     	     11	 NeutSmallBright	    123.9570	   2375.00	    0.0	    00000000     00000000	   1	[      8]
65    	0     	      9	   NeutSmallDark	    125.9922	   2035.16	    0.0	    00000000     00000000	   1	[      6]
66    	0     	      6	  NegLargeBright	    128.2969	   2304.69	    0.0	    00000000     00000000	   1	[      3]
67    	0     	      4	    NegLargeDark	    130.6914	   2394.53	    0.0	    00000000     00000000	   1	[      1]
68    	0     	      5	    NegSmallDark	    132.7734	   2082.03	    0.0	    00000000     00000000	   1	[      2]
69    	0     	      6	  NegLargeBright	    134.9766	   2203.12	    0.0	    00000000     00000000	   1	[      3]
70    	0     	      5	    NegSmallDark	    137.2109	   2234.38	    0.0	    00000000     00000000	   1	[      2]
71    	0     	      8	   NeutLargeDark	    139.3945	   2183.59	    0.0	    00000000     00000000	   1	[      5]
72    	0     	      9	   NeutSmallDark	    141.5273	   2132.81	    0.0	    00000000     00000000	   1	[      6]
73    	0     	     12	     condition12	    143.7422	   2214.84	    0.0	    00000000     00000000	   1	[       ]
74    	0     	      2	      condition2	    144.2539	    511.72	    0.0	    00000000     00000000	   1	[       ]
75    	0     	      5	    NegSmallDark	    145.8281	   1574.22	    0.0	    00000000     00000000	   1	[      2]
76    	0     	      8	   NeutLargeDark	    148.0703	   2242.19	    0.0	    00000000     00000000	   1	[      5]
77    	0     	      8	   NeutLargeDark	    150.6133	   2542.97	    0.0	    00000000     00000000	   1	[      5]
78    	0     	      4	    NegLargeDark	    152.8086	   2195.31	    0.0	    00000000     00000000	   1	[      1]
79    	0     	     10	 NeutLargeBright	    155.1719	   2363.28	    0.0	    00000000     00000000	   1	[      7]
80    	0     	      9	   NeutSmallDark	    157.5352	   2363.28	    0.0	    00000000     00000000	   1	[      6]
81    	0     	     10	 NeutLargeBright	    160.3594	   2824.22	    0.0	    00000000     00000000	   1	[      7]
82    	0     	      7	  NegSmallBright	    162.6211	   2261.72	    0.0	    00000000     00000000	   1	[      4]
83    	0     	     13	     condition13	    165.1484	   2527.34	    0.0	    00000000     00000000	   1	[       ]
84    	0     	      2	      condition2	    165.6172	    468.75	    0.0	    00000000     00000000	   1	[       ]
85    	0     	     12	     condition12	    167.6523	   2035.16	    0.0	    00000000     00000000	   1	[       ]
86    	0     	      2	      condition2	    168.1484	    496.09	    0.0	    00000000     00000000	   1	[       ]
87    	0     	      9	   NeutSmallDark	    170.1562	   2007.81	    0.0	    00000000     00000000	   1	[      6]
88    	0     	      7	  NegSmallBright	    172.2383	   2082.03	    0.0	    00000000     00000000	   1	[      4]
89    	0     	      4	    NegLargeDark	    174.4336	   2195.31	    0.0	    00000000     00000000	   1	[      1]
90    	0     	     10	 NeutLargeBright	    176.9062	   2472.66	    0.0	    00000000     00000000	   1	[      7]
91    	0     	      6	  NegLargeBright	    179.2305	   2324.22	    0.0	    00000000     00000000	   1	[      3]
92    	0     	      6	  NegLargeBright	    181.3242	   2093.75	    0.0	    00000000     00000000	   1	[      3]
93    	0     	     14	     condition14	    183.8398	   2515.62	    0.0	    00000000     00000000	   1	[       ]
94    	0     	      2	      condition2	    184.4297	    589.84	    0.0	    00000000     00000000	   1	[       ]
95    	0     	      7	  NegSmallBright	    185.9922	   1562.50	    0.0	    00000000     00000000	   1	[      4]
96    	0     	     15	     condition15	    188.3555	   2363.28	    0.0	    00000000     00000000	   1	[       ]
97    	0     	      2	      condition2	    189.0039	    648.44	    0.0	    00000000     00000000	   1	[       ]
98    	0     	     14	     condition14	    190.4414	   1437.50	    0.0	    00000000     00000000	   1	[       ]
99    	0     	      2	      condition2	    191.3828	    941.41	    0.0	    00000000     00000000	   1	[       ]
100   	0     	      7	  NegSmallBright	    192.4844	   1101.56	    0.0	    00000000     00000000	   1	[      4]
101   	0     	      9	   NeutSmallDark	    194.8281	   2343.75	    0.0	    00000000     00000000	   1	[      6]
102   	0     	     11	 NeutSmallBright	    197.2734	   2445.31	    0.0	    00000000     00000000	   1	[      8]
103   	0     	      8	   NeutLargeDark	    199.6758	   2402.34	    0.0	    00000000     00000000	   1	[      5]
104   	0     	      8	   NeutLargeDark	    201.7500	   2074.22	    0.0	    00000000     00000000	   1	[      5]
105   	0     	      4	    NegLargeDark	    204.1055	   2355.47	    0.0	    00000000     00000000	   1	[      1]
106   	0     	      5	    NegSmallDark	    206.5586	   2453.12	    0.0	    00000000     00000000	   1	[      2]
107   	0     	      4	    NegLargeDark	    209.0547	   2496.09	    0.0	    00000000     00000000	   1	[      1]
108   	0     	      5	    NegSmallDark	    211.1289	   2074.22	    0.0	    00000000     00000000	   1	[      2]
109   	0     	      4	    NegLargeDark	    213.1797	   2050.78	    0.0	    00000000     00000000	   1	[      1]
110   	0     	      5	    NegSmallDark	    215.3750	   2195.31	    0.0	    00000000     00000000	   1	[      2]
111   	0     	     12	     condition12	    217.6992	   2324.22	    0.0	    00000000     00000000	   1	[       ]
112   	0     	      2	      condition2	    218.4258	    726.56	    0.0	    00000000     00000000	   1	[       ]
113   	0     	     10	 NeutLargeBright	    219.9922	   1566.41	    0.0	    00000000     00000000	   1	[      7]
114   	0     	      4	    NegLargeDark	    222.4688	   2476.56	    0.0	    00000000     00000000	   1	[      1]
115   	0     	      7	  NegSmallBright	    224.8633	   2394.53	    0.0	    00000000     00000000	   1	[      4]
116   	0     	      9	   NeutSmallDark	    227.1758	   2312.50	    0.0	    00000000     00000000	   1	[      6]
117   	0     	     14	     condition14	    229.4102	   2234.38	    0.0	    00000000     00000000	   1	[       ]
118   	0     	      2	      condition2	    229.9219	    511.72	    0.0	    00000000     00000000	   1	[       ]
119   	0     	     15	     condition15	    231.5117	   1589.84	    0.0	    00000000     00000000	   1	[       ]
120   	0     	      2	      condition2	    232.3125	    800.78	    0.0	    00000000     00000000	   1	[       ]
121   	0     	     10	 NeutLargeBright	    234.0195	   1707.03	    0.0	    00000000     00000000	   1	[      7]
122   	0     	      6	  NegLargeBright	    236.2812	   2261.72	    0.0	    00000000     00000000	   1	[      3]
123   	0     	     11	 NeutSmallBright	    238.7148	   2433.59	    0.0	    00000000     00000000	   1	[      8]
124   	0     	      7	  NegSmallBright	    240.8398	   2125.00	    0.0	    00000000     00000000	   1	[      4]
125   	0     	      6	  NegLargeBright	    242.9414	   2101.56	    0.0	    00000000     00000000	   1	[      3]
126   	0     	      8	   NeutLargeDark	    245.2891	   2347.66	    0.0	    00000000     00000000	   1	[      5]
127   	0     	      5	    NegSmallDark	    247.7109	   2421.88	    0.0	    00000000     00000000	   1	[      2]
128   	0     	      4	    NegLargeDark	    249.8555	   2144.53	    0.0	    00000000     00000000	   1	[      1]
129   	0     	     10	 NeutLargeBright	    252.0078	   2152.34	    0.0	    00000000     00000000	   1	[      7]
130   	0     	     10	 NeutLargeBright	    254.3828	   2375.00	    0.0	    00000000     00000000	   1	[      7]
131   	0     	     10	 NeutLargeBright	    256.7383	   2355.47	    0.0	    00000000     00000000	   1	[      7]
132   	0     	      6	  NegLargeBright	    259.2734	   2535.16	    0.0	    00000000     00000000	   1	[      3]
133   	0     	     11	 NeutSmallBright	    261.4766	   2203.12	    0.0	    00000000     00000000	   1	[      8]
134   	0     	      4	    NegLargeDark	    263.8516	   2375.00	    0.0	    00000000     00000000	   1	[      1]
135   	0     	      5	    NegSmallDark	    266.0430	   2191.41	    0.0	    00000000     00000000	   1	[      2]
136   	0     	     11	 NeutSmallBright	    268.0664	   2023.44	    0.0	    00000000     00000000	   1	[      8]
137   	0     	     11	 NeutSmallBright	    270.3711	   2304.69	    0.0	    00000000     00000000	   1	[      8]
138   	0     	      4	    NegLargeDark	    272.7070	   2335.94	    0.0	    00000000     00000000	   1	[      1]
139   	0     	     12	     condition12	    275.0000	   2292.97	    0.0	    00000000     00000000	   1	[       ]
140   	0     	      2	      condition2	    275.5430	    542.97	    0.0	    00000000     00000000	   1	[       ]
141   	0     	     11	 NeutSmallBright	    277.2227	   1679.69	    0.0	    00000000     00000000	   1	[      8]
142   	0     	     10	 NeutLargeBright	    279.5391	   2316.41	    0.0	    00000000     00000000	   1	[      7]
143   	0     	     11	 NeutSmallBright	    281.7109	   2171.88	    0.0	    00000000     00000000	   1	[      8]
144   	0     	      8	   NeutLargeDark	    283.9141	   2203.12	    0.0	    00000000     00000000	   1	[      5]
145   	0     	      6	  NegLargeBright	    286.2891	   2375.00	    0.0	    00000000     00000000	   1	[      3]
146   	0     	      7	  NegSmallBright	    288.7031	   2414.06	    0.0	    00000000     00000000	   1	[      4]
147   	0     	     13	     condition13	    291.1094	   2406.25	    0.0	    00000000     00000000	   1	[       ]
148   	0     	      2	      condition2	    291.6094	    500.00	    0.0	    00000000     00000000	   1	[       ]
149   	0     	      7	  NegSmallBright	    293.4219	   1812.50	    0.0	    00000000     00000000	   1	[      4]
150   	0     	      4	    NegLargeDark	    295.5977	   2175.78	    0.0	    00000000     00000000	   1	[      1]
151   	0     	     10	 NeutLargeBright	    298.1094	   2511.72	    0.0	    00000000     00000000	   1	[      7]
152   	0     	     13	     condition13	    300.4844	   2375.00	    0.0	    00000000     00000000	   1	[       ]
153   	0     	      2	      condition2	    300.9961	    511.72	    0.0	    00000000     00000000	   1	[       ]
154   	0     	     12	     condition12	    302.7188	   1722.66	    0.0	    00000000     00000000	   1	[       ]
155   	0     	      2	      condition2	    303.2109	    492.19	    0.0	    00000000     00000000	   1	[       ]
156   	0     	     11	 NeutSmallBright	    305.0938	   1882.81	    0.0	    00000000     00000000	   1	[      8]
157   	0     	     12	     condition12	    307.3359	   2242.19	    0.0	    00000000     00000000	   1	[       ]
158   	0     	      2	      condition2	    307.8125	    476.56	    0.0	    00000000     00000000	   1	[       ]
159   	0     	     10	 NeutLargeBright	    309.6914	   1878.91	    0.0	    00000000     00000000	   1	[      7]
160   	0     	     13	     condition13	    312.1953	   2503.91	    0.0	    00000000     00000000	   1	[       ]
161   	0     	      2	      condition2	    312.6523	    457.03	    0.0	    00000000     00000000	   1	[       ]
162   	0     	      4	    NegLargeDark	    314.6797	   2027.34	    0.0	    00000000     00000000	   1	[      1]
163   	0     	     10	 NeutLargeBright	    317.1055	   2425.78	    0.0	    00000000     00000000	   1	[      7]
164   	0     	      5	    NegSmallDark	    319.2578	   2152.34	    0.0	    00000000     00000000	   1	[      2]
165   	0     	      8	   NeutLargeDark	    322.9062	   3648.44	    0.0	    00000000     00000000	   1	[      5]
166   	0     	      4	    NegLargeDark	    325.0195	   2113.28	    0.0	    00000000     00000000	   1	[      1]
167   	0     	     11	 NeutSmallBright	    327.3633	   2343.75	    0.0	    00000000     00000000	   1	[      8]
168   	0     	      8	   NeutLargeDark	    329.8477	   2484.38	    0.0	    00000000     00000000	   1	[      5]
169   	0     	      6	  NegLargeBright	    331.9922	   2144.53	    0.0	    00000000     00000000	   1	[      3]
170   	0     	     10	 NeutLargeBright	    334.3477	   2355.47	    0.0	    00000000     00000000	   1	[      7]
171   	0     	      4	    NegLargeDark	    336.5000	   2152.34	    0.0	    00000000     00000000	   1	[      1]
172   	0     	      5	    NegSmallDark	    338.5430	   2042.97	    0.0	    00000000     00000000	   1	[      2]
173   	0     	     15	     condition15	    340.9375	   2394.53	    0.0	    00000000     00000000	   1	[       ]
174   	0     	      2	      condition2	    341.5938	    656.25	    0.0	    00000000     00000000	   1	[       ]
175   	0     	     11	 NeutSmallBright	    342.9922	   1398.44	    0.0	    00000000     00000000	   1	[      8]
176   	0     	      8	   NeutLargeDark	    345.0352	   2042.97	    0.0	    00000000     00000000	   1	[      5]
177   	0     	      8	   NeutLargeDark	    347.1680	   2132.81	    0.0	    00000000     00000000	   1	[      5]
178   	0     	     11	 NeutSmallBright	    349.3320	   2164.06	    0.0	    00000000     00000000	   1	[      8]
179   	0     	      8	   NeutLargeDark	    351.7461	   2414.06	    0.0	    00000000     00000000	   1	[      5]
180   	0     	     10	 NeutLargeBright	    354.0117	   2265.62	    0.0	    00000000     00000000	   1	[      7]
181   	0     	      7	  NegSmallBright	    356.2734	   2261.72	    0.0	    00000000     00000000	   1	[      4]
182   	0     	     10	 NeutLargeBright	    358.7305	   2457.03	    0.0	    00000000     00000000	   1	[      7]
183   	0     	     14	     condition14	    361.1133	   2382.81	    0.0	    00000000     00000000	   1	[       ]
184   	0     	      2	      condition2	    361.7734	    660.16	    0.0	    00000000     00000000	   1	[       ]
185   	0     	      9	   NeutSmallDark	    363.2773	   1503.91	    0.0	    00000000     00000000	   1	[      6]
186   	0     	     10	 NeutLargeBright	    365.3711	   2093.75	    0.0	    00000000     00000000	   1	[      7]
187   	0     	     11	 NeutSmallBright	    367.4531	   2082.03	    0.0	    00000000     00000000	   1	[      8]
188   	0     	     14	     condition14	    369.9102	   2457.03	    0.0	    00000000     00000000	   1	[       ]
189   	0     	      2	      condition2	    370.4766	    566.41	    0.0	    00000000     00000000	   1	[       ]
190   	0     	      9	   NeutSmallDark	    372.3125	   1835.94	    0.0	    00000000     00000000	   1	[      6]
191   	0     	     13	     condition13	    374.5156	   2203.12	    0.0	    00000000     00000000	   1	[       ]
192   	0     	      2	      condition2	    375.0586	    542.97	    0.0	    00000000     00000000	   1	[       ]
193   	0     	     10	 NeutLargeBright	    376.6406	   1582.03	    0.0	    00000000     00000000	   1	[      7]
194   	0     	     11	 NeutSmallBright	    378.9453	   2304.69	    0.0	    00000000     00000000	   1	[      8]
195   	0     	      5	    NegSmallDark	    381.3789	   2433.59	    0.0	    00000000     00000000	   1	[      2]
196   	0     	      6	  NegLargeBright	    383.4922	   2113.28	    0.0	    00000000     00000000	   1	[      3]
197   	0     	      8	   NeutLargeDark	    385.7383	   2246.09	    0.0	    00000000     00000000	   1	[      5]
198   	0     	      8	   NeutLargeDark	    388.1914	   2453.12	    0.0	    00000000     00000000	   1	[      5]
199   	0     	     11	 NeutSmallBright	    390.4336	   2242.19	    0.0	    00000000     00000000	   1	[      8]
200   	0     	     10	 NeutLargeBright	    392.8789	   2445.31	    0.0	    00000000     00000000	   1	[      7]
201   	0     	      6	  NegLargeBright	    395.4141	   2535.16	    0.0	    00000000     00000000	   1	[      3]
202   	0     	      5	    NegSmallDark	    397.4883	   2074.22	    0.0	    00000000     00000000	   1	[      2]
203   	0     	      5	    NegSmallDark	    399.6211	   2132.81	    0.0	    00000000     00000000	   1	[      2]
204   	0     	      6	  NegLargeBright	    401.9258	   2304.69	    0.0	    00000000     00000000	   1	[      3]
205   	0     	      9	   NeutSmallDark	    404.1602	   2234.38	    0.0	    00000000     00000000	   1	[      6]
206   	0     	     15	     condition15	    406.6328	   2472.66	    0.0	    00000000     00000000	   1	[       ]
207   	0     	      2	      condition2	    407.3555	    722.66	    0.0	    00000000     00000000	   1	[       ]
208   	0     	     11	 NeutSmallBright	    408.9961	   1640.62	    0.0	    00000000     00000000	   1	[      8]
209   	0     	     15	     condition15	    411.3516	   2355.47	    0.0	    00000000     00000000	   1	[       ]
210   	0     	      2	      condition2	    411.9961	    644.53	    0.0	    00000000     00000000	   1	[       ]
211   	0     	      5	    NegSmallDark	    413.4766	   1480.47	    0.0	    00000000     00000000	   1	[      2]
212   	0     	      8	   NeutLargeDark	    416.0000	   2523.44	    0.0	    00000000     00000000	   1	[      5]
213   	0     	      7	  NegSmallBright	    418.3945	   2394.53	    0.0	    00000000     00000000	   1	[      4]
214   	0     	     12	     condition12	    420.8477	   2453.12	    0.0	    00000000     00000000	   1	[       ]
215   	0     	      2	      condition2	    421.5273	    679.69	    0.0	    00000000     00000000	   1	[       ]
216   	0     	      5	    NegSmallDark	    423.0938	   1566.41	    0.0	    00000000     00000000	   1	[      2]
217   	0     	      7	  NegSmallBright	    425.2656	   2171.88	    0.0	    00000000     00000000	   1	[      4]
218   	0     	      8	   NeutLargeDark	    427.5312	   2265.62	    0.0	    00000000     00000000	   1	[      5]
219   	0     	      4	    NegLargeDark	    429.8633	   2332.03	    0.0	    00000000     00000000	   1	[      1]
220   	0     	      5	    NegSmallDark	    432.3203	   2457.03	    0.0	    00000000     00000000	   1	[      2]
221   	0     	     10	 NeutLargeBright	    434.4414	   2121.09	    0.0	    00000000     00000000	   1	[      7]
222   	0     	     11	 NeutSmallBright	    436.9375	   2496.09	    0.0	    00000000     00000000	   1	[      8]
223   	0     	     11	 NeutSmallBright	    439.1406	   2203.12	    0.0	    00000000     00000000	   1	[      8]
224   	0     	      6	  NegLargeBright	    441.4766	   2335.94	    0.0	    00000000     00000000	   1	[      3]
225   	0     	      4	    NegLargeDark	    443.6172	   2140.62	    0.0	    00000000     00000000	   1	[      1]
226   	0     	      8	   NeutLargeDark	    445.8945	   2277.34	    0.0	    00000000     00000000	   1	[      5]
227   	0     	     11	 NeutSmallBright	    448.0781	   2183.59	    0.0	    00000000     00000000	   1	[      8]
228   	0     	      9	   NeutSmallDark	    450.2812	   2203.12	    0.0	    00000000     00000000	   1	[      6]
229   	0     	     14	     condition14	    452.4961	   2214.84	    0.0	    00000000     00000000	   1	[       ]
230   	0     	      2	      condition2	    453.0195	    523.44	    0.0	    00000000     00000000	   1	[       ]
231   	0     	      6	  NegLargeBright	    454.7578	   1738.28	    0.0	    00000000     00000000	   1	[      3]
232   	0     	      8	   NeutLargeDark	    457.0117	   2253.91	    0.0	    00000000     00000000	   1	[      5]
233   	0     	      9	   NeutSmallDark	    459.3281	   2316.41	    0.0	    00000000     00000000	   1	[      6]
234   	0     	     10	 NeutLargeBright	    461.5000	   2171.88	    0.0	    00000000     00000000	   1	[      7]
235   	0     	      8	   NeutLargeDark	    463.8750	   2375.00	    0.0	    00000000     00000000	   1	[      5]
236   	0     	     12	     condition12	    466.0391	   2164.06	    0.0	    00000000     00000000	   1	[       ]
237   	0     	      2	      condition2	    466.6641	    625.00	    0.0	    00000000     00000000	   1	[       ]
238   	0     	     10	 NeutLargeBright	    468.0703	   1406.25	    0.0	    00000000     00000000	   1	[      7]
239   	0     	      8	   NeutLargeDark	    470.5977	   2527.34	    0.0	    00000000     00000000	   1	[      5]
240   	0     	      9	   NeutSmallDark	    472.7812	   2183.59	    0.0	    00000000     00000000	   1	[      6]
241   	0     	     11	 NeutSmallBright	    474.9922	   2210.94	    0.0	    00000000     00000000	   1	[      8]
242   	0     	      5	    NegSmallDark	    477.0664	   2074.22	    0.0	    00000000     00000000	   1	[      2]
243   	0     	     13	     condition13	    479.4531	   2386.72	    0.0	    00000000     00000000	   1	[       ]
244   	0     	      2	      condition2	    479.9805	    527.34	    0.0	    00000000     00000000	   1	[       ]
245   	0     	      5	    NegSmallDark	    482.1445	   2164.06	    0.0	    00000000     00000000	   1	[      2]
246   	0     	     10	 NeutLargeBright	    484.2773	   2132.81	    0.0	    00000000     00000000	   1	[      7]
247   	0     	      4	    NegLargeDark	    486.6523	   2375.00	    0.0	    00000000     00000000	   1	[      1]
248   	0     	      8	   NeutLargeDark	    489.0977	   2445.31	    0.0	    00000000     00000000	   1	[      5]
249   	0     	     13	     condition13	    491.3711	   2273.44	    0.0	    00000000     00000000	   1	[       ]
250   	0     	     13	     condition13	    493.5469	   2175.78	    0.0	    00000000     00000000	   1	[       ]
251   	0     	      2	      condition2	    494.1602	    613.28	    0.0	    00000000     00000000	   1	[       ]
252   	0     	     12	     condition12	    495.5898	   1429.69	    0.0	    00000000     00000000	   1	[       ]
253   	0     	      2	      condition2	    496.0977	    507.81	    0.0	    00000000     00000000	   1	[       ]
254   	0     	      9	   NeutSmallDark	    497.7734	   1675.78	    0.0	    00000000     00000000	   1	[      6]
255   	0     	     10	 NeutLargeBright	    499.9766	   2203.12	    0.0	    00000000     00000000	   1	[      7]
256   	0     	      9	   NeutSmallDark	    502.2305	   2253.91	    0.0	    00000000     00000000	   1	[      6]
257   	0     	      8	   NeutLargeDark	    504.3945	   2164.06	    0.0	    00000000     00000000	   1	[      5]
258   	0     	     11	 NeutSmallBright	    506.5195	   2125.00	    0.0	    00000000     00000000	   1	[      8]
259   	0     	      9	   NeutSmallDark	    508.5508	   2031.25	    0.0	    00000000     00000000	   1	[      6]
260   	0     	      9	   NeutSmallDark	    510.9648	   2414.06	    0.0	    00000000     00000000	   1	[      6]
261   	0     	      4	    NegLargeDark	    513.3398	   2375.00	    0.0	    00000000     00000000	   1	[      1]
262   	0     	     10	 NeutLargeBright	    515.6836	   2343.75	    0.0	    00000000     00000000	   1	[      7]
263   	0     	     12	     condition12	    517.8086	   2125.00	    0.0	    00000000     00000000	   1	[       ]
264   	0     	      2	      condition2	    518.3672	    558.59	    0.0	    00000000     00000000	   1	[       ]
265   	0     	     10	 NeutLargeBright	    520.0703	   1703.12	    0.0	    00000000     00000000	   1	[      7]
266   	0     	     11	 NeutSmallBright	    522.2773	   2207.03	    0.0	    00000000     00000000	   1	[      8]
267   	0     	     10	 NeutLargeBright	    524.7695	   2492.19	    0.0	    00000000     00000000	   1	[      7]
268   	0     	      4	    NegLargeDark	    527.2656	   2496.09	    0.0	    00000000     00000000	   1	[      1]
269   	0     	      6	  NegLargeBright	    529.7695	   2503.91	    0.0	    00000000     00000000	   1	[      3]
270   	0     	     11	 NeutSmallBright	    532.0547	   2285.16	    0.0	    00000000     00000000	   1	[      8]
271   	0     	      7	  NegSmallBright	    534.1367	   2082.03	    0.0	    00000000     00000000	   1	[      4]
272   	0     	      5	    NegSmallDark	    536.3711	   2234.38	    0.0	    00000000     00000000	   1	[      2]
273   	0     	     11	 NeutSmallBright	    538.6836	   2312.50	    0.0	    00000000     00000000	   1	[      8]
274   	0     	      7	  NegSmallBright	    540.9883	   2304.69	    0.0	    00000000     00000000	   1	[      4]
275   	0     	     15	     condition15	    543.2930	   2304.69	    0.0	    00000000     00000000	   1	[       ]
276   	0     	      2	      condition2	    543.9102	    617.19	    0.0	    00000000     00000000	   1	[       ]
277   	0     	      5	    NegSmallDark	    545.5664	   1656.25	    0.0	    00000000     00000000	   1	[      2]
278   	0     	     11	 NeutSmallBright	    547.7695	   2203.12	    0.0	    00000000     00000000	   1	[      8]
279   	0     	     13	     condition13	    550.0352	   2265.62	    0.0	    00000000     00000000	   1	[       ]
280   	0     	      2	      condition2	    550.5234	    488.28	    0.0	    00000000     00000000	   1	[       ]
281   	0     	      6	  NegLargeBright	    552.4297	   1906.25	    0.0	    00000000     00000000	   1	[      3]
282   	0     	      5	    NegSmallDark	    554.7031	   2273.44	    0.0	    00000000     00000000	   1	[      2]
283   	0     	     10	 NeutLargeBright	    556.7344	   2031.25	    0.0	    00000000     00000000	   1	[      7]
284   	0     	     12	     condition12	    559.1406	   2406.25	    0.0	    00000000     00000000	   1	[       ]
285   	0     	      2	      condition2	    559.6211	    480.47	    0.0	    00000000     00000000	   1	[       ]
286   	0     	     11	 NeutSmallBright	    561.3047	   1683.59	    0.0	    00000000     00000000	   1	[      8]
287   	0     	      9	   NeutSmallDark	    563.6289	   2324.22	    0.0	    00000000     00000000	   1	[      6]
288   	0     	      7	  NegSmallBright	    565.9805	   2351.56	    0.0	    00000000     00000000	   1	[      4]
289   	0     	      7	  NegSmallBright	    568.0352	   2054.69	    0.0	    00000000     00000000	   1	[      4]
290   	0     	      5	    NegSmallDark	    570.3516	   2316.41	    0.0	    00000000     00000000	   1	[      2]
291   	0     	      4	    NegLargeDark	    572.4531	   2101.56	    0.0	    00000000     00000000	   1	[      1]
292   	0     	      6	  NegLargeBright	    574.9375	   2484.38	    0.0	    00000000     00000000	   1	[      3]
293   	0     	     11	 NeutSmallBright	    577.3906	   2453.12	    0.0	    00000000     00000000	   1	[      8]
294   	0     	     15	     condition15	    579.8750	   2484.38	    0.0	    00000000     00000000	   1	[       ]
295   	0     	      2	      condition2	    580.4141	    539.06	    0.0	    00000000     00000000	   1	[       ]
296   	0     	      6	  NegLargeBright	    582.2305	   1816.41	    0.0	    00000000     00000000	   1	[      3]
297   	0     	      8	   NeutLargeDark	    584.5352	   2304.69	    0.0	    00000000     00000000	   1	[      5]
298   	0     	      9	   NeutSmallDark	    587.0312	   2496.09	    0.0	    00000000     00000000	   1	[      6]
299   	0     	      4	    NegLargeDark	    589.3945	   2363.28	    0.0	    00000000     00000000	   1	[      1]
300   	0     	     10	 NeutLargeBright	    591.4453	   2050.78	    0.0	    00000000     00000000	   1	[      7]
301   	0     	      4	    NegLargeDark	    593.5898	   2144.53	    0.0	    00000000     00000000	   1	[      1]
302   	0     	      5	    NegSmallDark	    595.9141	   2324.22	    0.0	    00000000     00000000	   1	[      2]
303   	0     	     10	 NeutLargeBright	    598.0000	   2085.94	    0.0	    00000000     00000000	   1	[      7]
304   	0     	      8	   NeutLargeDark	    600.2344	   2234.38	    0.0	    00000000     00000000	   1	[      5]
305   	0     	      8	   NeutLargeDark	    602.6367	   2402.34	    0.0	    00000000     00000000	   1	[      5]
306   	0     	     11	 NeutSmallBright	    604.7188	   2082.03	    0.0	    00000000     00000000	   1	[      8]
307   	0     	      4	    NegLargeDark	    606.9844	   2265.62	    0.0	    00000000     00000000	   1	[      1]
308   	0     	     11	 NeutSmallBright	    609.2500	   2265.62	    0.0	    00000000     00000000	   1	[      8]
309   	0     	      8	   NeutLargeDark	    611.4336	   2183.59	    0.0	    00000000     00000000	   1	[      5]
310   	0     	      4	    NegLargeDark	    613.8477	   2414.06	    0.0	    00000000     00000000	   1	[      1]
311   	0     	      8	   NeutLargeDark	    615.9922	   2144.53	    0.0	    00000000     00000000	   1	[      5]
312   	0     	      4	    NegLargeDark	    618.1133	   2121.09	    0.0	    00000000     00000000	   1	[      1]
313   	0     	     15	     condition15	    620.2461	   2132.81	    0.0	    00000000     00000000	   1	[       ]
314   	0     	      2	      condition2	    620.9297	    683.59	    0.0	    00000000     00000000	   1	[       ]
315   	0     	      7	  NegSmallBright	    622.6836	   1753.91	    0.0	    00000000     00000000	   1	[      4]
316   	0     	      7	  NegSmallBright	    625.0781	   2394.53	    0.0	    00000000     00000000	   1	[      4]
317   	0     	     14	     condition14	    627.4688	   2390.62	    0.0	    00000000     00000000	   1	[       ]
318   	0     	      2	      condition2	    628.0078	    539.06	    0.0	    00000000     00000000	   1	[       ]
319   	0     	      4	    NegLargeDark	    629.6836	   1675.78	    0.0	    00000000     00000000	   1	[      1]
320   	0     	     10	 NeutLargeBright	    632.0781	   2394.53	    0.0	    00000000     00000000	   1	[      7]
321   	0     	     11	 NeutSmallBright	    634.1406	   2062.50	    0.0	    00000000     00000000	   1	[      8]
322   	0     	      5	    NegSmallDark	    636.4180	   2277.34	    0.0	    00000000     00000000	   1	[      2]
323   	0     	     14	     condition14	    638.5195	   2101.56	    0.0	    00000000     00000000	   1	[       ]
324   	0     	     14	     condition14	    641.3203	   2800.78	    0.0	    00000000     00000000	   1	[       ]
325   	0     	      2	      condition2	    641.9141	    593.75	    0.0	    00000000     00000000	   1	[       ]
326   	0     	      6	  NegLargeBright	    643.8164	   1902.34	    0.0	    00000000     00000000	   1	[      3]
327   	0     	     15	     condition15	    646.0781	   2261.72	    0.0	    00000000     00000000	   1	[       ]
328   	0     	      2	      condition2	    646.7539	    675.78	    0.0	    00000000     00000000	   1	[       ]
329   	0     	     15	     condition15	    648.1133	   1359.38	    0.0	    00000000     00000000	   1	[       ]
330   	0     	      2	      condition2	    648.6094	    496.09	    0.0	    00000000     00000000	   1	[       ]
331   	0     	      5	    NegSmallDark	    650.2969	   1687.50	    0.0	    00000000     00000000	   1	[      2]
332   	0     	      4	    NegLargeDark	    652.5625	   2265.62	    0.0	    00000000     00000000	   1	[      1]
333   	0     	      5	    NegSmallDark	    654.8359	   2273.44	    0.0	    00000000     00000000	   1	[      2]
334   	0     	      6	  NegLargeBright	    656.9375	   2101.56	    0.0	    00000000     00000000	   1	[      3]
335   	0     	     10	 NeutLargeBright	    659.2148	   2277.34	    0.0	    00000000     00000000	   1	[      7]
336   	0     	      5	    NegSmallDark	    661.4062	   2191.41	    0.0	    00000000     00000000	   1	[      2]
337   	0     	      7	  NegSmallBright	    663.8008	   2394.53	    0.0	    00000000     00000000	   1	[      4]
338   	0     	      6	  NegLargeBright	    666.1641	   2363.28	    0.0	    00000000     00000000	   1	[      3]
339   	0     	      8	   NeutLargeDark	    668.3086	   2144.53	    0.0	    00000000     00000000	   1	[      5]
340   	0     	     12	     condition12	    670.8242	   2515.62	    0.0	    00000000     00000000	   1	[       ]
341   	0     	      2	      condition2	    671.3672	    542.97	    0.0	    00000000     00000000	   1	[       ]
342   	0     	      9	   NeutSmallDark	    672.9453	   1578.12	    0.0	    00000000     00000000	   1	[      6]
343   	0     	      6	  NegLargeBright	    675.0898	   2144.53	    0.0	    00000000     00000000	   1	[      3]
344   	0     	      9	   NeutSmallDark	    677.4570	   2367.19	    0.0	    00000000     00000000	   1	[      6]
345   	0     	     14	     condition14	    679.5781	   2121.09	    0.0	    00000000     00000000	   1	[       ]
346   	0     	      2	      condition2	    680.1953	    617.19	    0.0	    00000000     00000000	   1	[       ]
347   	0     	      4	    NegLargeDark	    681.8438	   1648.44	    0.0	    00000000     00000000	   1	[      1]
348   	0     	      8	   NeutLargeDark	    684.3672	   2523.44	    0.0	    00000000     00000000	   1	[      5]
349   	0     	      9	   NeutSmallDark	    686.4219	   2054.69	    0.0	    00000000     00000000	   1	[      6]
350   	0     	      5	    NegSmallDark	    688.8867	   2464.84	    0.0	    00000000     00000000	   1	[      2]
351   	0     	     10	 NeutLargeBright	    690.9883	   2101.56	    0.0	    00000000     00000000	   1	[      7]
352   	0     	     14	     condition14	    693.2539	   2265.62	    0.0	    00000000     00000000	   1	[       ]
353   	0     	      2	      condition2	    693.8477	    593.75	    0.0	    00000000     00000000	   1	[       ]
354   	0     	     10	 NeutLargeBright	    695.5977	   1750.00	    0.0	    00000000     00000000	   1	[      7]
355   	0     	      5	    NegSmallDark	    697.7812	   2183.59	    0.0	    00000000     00000000	   1	[      2]
356   	0     	      8	   NeutLargeDark	    699.8633	   2082.03	    0.0	    00000000     00000000	   1	[      5]
357   	0     	      5	    NegSmallDark	    702.2305	   2367.19	    0.0	    00000000     00000000	   1	[      2]
358   	0     	      4	    NegLargeDark	    704.7148	   2484.38	    0.0	    00000000     00000000	   1	[      1]
359   	0     	      4	    NegLargeDark	    707.2266	   2511.72	    0.0	    00000000     00000000	   1	[      1]
360   	0     	      6	  NegLargeBright	    709.6328	   2406.25	    0.0	    00000000     00000000	   1	[      3]
361   	0     	      7	  NegSmallBright	    711.7969	   2164.06	    0.0	    00000000     00000000	   1	[      4]
362   	0     	      7	  NegSmallBright	    713.9805	   2183.59	    0.0	    00000000     00000000	   1	[      4]
363   	0     	      5	    NegSmallDark	    716.0430	   2062.50	    0.0	    00000000     00000000	   1	[      2]
364   	0     	     11	 NeutSmallBright	    718.4883	   2445.31	    0.0	    00000000     00000000	   1	[      8]
365   	0     	      9	   NeutSmallDark	    720.8633	   2375.00	    0.0	    00000000     00000000	   1	[      6]
366   	0     	      8	   NeutLargeDark	    723.0352	   2171.88	    0.0	    00000000     00000000	   1	[      5]
367   	0     	      6	  NegLargeBright	    725.3477	   2312.50	    0.0	    00000000     00000000	   1	[      3]
368   	0     	      4	    NegLargeDark	    727.5742	   2226.56	    0.0	    00000000     00000000	   1	[      1]
369   	0     	      4	    NegLargeDark	    729.7383	   2164.06	    0.0	    00000000     00000000	   1	[      1]
370   	0     	     15	     condition15	    732.0898	   2351.56	    0.0	    00000000     00000000	   1	[       ]
371   	0     	      2	      condition2	    733.3164	   1226.56	    0.0	    00000000     00000000	   1	[       ]
372   	0     	      8	   NeutLargeDark	    734.1328	    816.41	    0.0	    00000000     00000000	   1	[      5]
373   	0     	      5	    NegSmallDark	    736.4102	   2277.34	    0.0	    00000000     00000000	   1	[      2]
374   	0     	      4	    NegLargeDark	    738.8320	   2421.88	    0.0	    00000000     00000000	   1	[      1]
375   	0     	      6	  NegLargeBright	    741.2969	   2464.84	    0.0	    00000000     00000000	   1	[      3]
376   	0     	      6	  NegLargeBright	    743.5195	   2222.66	    0.0	    00000000     00000000	   1	[      3]
377   	0     	      5	    NegSmallDark	    745.9062	   2386.72	    0.0	    00000000     00000000	   1	[      2]
378   	0     	     10	 NeutLargeBright	    747.9492	   2042.97	    0.0	    00000000     00000000	   1	[      7]
379   	0     	      6	  NegLargeBright	    750.2344	   2285.16	    0.0	    00000000     00000000	   1	[      3]
380   	0     	      4	    NegLargeDark	    752.4961	   2261.72	    0.0	    00000000     00000000	   1	[      1]
381   	0     	     15	     condition15	    754.7109	   2214.84	    0.0	    00000000     00000000	   1	[       ]
382   	0     	      2	      condition2	    755.3086	    597.66	    0.0	    00000000     00000000	   1	[       ]
383   	0     	     12	     condition12	    756.8750	   1566.41	    0.0	    00000000     00000000	   1	[       ]
384   	0     	      2	      condition2	    757.3906	    515.62	    0.0	    00000000     00000000	   1	[       ]
385   	0     	      9	   NeutSmallDark	    759.1094	   1718.75	    0.0	    00000000     00000000	   1	[      6]
386   	0     	      4	    NegLargeDark	    761.5430	   2433.59	    0.0	    00000000     00000000	   1	[      1]
387   	0     	      4	    NegLargeDark	    763.8867	   2343.75	    0.0	    00000000     00000000	   1	[      1]
388   	0     	      9	   NeutSmallDark	    766.3516	   2464.84	    0.0	    00000000     00000000	   1	[      6]
389   	0     	      4	    NegLargeDark	    768.4531	   2101.56	    0.0	    00000000     00000000	   1	[      1]
390   	0     	     14	     condition14	    770.8398	   2386.72	    0.0	    00000000     00000000	   1	[       ]
391   	0     	      2	      condition2	    771.4141	    574.22	    0.0	    00000000     00000000	   1	[       ]
392   	0     	     13	     condition13	    772.9414	   1527.34	    0.0	    00000000     00000000	   1	[       ]
393   	0     	      2	      condition2	    773.5078	    566.41	    0.0	    00000000     00000000	   1	[       ]
394   	0     	      6	  NegLargeBright	    775.4766	   1968.75	    0.0	    00000000     00000000	   1	[      3]
395   	0     	      9	   NeutSmallDark	    777.8828	   2406.25	    0.0	    00000000     00000000	   1	[      6]
396   	0     	      7	  NegSmallBright	    780.3164	   2433.59	    0.0	    00000000     00000000	   1	[      4]
397   	0     	      6	  NegLargeBright	    782.7812	   2464.84	    0.0	    00000000     00000000	   1	[      3]
398   	0     	      6	  NegLargeBright	    785.2227	   2441.41	    0.0	    00000000     00000000	   1	[      3]
399   	0     	      6	  NegLargeBright	    787.6602	   2437.50	    0.0	    00000000     00000000	   1	[      3]
400   	0     	      8	   NeutLargeDark	    789.7617	   2101.56	    0.0	    00000000     00000000	   1	[      5]
401   	0     	      7	  NegSmallBright	    792.2070	   2445.31	    0.0	    00000000     00000000	   1	[      4]
402   	0     	     11	 NeutSmallBright	    794.4727	   2265.62	    0.0	    00000000     00000000	   1	[      8]
403   	0     	      6	  NegLargeBright	    796.8633	   2390.62	    0.0	    00000000     00000000	   1	[      3]
404   	0     	      6	  NegLargeBright	    798.9102	   2046.88	    0.0	    00000000     00000000	   1	[      3]
405   	0     	    253	              ""	    801.3125	   2402.34	    0.0	    00000000     00000000	   1	[       ]
406   	0     	     10	 NeutLargeBright	    802.3281	   1015.62	    0.0	    00000000     00000000	   1	[      7]
407   	0     	      9	   NeutSmallDark	    804.8398	   2511.72	    0.0	    00000000     00000000	   1	[      6]
408   	0     	      6	  NegLargeBright	    807.1836	   2343.75	    0.0	    00000000     00000000	   1	[      3]
409   	0     	      4	    NegLargeDark	    809.2695	   2085.94	    0.0	    00000000     00000000	   1	[      1]
410   	0     	     13	     condition13	    811.5625	   2292.97	    0.0	    00000000     00000000	   1	[       ]
411   	0     	      2	      condition2	    812.2070	    644.53	    0.0	    00000000     00000000	   1	[       ]
412   	0     	      7	  NegSmallBright	    813.8555	   1648.44	    0.0	    00000000     00000000	   1	[      4]
413   	0     	      7	  NegSmallBright	    816.3516	   2496.09	    0.0	    00000000     00000000	   1	[      4]
414   	0     	     10	 NeutLargeBright	    818.8359	   2484.38	    0.0	    00000000     00000000	   1	[      7]
415   	0     	      5	    NegSmallDark	    821.1289	   2292.97	    0.0	    00000000     00000000	   1	[      2]
416   	0     	      8	   NeutLargeDark	    823.4219	   2292.97	    0.0	    00000000     00000000	   1	[      5]
417   	0     	      9	   NeutSmallDark	    825.9180	   2496.09	    0.0	    00000000     00000000	   1	[      6]
418   	0     	      5	    NegSmallDark	    828.2305	   2312.50	    0.0	    00000000     00000000	   1	[      2]
419   	0     	      9	   NeutSmallDark	    830.4766	   2246.09	    0.0	    00000000     00000000	   1	[      6]
420   	0     	      8	   NeutLargeDark	    832.6797	   2203.12	    0.0	    00000000     00000000	   1	[      5]
421   	0     	     14	     condition14	    835.0234	   2343.75	    0.0	    00000000     00000000	   1	[       ]
422   	0     	      2	      condition2	    835.6016	    578.12	    0.0	    00000000     00000000	   1	[       ]
423   	0     	     14	     condition14	    837.3086	   1707.03	    0.0	    00000000     00000000	   1	[       ]
424   	0     	      2	      condition2	    837.8320	    523.44	    0.0	    00000000     00000000	   1	[       ]
425   	0     	      4	    NegLargeDark	    839.8125	   1980.47	    0.0	    00000000     00000000	   1	[      1]
426   	0     	      7	  NegSmallBright	    842.0156	   2203.12	    0.0	    00000000     00000000	   1	[      4]
427   	0     	     11	 NeutSmallBright	    844.2617	   2246.09	    0.0	    00000000     00000000	   1	[      8]
428   	0     	      8	   NeutLargeDark	    846.4336	   2171.88	    0.0	    00000000     00000000	   1	[      5]
429   	0     	      9	   NeutSmallDark	    848.5664	   2132.81	    0.0	    00000000     00000000	   1	[      6]
430   	0     	      7	  NegSmallBright	    850.5898	   2023.44	    0.0	    00000000     00000000	   1	[      4]
431   	0     	      9	   NeutSmallDark	    853.0156	   2425.78	    0.0	    00000000     00000000	   1	[      6]
432   	0     	      6	  NegLargeBright	    855.5195	   2503.91	    0.0	    00000000     00000000	   1	[      3]
433   	0     	      7	  NegSmallBright	    857.9648	   2445.31	    0.0	    00000000     00000000	   1	[      4]
434   	0     	      6	  NegLargeBright	    860.1797	   2214.84	    0.0	    00000000     00000000	   1	[      3]
435   	0     	      6	  NegLargeBright	    862.5938	   2414.06	    0.0	    00000000     00000000	   1	[      3]
436   	0     	      9	   NeutSmallDark	    864.8477	   2253.91	    0.0	    00000000     00000000	   1	[      6]
437   	0     	     11	 NeutSmallBright	    867.2617	   2414.06	    0.0	    00000000     00000000	   1	[      8]
438   	0     	      9	   NeutSmallDark	    869.5039	   2242.19	    0.0	    00000000     00000000	   1	[      6]
439   	0     	      5	    NegSmallDark	    871.7500	   2246.09	    0.0	    00000000     00000000	   1	[      2]
440   	0     	      9	   NeutSmallDark	    874.0625	   2312.50	    0.0	    00000000     00000000	   1	[      6]
441   	0     	      8	   NeutLargeDark	    876.3867	   2324.22	    0.0	    00000000     00000000	   1	[      5]
442   	0     	      7	  NegSmallBright	    878.9023	   2515.62	    0.0	    00000000     00000000	   1	[      4]
443   	0     	      9	   NeutSmallDark	    881.0938	   2191.41	    0.0	    00000000     00000000	   1	[      6]
444   	0     	     11	 NeutSmallBright	    883.5000	   2406.25	    0.0	    00000000     00000000	   1	[      8]
445   	0     	      4	    NegLargeDark	    885.5625	   2062.50	    0.0	    00000000     00000000	   1	[      1]
446   	0     	      5	    NegSmallDark	    887.6562	   2093.75	    0.0	    00000000     00000000	   1	[      2]
447   	0     	      6	  NegLargeBright	    889.9414	   2285.16	    0.0	    00000000     00000000	   1	[      3]
448   	0     	     12	     condition12	    892.1250	   2183.59	    0.0	    00000000     00000000	   1	[       ]
449   	0     	      2	      condition2	    892.7305	    605.47	    0.0	    00000000     00000000	   1	[       ]
450   	0     	      5	    NegSmallDark	    894.3086	   1578.12	    0.0	    00000000     00000000	   1	[      2]
451   	0     	      6	  NegLargeBright	    896.3633	   2054.69	    0.0	    00000000     00000000	   1	[      3]
452   	0     	      7	  NegSmallBright	    898.8672	   2503.91	    0.0	    00000000     00000000	   1	[      4]
453   	0     	      4	    NegLargeDark	    901.1484	   2281.25	    0.0	    00000000     00000000	   1	[      1]
454   	0     	      9	   NeutSmallDark	    903.6133	   2464.84	    0.0	    00000000     00000000	   1	[      6]
455   	0     	      8	   NeutLargeDark	    905.9688	   2355.47	    0.0	    00000000     00000000	   1	[      5]
456   	0     	      7	  NegSmallBright	    908.0430	   2074.22	    0.0	    00000000     00000000	   1	[      4]
457   	0     	     15	     condition15	    910.4180	   2375.00	    0.0	    00000000     00000000	   1	[       ]
458   	0     	      2	      condition2	    911.0820	    664.06	    0.0	    00000000     00000000	   1	[       ]
459   	0     	     10	 NeutLargeBright	    912.5117	   1429.69	    0.0	    00000000     00000000	   1	[      7]
460   	0     	     13	     condition13	    914.8242	   2312.50	    0.0	    00000000     00000000	   1	[       ]
461   	0     	      2	      condition2	    915.5664	    742.19	    0.0	    00000000     00000000	   1	[       ]
462   	0     	     14	     condition14	    917.3203	   1753.91	    0.0	    00000000     00000000	   1	[       ]
463   	0     	      2	      condition2	    917.8320	    511.72	    0.0	    00000000     00000000	   1	[       ]
464   	0     	      7	  NegSmallBright	    919.8320	   2000.00	    0.0	    00000000     00000000	   1	[      4]
465   	0     	      7	  NegSmallBright	    922.0352	   2203.12	    0.0	    00000000     00000000	   1	[      4]
466   	0     	      8	   NeutLargeDark	    924.0898	   2054.69	    0.0	    00000000     00000000	   1	[      5]
467   	0     	      9	   NeutSmallDark	    926.5039	   2414.06	    0.0	    00000000     00000000	   1	[      6]
468   	0     	      5	    NegSmallDark	    928.7383	   2234.38	    0.0	    00000000     00000000	   1	[      2]
469   	0     	     11	 NeutSmallBright	    931.0430	   2304.69	    0.0	    00000000     00000000	   1	[      8]
470   	0     	      8	   NeutLargeDark	    933.4258	   2382.81	    0.0	    00000000     00000000	   1	[      5]
471   	0     	     14	     condition14	    935.8711	   2445.31	    0.0	    00000000     00000000	   1	[       ]
472   	0     	      2	      condition2	    936.3906	    519.53	    0.0	    00000000     00000000	   1	[       ]
473   	0     	     10	 NeutLargeBright	    937.9531	   1562.50	    0.0	    00000000     00000000	   1	[      7]
474   	0     	      5	    NegSmallDark	    940.0273	   2074.22	    0.0	    00000000     00000000	   1	[      2]
475   	0     	      9	   NeutSmallDark	    942.4219	   2394.53	    0.0	    00000000     00000000	   1	[      6]
476   	0     	      7	  NegSmallBright	    944.4961	   2074.22	    0.0	    00000000     00000000	   1	[      4]
477   	0     	     11	 NeutSmallBright	    946.9023	   2406.25	    0.0	    00000000     00000000	   1	[      8]
478   	0     	     14	     condition14	    949.4141	   2511.72	    0.0	    00000000     00000000	   1	[       ]
479   	0     	      2	      condition2	    950.0039	    589.84	    0.0	    00000000     00000000	   1	[       ]
480   	0     	      6	  NegLargeBright	    951.8281	   1824.22	    0.0	    00000000     00000000	   1	[      3]
481   	0     	      9	   NeutSmallDark	    954.0820	   2253.91	    0.0	    00000000     00000000	   1	[      6]
482   	0     	      6	  NegLargeBright	    956.5078	   2425.78	    0.0	    00000000     00000000	   1	[      3]
483   	0     	      9	   NeutSmallDark	    958.8398	   2332.03	    0.0	    00000000     00000000	   1	[      6]
484   	0     	     12	     condition12	    961.1641	   2324.22	    0.0	    00000000     00000000	   1	[       ]
485   	0     	      2	      condition2	    961.7227	    558.59	    0.0	    00000000     00000000	   1	[       ]
486   	0     	      8	   NeutLargeDark	    964.3750	   2652.34	    0.0	    00000000     00000000	   1	[      5]
487   	0     	      7	  NegSmallBright	    966.7891	   2414.06	    0.0	    00000000     00000000	   1	[      4]
488   	0     	      7	  NegSmallBright	    968.9727	   2183.59	    0.0	    00000000     00000000	   1	[      4]
489   	0     	      9	   NeutSmallDark	    971.1172	   2144.53	    0.0	    00000000     00000000	   1	[      6]
490   	0     	     10	 NeutLargeBright	    973.6523	   2535.16	    0.0	    00000000     00000000	   1	[      7]
491   	0     	     11	 NeutSmallBright	    975.9375	   2285.16	    0.0	    00000000     00000000	   1	[      8]
492   	0     	      7	  NegSmallBright	    978.2305	   2292.97	    0.0	    00000000     00000000	   1	[      4]
493   	0     	     15	     condition15	    980.3164	   2085.94	    0.0	    00000000     00000000	   1	[       ]
494   	0     	      2	      condition2	    981.0117	    695.31	    0.0	    00000000     00000000	   1	[       ]
495   	0     	      5	    NegSmallDark	    982.5273	   1515.62	    0.0	    00000000     00000000	   1	[      2]
496   	0     	      7	  NegSmallBright	    984.8633	   2335.94	    0.0	    00000000     00000000	   1	[      4]
497   	0     	      4	    NegLargeDark	    987.0547	   2191.41	    0.0	    00000000     00000000	   1	[      1]
498   	0     	      6	  NegLargeBright	    989.3203	   2265.62	    0.0	    00000000     00000000	   1	[      3]
499   	0     	      8	   NeutLargeDark	    991.5039	   2183.59	    0.0	    00000000     00000000	   1	[      5]
500   	0     	      5	    NegSmallDark	    993.8789	   2375.00	    0.0	    00000000     00000000	   1	[      2]
501   	0     	      7	  NegSmallBright	    996.3008	   2421.88	    0.0	    00000000     00000000	   1	[      4]
502   	0     	     13	     condition13	    998.7969	   2496.09	    0.0	    00000000     00000000	   1	[       ]
503   	0     	      2	      condition2	    999.5000	    703.12	    0.0	    00000000     00000000	   1	[       ]
504   	0     	      8	   NeutLargeDark	   1001.1523	   1652.34	    0.0	    00000000     00000000	   1	[      5]
505   	0     	      7	  NegSmallBright	   1003.1953	   2042.97	    0.0	    00000000     00000000	   1	[      4]
506   	0     	      8	   NeutLargeDark	   1005.2383	   2042.97	    0.0	    00000000     00000000	   1	[      5]
507   	0     	     11	 NeutSmallBright	   1007.6328	   2394.53	    0.0	    00000000     00000000	   1	[      8]
508   	0     	      9	   NeutSmallDark	   1009.8477	   2214.84	    0.0	    00000000     00000000	   1	[      6]
509   	0     	      5	    NegSmallDark	   1011.9297	   2082.03	    0.0	    00000000     00000000	   1	[      2]
510   	0     	     11	 NeutSmallBright	   1014.0820	   2152.34	    0.0	    00000000     00000000	   1	[      8]
511   	0     	     12	     condition12	   1016.5078	   2425.78	    0.0	    00000000     00000000	   1	[       ]
512   	0     	      2	      condition2	   1017.0078	    500.00	    0.0	    00000000     00000000	   1	[       ]
513   	0     	     11	 NeutSmallBright	   1018.5508	   1542.97	    0.0	    00000000     00000000	   1	[      8]
514   	0     	      9	   NeutSmallDark	   1020.6836	   2132.81	    0.0	    00000000     00000000	   1	[      6]
515   	0     	      8	   NeutLargeDark	   1022.8477	   2164.06	    0.0	    00000000     00000000	   1	[      5]
516   	0     	      6	  NegLargeBright	   1025.3320	   2484.38	    0.0	    00000000     00000000	   1	[      3]
517   	0     	      4	    NegLargeDark	   1027.7773	   2445.31	    0.0	    00000000     00000000	   1	[      1]
518   	0     	      7	  NegSmallBright	   1030.0312	   2253.91	    0.0	    00000000     00000000	   1	[      4]
519   	0     	      8	   NeutLargeDark	   1032.3242	   2292.97	    0.0	    00000000     00000000	   1	[      5]
520   	0     	      9	   NeutSmallDark	   1034.7812	   2457.03	    0.0	    00000000     00000000	   1	[      6]
521   	0     	      5	    NegSmallDark	   1037.0430	   2261.72	    0.0	    00000000     00000000	   1	[      2]
522   	0     	     12	     condition12	   1039.4297	   2386.72	    0.0	    00000000     00000000	   1	[       ]
523   	0     	      2	      condition2	   1040.2422	    812.50	    0.0	    00000000     00000000	   1	[       ]
524   	0     	      5	    NegSmallDark	   1041.8125	   1570.31	    0.0	    00000000     00000000	   1	[      2]
525   	0     	      8	   NeutLargeDark	   1044.0156	   2203.12	    0.0	    00000000     00000000	   1	[      5]
526   	0     	      4	    NegLargeDark	   1046.2812	   2265.62	    0.0	    00000000     00000000	   1	[      1]
527   	0     	      5	    NegSmallDark	   1048.5859	   2304.69	    0.0	    00000000     00000000	   1	[      2]
528   	0     	     11	 NeutSmallBright	   1050.6680	   2082.03	    0.0	    00000000     00000000	   1	[      8]
529   	0     	      5	    NegSmallDark	   1052.6914	   2023.44	    0.0	    00000000     00000000	   1	[      2]
530   	0     	     11	 NeutSmallBright	   1054.7461	   2054.69	    0.0	    00000000     00000000	   1	[      8]
531   	0     	     10	 NeutLargeBright	   1057.1406	   2394.53	    0.0	    00000000     00000000	   1	[      7]
532   	0     	     11	 NeutSmallBright	   1059.5547	   2414.06	    0.0	    00000000     00000000	   1	[      8]
533   	0     	     12	     condition12	   1062.0469	   2492.19	    0.0	    00000000     00000000	   1	[       ]
534   	0     	      2	      condition2	   1062.6172	    570.31	    0.0	    00000000     00000000	   1	[       ]
535   	0     	      6	  NegLargeBright	   1064.1602	   1542.97	    0.0	    00000000     00000000	   1	[      3]
536   	0     	      8	   NeutLargeDark	   1066.4844	   2324.22	    0.0	    00000000     00000000	   1	[      5]
537   	0     	     10	 NeutLargeBright	   1068.8008	   2316.41	    0.0	    00000000     00000000	   1	[      7]
538   	0     	     13	     condition13	   1070.8633	   2062.50	    0.0	    00000000     00000000	   1	[       ]
539   	0     	      2	      condition2	   1071.4492	    585.94	    0.0	    00000000     00000000	   1	[       ]
540   	0     	     10	 NeutLargeBright	   1073.1562	   1707.03	    0.0	    00000000     00000000	   1	[      7]
541   	0     	      4	    NegLargeDark	   1075.2227	   2066.41	    0.0	    00000000     00000000	   1	[      1]
542   	0     	      9	   NeutSmallDark	   1077.4141	   2191.41	    0.0	    00000000     00000000	   1	[      6]
543   	0     	      4	    NegLargeDark	   1079.4570	   2042.97	    0.0	    00000000     00000000	   1	[      1]
544   	0     	      9	   NeutSmallDark	   1081.9141	   2457.03	    0.0	    00000000     00000000	   1	[      6]
545   	0     	      4	    NegLargeDark	   1084.1875	   2273.44	    0.0	    00000000     00000000	   1	[      1]
546   	0     	     10	 NeutLargeBright	   1086.5195	   2332.03	    0.0	    00000000     00000000	   1	[      7]
547   	0     	      9	   NeutSmallDark	   1088.9062	   2386.72	    0.0	    00000000     00000000	   1	[      6]
548   	0     	     11	 NeutSmallBright	   1091.3594	   2453.12	    0.0	    00000000     00000000	   1	[      8]
549   	0     	      8	   NeutLargeDark	   1093.6836	   2324.22	    0.0	    00000000     00000000	   1	[      5]
550   	0     	      6	  NegLargeBright	   1095.8789	   2195.31	    0.0	    00000000     00000000	   1	[      3]
551   	0     	     11	 NeutSmallBright	   1097.9297	   2050.78	    0.0	    00000000     00000000	   1	[      8]
552   	0     	     15	     condition15	   1100.0859	   2156.25	    0.0	    00000000     00000000	   1	[       ]
553   	0     	     10	 NeutLargeBright	   1102.5781	   2492.19	    0.0	    00000000     00000000	   1	[      7]
554   	0     	      8	   NeutLargeDark	   1104.8047	   2226.56	    0.0	    00000000     00000000	   1	[      5]
555   	0     	      5	    NegSmallDark	   1106.8281	   2023.44	    0.0	    00000000     00000000	   1	[      2]
556   	0     	     11	 NeutSmallBright	   1108.9102	   2082.03	    0.0	    00000000     00000000	   1	[      8]
557   	0     	      6	  NegLargeBright	   1111.4258	   2515.62	    0.0	    00000000     00000000	   1	[      3]
558   	0     	     10	 NeutLargeBright	   1113.9375	   2511.72	    0.0	    00000000     00000000	   1	[      7]
559   	0     	      9	   NeutSmallDark	   1116.3125	   2375.00	    0.0	    00000000     00000000	   1	[      6]
560   	0     	     10	 NeutLargeBright	   1118.7188	   2406.25	    0.0	    00000000     00000000	   1	[      7]
561   	0     	     11	 NeutSmallBright	   1121.2305	   2511.72	    0.0	    00000000     00000000	   1	[      8]
562   	0     	      6	  NegLargeBright	   1124.5781	   3347.66	    0.0	    00000000     00000000	   1	[      3]
563   	0     	      6	  NegLargeBright	   1127.0391	   2460.94	    0.0	    00000000     00000000	   1	[      3]
564   	0     	      9	   NeutSmallDark	   1129.5547	   2515.62	    0.0	    00000000     00000000	   1	[      6]
565   	0     	     10	 NeutLargeBright	   1131.6289	   2074.22	    0.0	    00000000     00000000	   1	[      7]
566   	0     	     11	 NeutSmallBright	   1133.8633	   2234.38	    0.0	    00000000     00000000	   1	[      8]
567   	0     	      7	  NegSmallBright	   1136.0469	   2183.59	    0.0	    00000000     00000000	   1	[      4]
568   	0     	      9	   NeutSmallDark	   1138.5195	   2472.66	    0.0	    00000000     00000000	   1	[      6]
569   	0     	      5	    NegSmallDark	   1140.6641	   2144.53	    0.0	    00000000     00000000	   1	[      2]
570   	0     	      6	  NegLargeBright	   1142.9180	   2253.91	    0.0	    00000000     00000000	   1	[      3]
571   	0     	      6	  NegLargeBright	   1145.2812	   2363.28	    0.0	    00000000     00000000	   1	[      3]
572   	0     	      5	    NegSmallDark	   1147.3555	   2074.22	    0.0	    00000000     00000000	   1	[      2]
573   	0     	      7	  NegSmallBright	   1149.4688	   2113.28	    0.0	    00000000     00000000	   1	[      4]
574   	0     	      6	  NegLargeBright	   1151.7461	   2277.34	    0.0	    00000000     00000000	   1	[      3]
575   	0     	      9	   NeutSmallDark	   1153.8594	   2113.28	    0.0	    00000000     00000000	   1	[      6]
576   	0     	      7	  NegSmallBright	   1156.1914	   2332.03	    0.0	    00000000     00000000	   1	[      4]
577   	0     	      7	  NegSmallBright	   1158.3555	   2164.06	    0.0	    00000000     00000000	   1	[      4]
578   	0     	      7	  NegSmallBright	   1160.5703	   2214.84	    0.0	    00000000     00000000	   1	[      4]
579   	0     	      7	  NegSmallBright	   1163.0625	   2492.19	    0.0	    00000000     00000000	   1	[      4]
580   	0     	      9	   NeutSmallDark	   1165.4883	   2425.78	    0.0	    00000000     00000000	   1	[      6]
581   	0     	     13	     condition13	   1167.7812	   2292.97	    0.0	    00000000     00000000	   1	[       ]
582   	0     	      2	      condition2	   1168.3828	    601.56	    0.0	    00000000     00000000	   1	[       ]
583   	0     	      4	    NegLargeDark	   1170.0078	   1625.00	    0.0	    00000000     00000000	   1	[      1]
584   	0     	     11	 NeutSmallBright	   1172.5195	   2511.72	    0.0	    00000000     00000000	   1	[      8]
585   	0     	      9	   NeutSmallDark	   1174.7852	   2265.62	    0.0	    00000000     00000000	   1	[      6]
586   	0     	      9	   NeutSmallDark	   1176.8398	   2054.69	    0.0	    00000000     00000000	   1	[      6]
587   	0     	      6	  NegLargeBright	   1179.1914	   2351.56	    0.0	    00000000     00000000	   1	[      3]
588   	0     	      5	    NegSmallDark	   1181.5664	   2375.00	    0.0	    00000000     00000000	   1	[      2]
589   	0     	      7	  NegSmallBright	   1183.8320	   2265.62	    0.0	    00000000     00000000	   1	[      4]
590   	0     	      4	    NegLargeDark	   1186.0039	   2171.88	    0.0	    00000000     00000000	   1	[      1]
591   	0     	     15	     condition15	   1188.1484	   2144.53	    0.0	    00000000     00000000	   1	[       ]
592   	0     	      9	   NeutSmallDark	   1190.6211	   2472.66	    0.0	    00000000     00000000	   1	[      6]
593   	0     	      8	   NeutLargeDark	   1193.1484	   2527.34	    0.0	    00000000     00000000	   1	[      5]
594   	0     	     13	     condition13	   1195.4023	   2253.91	    0.0	    00000000     00000000	   1	[       ]
595   	0     	      2	      condition2	   1196.0117	    609.38	    0.0	    00000000     00000000	   1	[       ]
596   	0     	      7	  NegSmallBright	   1197.6367	   1625.00	    0.0	    00000000     00000000	   1	[      4]
597   	0     	      6	  NegLargeBright	   1199.8086	   2171.88	    0.0	    00000000     00000000	   1	[      3]
598   	0     	      4	    NegLargeDark	   1202.0938	   2285.16	    0.0	    00000000     00000000	   1	[      1]
599   	0     	      7	  NegSmallBright	   1204.2383	   2144.53	    0.0	    00000000     00000000	   1	[      4]
600   	0     	      6	  NegLargeBright	   1206.7422	   2503.91	    0.0	    00000000     00000000	   1	[      3]
601   	0     	     12	     condition12	   1208.8945	   2152.34	    0.0	    00000000     00000000	   1	[       ]
602   	0     	      2	      condition2	   1209.5312	    636.72	    0.0	    00000000     00000000	   1	[       ]
603   	0     	      7	  NegSmallBright	   1211.3984	   1867.19	    0.0	    00000000     00000000	   1	[      4]
604   	0     	     15	     condition15	   1213.4414	   2042.97	    0.0	    00000000     00000000	   1	[       ]
605   	0     	      2	      condition2	   1214.3398	    898.44	    0.0	    00000000     00000000	   1	[       ]
606   	0     	      4	    NegLargeDark	   1215.6484	   1308.59	    0.0	    00000000     00000000	   1	[      1]
607   	0     	     10	 NeutLargeBright	   1217.8203	   2171.88	    0.0	    00000000     00000000	   1	[      7]
608   	0     	      9	   NeutSmallDark	   1220.3242	   2503.91	    0.0	    00000000     00000000	   1	[      6]
609   	0     	      8	   NeutLargeDark	   1222.7773	   2453.12	    0.0	    00000000     00000000	   1	[      5]
610   	0     	     10	 NeutLargeBright	   1225.1836	   2406.25	    0.0	    00000000     00000000	   1	[      7]
611   	0     	     10	 NeutLargeBright	   1227.3281	   2144.53	    0.0	    00000000     00000000	   1	[      7]
612   	0     	      7	  NegSmallBright	   1229.7695	   2441.41	    0.0	    00000000     00000000	   1	[      4]
613   	0     	      5	    NegSmallDark	   1232.2969	   2527.34	    0.0	    00000000     00000000	   1	[      2]
614   	0     	      7	  NegSmallBright	   1234.8086	   2511.72	    0.0	    00000000     00000000	   1	[      4]
615   	0     	      7	  NegSmallBright	   1236.9336	   2125.00	    0.0	    00000000     00000000	   1	[      4]
616   	0     	     10	 NeutLargeBright	   1239.4375	   2503.91	    0.0	    00000000     00000000	   1	[      7]
617   	0     	      5	    NegSmallDark	   1241.6328	   2195.31	    0.0	    00000000     00000000	   1	[      2]
618   	0     	      6	  NegLargeBright	   1243.8359	   2203.12	    0.0	    00000000     00000000	   1	[      3]
619   	0     	     11	 NeutSmallBright	   1245.8906	   2054.69	    0.0	    00000000     00000000	   1	[      8]
620   	0     	      8	   NeutLargeDark	   1248.1719	   2281.25	    0.0	    00000000     00000000	   1	[      5]
621   	0     	      4	    NegLargeDark	   1250.4180	   2246.09	    0.0	    00000000     00000000	   1	[      1]
622   	0     	      5	    NegSmallDark	   1252.6719	   2253.91	    0.0	    00000000     00000000	   1	[      2]
623   	0     	      7	  NegSmallBright	   1254.9258	   2253.91	    0.0	    00000000     00000000	   1	[      4]
624   	0     	      7	  NegSmallBright	   1257.1211	   2195.31	    0.0	    00000000     00000000	   1	[      4]
625   	0     	      7	  NegSmallBright	   1259.1523	   2031.25	    0.0	    00000000     00000000	   1	[      4]
626   	0     	     14	     condition14	   1261.2969	   2144.53	    0.0	    00000000     00000000	   1	[       ]
627   	0     	      2	      condition2	   1261.8594	    562.50	    0.0	    00000000     00000000	   1	[       ]
628   	0     	     13	     condition13	   1263.5508	   1691.41	    0.0	    00000000     00000000	   1	[       ]
629   	0     	      2	      condition2	   1263.9727	    421.88	    0.0	    00000000     00000000	   1	[       ]
630   	0     	      4	    NegLargeDark	   1265.9141	   1941.41	    0.0	    00000000     00000000	   1	[      1]
631   	0     	      6	  NegLargeBright	   1268.0781	   2164.06	    0.0	    00000000     00000000	   1	[      3]
632   	0     	     10	 NeutLargeBright	   1270.5625	   2484.38	    0.0	    00000000     00000000	   1	[      7]
633   	0     	     12	     condition12	   1273.0156	   2453.12	    0.0	    00000000     00000000	   1	[       ]
634   	0     	      2	      condition2	   1273.5703	    554.69	    0.0	    00000000     00000000	   1	[       ]
635   	0     	     10	 NeutLargeBright	   1275.0703	   1500.00	    0.0	    00000000     00000000	   1	[      7]
636   	0     	     10	 NeutLargeBright	   1277.4062	   2335.94	    0.0	    00000000     00000000	   1	[      7]
637   	0     	      4	    NegLargeDark	   1279.8594	   2453.12	    0.0	    00000000     00000000	   1	[      1]
638   	0     	     14	     condition14	   1282.0117	   2152.34	    0.0	    00000000     00000000	   1	[       ]
639   	0     	      2	      condition2	   1282.5938	    582.03	    0.0	    00000000     00000000	   1	[       ]
