#  Non-editable header begin --------------------------------------------------------------------------------
# 
#  data format...............: continuous
#  setname...................: BDF file
#  filename..................: none_specified
#  filepath..................: none_specified
#  nchan.....................: 64
#  pnts......................: 329472
#  srate.....................: 256
#  nevents...................: 645
#  generated by (bdf)........: 
#  generated by (set)........: BDF file
#  reported in ..............: 
#  prog Version..............: 8.02
#  creation date.............: 18-Nov-2020 17:10:19
#  user Account..............: 
# 
#  Non-editable header end --------------------------------------------------------------------------------

	bin 1,	# 60,	NegLargeDark
	bin 2,	# 60,	NegSmallDark
	bin 3,	# 60,	NegLargeBright
	bin 4,	# 60,	NegSmallBright
	bin 5,	# 60,	NeutLargeDark
	bin 6,	# 60,	NeutSmallDark
	bin 7,	# 60,	NeutLargeBright
	bin 8,	# 60,	NeutSmallBright



# item	 bepoch	  ecode	            label	      onset	          diff	     dura	b_flags	   a_flags	  enable	    bin
#                                                 (sec)           (msec)     (msec)    (binary)   (binary)


1     	0     	    253	              ""	      0.8281	      0.00	    0.0	    00000000     00000000	   1	[       ]
2     	0     	      5	    NegSmallDark	      1.8203	    992.19	    0.0	    00000000     00000000	   1	[      2]
3     	0     	      5	    NegSmallDark	      4.1641	   2343.75	    0.0	    00000000     00000000	   1	[      2]
4     	0     	      9	   NeutSmallDark	      6.6484	   2484.38	    0.0	    00000000     00000000	   1	[      6]
5     	0     	      7	  NegSmallBright	      9.0898	   2441.41	    0.0	    00000000     00000000	   1	[      4]
6     	0     	      7	  NegSmallBright	     11.1758	   2085.94	    0.0	    00000000     00000000	   1	[      4]
7     	0     	     11	 NeutSmallBright	     13.4688	   2292.97	    0.0	    00000000     00000000	   1	[      8]
8     	0     	     13	     condition13	     15.5430	   2074.22	    0.0	    00000000     00000000	   1	[       ]
9     	0     	      2	      condition2	     16.2539	    710.94	    0.0	    00000000     00000000	   1	[       ]
10    	0     	     11	 NeutSmallBright	     17.6680	   1414.06	    0.0	    00000000     00000000	   1	[      8]
11    	0     	      4	    NegLargeDark	     20.1992	   2531.25	    0.0	    00000000     00000000	   1	[      1]
12    	0     	      6	  NegLargeBright	     22.3359	   2136.72	    0.0	    00000000     00000000	   1	[      3]
13    	0     	      9	   NeutSmallDark	     24.4688	   2132.81	    0.0	    00000000     00000000	   1	[      6]
14    	0     	     11	 NeutSmallBright	     26.7734	   2304.69	    0.0	    00000000     00000000	   1	[      8]
15    	0     	     13	     condition13	     29.1484	   2375.00	    0.0	    00000000     00000000	   1	[       ]
16    	0     	      2	      condition2	     29.8320	    683.59	    0.0	    00000000     00000000	   1	[       ]
17    	0     	      9	   NeutSmallDark	     31.1914	   1359.38	    0.0	    00000000     00000000	   1	[      6]
18    	0     	      7	  NegSmallBright	     33.2344	   2042.97	    0.0	    00000000     00000000	   1	[      4]
19    	0     	     10	 NeutLargeBright	     35.6367	   2402.34	    0.0	    00000000     00000000	   1	[      7]
20    	0     	     14	     condition14	     37.8008	   2164.06	    0.0	    00000000     00000000	   1	[       ]
21    	0     	      2	      condition2	     38.3945	    593.75	    0.0	    00000000     00000000	   1	[       ]
22    	0     	      8	   NeutLargeDark	     40.1758	   1781.25	    0.0	    00000000     00000000	   1	[      5]
23    	0     	      5	    NegSmallDark	     42.5703	   2394.53	    0.0	    00000000     00000000	   1	[      2]
24    	0     	      9	   NeutSmallDark	     44.8125	   2242.19	    0.0	    00000000     00000000	   1	[      6]
25    	0     	      2	      condition2	     46.2500	   1437.50	    0.0	    00000000     00000000	   1	[       ]
26    	0     	      8	   NeutLargeDark	     46.8984	    648.44	    0.0	    00000000     00000000	   1	[      5]
27    	0     	     10	 NeutLargeBright	     49.3828	   2484.38	    0.0	    00000000     00000000	   1	[      7]
28    	0     	      5	    NegSmallDark	     51.7578	   2375.00	    0.0	    00000000     00000000	   1	[      2]
29    	0     	      5	    NegSmallDark	     53.8594	   2101.56	    0.0	    00000000     00000000	   1	[      2]
30    	0     	     11	 NeutSmallBright	     56.3359	   2476.56	    0.0	    00000000     00000000	   1	[      8]
31    	0     	      6	  NegLargeBright	     58.5977	   2261.72	    0.0	    00000000     00000000	   1	[      3]
32    	0     	      5	    NegSmallDark	     61.0312	   2433.59	    0.0	    00000000     00000000	   1	[      2]
33    	0     	      7	  NegSmallBright	     63.2070	   2175.78	    0.0	    00000000     00000000	   1	[      4]
34    	0     	      9	   NeutSmallDark	     65.4805	   2273.44	    0.0	    00000000     00000000	   1	[      6]
35    	0     	      7	  NegSmallBright	     67.5547	   2074.22	    0.0	    00000000     00000000	   1	[      4]
36    	0     	     10	 NeutLargeBright	     69.9297	   2375.00	    0.0	    00000000     00000000	   1	[      7]
37    	0     	     11	 NeutSmallBright	     72.3125	   2382.81	    0.0	    00000000     00000000	   1	[      8]
38    	0     	      7	  NegSmallBright	     74.3672	   2054.69	    0.0	    00000000     00000000	   1	[      4]
39    	0     	      5	    NegSmallDark	     76.8203	   2453.12	    0.0	    00000000     00000000	   1	[      2]
40    	0     	      8	   NeutLargeDark	     79.1055	   2285.16	    0.0	    00000000     00000000	   1	[      5]
41    	0     	      5	    NegSmallDark	     81.3594	   2253.91	    0.0	    00000000     00000000	   1	[      2]
42    	0     	      4	    NegLargeDark	     83.7109	   2351.56	    0.0	    00000000     00000000	   1	[      1]
43    	0     	      5	    NegSmallDark	     86.1680	   2457.03	    0.0	    00000000     00000000	   1	[      2]
44    	0     	     11	 NeutSmallBright	     88.5000	   2332.03	    0.0	    00000000     00000000	   1	[      8]
45    	0     	     10	 NeutLargeBright	     90.9062	   2406.25	    0.0	    00000000     00000000	   1	[      7]
46    	0     	      6	  NegLargeBright	     93.0977	   2191.41	    0.0	    00000000     00000000	   1	[      3]
47    	0     	      4	    NegLargeDark	     95.3242	   2226.56	    0.0	    00000000     00000000	   1	[      1]
48    	0     	      5	    NegSmallDark	     97.7188	   2394.53	    0.0	    00000000     00000000	   1	[      2]
49    	0     	      7	  NegSmallBright	     99.9414	   2222.66	    0.0	    00000000     00000000	   1	[      4]
50    	0     	      8	   NeutLargeDark	    102.3242	   2382.81	    0.0	    00000000     00000000	   1	[      5]
51    	0     	     14	     condition14	    104.3672	   2042.97	    0.0	    00000000     00000000	   1	[       ]
52    	0     	      2	      condition2	    105.0859	    718.75	    0.0	    00000000     00000000	   1	[       ]
53    	0     	     11	 NeutSmallBright	    106.5820	   1496.09	    0.0	    00000000     00000000	   1	[      8]
54    	0     	     10	 NeutLargeBright	    108.9062	   2324.22	    0.0	    00000000     00000000	   1	[      7]
55    	0     	     11	 NeutSmallBright	    111.2812	   2375.00	    0.0	    00000000     00000000	   1	[      8]
56    	0     	     11	 NeutSmallBright	    113.7344	   2453.12	    0.0	    00000000     00000000	   1	[      8]
57    	0     	     10	 NeutLargeBright	    115.8398	   2105.47	    0.0	    00000000     00000000	   1	[      7]
58    	0     	      5	    NegSmallDark	    117.9141	   2074.22	    0.0	    00000000     00000000	   1	[      2]
59    	0     	      7	  NegSmallBright	    120.1250	   2210.94	    0.0	    00000000     00000000	   1	[      4]
60    	0     	      8	   NeutLargeDark	    122.3008	   2175.78	    0.0	    00000000     00000000	   1	[      5]
61    	0     	     13	     condition13	    124.5547	   2253.91	    0.0	    00000000     00000000	   1	[       ]
62    	0     	      2	      condition2	    125.1602	    605.47	    0.0	    00000000     00000000	   1	[       ]
63    	0     	     13	     condition13	    126.5781	   1417.97	    0.0	    00000000     00000000	   1	[       ]
64    	0     	      2	      condition2	    127.2266	    648.44	    0.0	    00000000     00000000	   1	[       ]
65    	0     	      8	   NeutLargeDark	    129.0508	   1824.22	    0.0	    00000000     00000000	   1	[      5]
66    	0     	      6	  NegLargeBright	    131.3555	   2304.69	    0.0	    00000000     00000000	   1	[      3]
67    	0     	     10	 NeutLargeBright	    133.4883	   2132.81	    0.0	    00000000     00000000	   1	[      7]
68    	0     	      6	  NegLargeBright	    135.5352	   2046.88	    0.0	    00000000     00000000	   1	[      3]
69    	0     	      4	    NegLargeDark	    137.6484	   2113.28	    0.0	    00000000     00000000	   1	[      1]
70    	0     	      4	    NegLargeDark	    140.0703	   2421.88	    0.0	    00000000     00000000	   1	[      1]
71    	0     	      5	    NegSmallDark	    142.4141	   2343.75	    0.0	    00000000     00000000	   1	[      2]
72    	0     	      6	  NegLargeBright	    144.7305	   2316.41	    0.0	    00000000     00000000	   1	[      3]
73    	0     	      5	    NegSmallDark	    146.9648	   2234.38	    0.0	    00000000     00000000	   1	[      2]
74    	0     	     10	 NeutLargeBright	    149.3398	   2375.00	    0.0	    00000000     00000000	   1	[      7]
75    	0     	     11	 NeutSmallBright	    151.4922	   2152.34	    0.0	    00000000     00000000	   1	[      8]
76    	0     	      7	  NegSmallBright	    153.8945	   2402.34	    0.0	    00000000     00000000	   1	[      4]
77    	0     	      4	    NegLargeDark	    155.9688	   2074.22	    0.0	    00000000     00000000	   1	[      1]
78    	0     	      6	  NegLargeBright	    158.4258	   2457.03	    0.0	    00000000     00000000	   1	[      3]
79    	0     	    253	              ""	    160.4375	   2011.72	    0.0	    00000000     00000000	   1	[       ]
80    	0     	     10	 NeutLargeBright	    161.4492	   1011.72	    0.0	    00000000     00000000	   1	[      7]
81    	0     	      4	    NegLargeDark	    163.9727	   2523.44	    0.0	    00000000     00000000	   1	[      1]
82    	0     	     11	 NeutSmallBright	    166.0273	   2054.69	    0.0	    00000000     00000000	   1	[      8]
83    	0     	      8	   NeutLargeDark	    168.2812	   2253.91	    0.0	    00000000     00000000	   1	[      5]
84    	0     	      5	    NegSmallDark	    170.4141	   2132.81	    0.0	    00000000     00000000	   1	[      2]
85    	0     	      4	    NegLargeDark	    172.6875	   2273.44	    0.0	    00000000     00000000	   1	[      1]
86    	0     	     10	 NeutLargeBright	    174.9609	   2273.44	    0.0	    00000000     00000000	   1	[      7]
87    	0     	      5	    NegSmallDark	    177.4062	   2445.31	    0.0	    00000000     00000000	   1	[      2]
88    	0     	     11	 NeutSmallBright	    179.5898	   2183.59	    0.0	    00000000     00000000	   1	[      8]
89    	0     	      8	   NeutLargeDark	    181.8125	   2222.66	    0.0	    00000000     00000000	   1	[      5]
90    	0     	     10	 NeutLargeBright	    184.2695	   2457.03	    0.0	    00000000     00000000	   1	[      7]
91    	0     	     12	     condition12	    186.7734	   2503.91	    0.0	    00000000     00000000	   1	[       ]
92    	0     	      2	      condition2	    187.6758	    902.34	    0.0	    00000000     00000000	   1	[       ]
93    	0     	      4	    NegLargeDark	    189.0352	   1359.38	    0.0	    00000000     00000000	   1	[      1]
94    	0     	     15	     condition15	    191.3203	   2285.16	    0.0	    00000000     00000000	   1	[       ]
95    	0     	      2	      condition2	    192.1914	    871.09	    0.0	    00000000     00000000	   1	[       ]
96    	0     	     15	     condition15	    193.6445	   1453.12	    0.0	    00000000     00000000	   1	[       ]
97    	0     	      2	      condition2	    194.2734	    628.91	    0.0	    00000000     00000000	   1	[       ]
98    	0     	      6	  NegLargeBright	    196.0781	   1804.69	    0.0	    00000000     00000000	   1	[      3]
99    	0     	      9	   NeutSmallDark	    198.3828	   2304.69	    0.0	    00000000     00000000	   1	[      6]
100   	0     	      8	   NeutLargeDark	    200.6484	   2265.62	    0.0	    00000000     00000000	   1	[      5]
101   	0     	     12	     condition12	    203.1602	   2511.72	    0.0	    00000000     00000000	   1	[       ]
102   	0     	      2	      condition2	    204.2031	   1042.97	    0.0	    00000000     00000000	   1	[       ]
103   	0     	     10	 NeutLargeBright	    205.6445	   1441.41	    0.0	    00000000     00000000	   1	[      7]
104   	0     	     14	     condition14	    207.9492	   2304.69	    0.0	    00000000     00000000	   1	[       ]
105   	0     	      2	      condition2	    208.5156	    566.41	    0.0	    00000000     00000000	   1	[       ]
106   	0     	      8	   NeutLargeDark	    210.0547	   1539.06	    0.0	    00000000     00000000	   1	[      5]
107   	0     	     11	 NeutSmallBright	    212.0859	   2031.25	    0.0	    00000000     00000000	   1	[      8]
108   	0     	     11	 NeutSmallBright	    214.1914	   2105.47	    0.0	    00000000     00000000	   1	[      8]
109   	0     	     12	     condition12	    216.3164	   2125.00	    0.0	    00000000     00000000	   1	[       ]
110   	0     	      2	      condition2	    216.8750	    558.59	    0.0	    00000000     00000000	   1	[       ]
111   	0     	      5	    NegSmallDark	    218.6797	   1804.69	    0.0	    00000000     00000000	   1	[      2]
112   	0     	      8	   NeutLargeDark	    220.7539	   2074.22	    0.0	    00000000     00000000	   1	[      5]
113   	0     	      6	  NegLargeBright	    222.9648	   2210.94	    0.0	    00000000     00000000	   1	[      3]
114   	0     	      9	   NeutSmallDark	    225.1914	   2226.56	    0.0	    00000000     00000000	   1	[      6]
115   	0     	      4	    NegLargeDark	    227.4844	   2292.97	    0.0	    00000000     00000000	   1	[      1]
116   	0     	      6	  NegLargeBright	    229.8398	   2355.47	    0.0	    00000000     00000000	   1	[      3]
117   	0     	     14	     condition14	    231.9727	   2132.81	    0.0	    00000000     00000000	   1	[       ]
118   	0     	      2	      condition2	    232.7070	    734.38	    0.0	    00000000     00000000	   1	[       ]
119   	0     	     11	 NeutSmallBright	    234.3750	   1667.97	    0.0	    00000000     00000000	   1	[      8]
120   	0     	      6	  NegLargeBright	    236.8203	   2445.31	    0.0	    00000000     00000000	   1	[      3]
121   	0     	      4	    NegLargeDark	    239.0547	   2234.38	    0.0	    00000000     00000000	   1	[      1]
122   	0     	      7	  NegSmallBright	    241.0977	   2042.97	    0.0	    00000000     00000000	   1	[      4]
123   	0     	     12	     condition12	    243.4141	   2316.41	    0.0	    00000000     00000000	   1	[       ]
124   	0     	      2	      condition2	    244.0273	    613.28	    0.0	    00000000     00000000	   1	[       ]
125   	0     	      9	   NeutSmallDark	    245.5273	   1500.00	    0.0	    00000000     00000000	   1	[      6]
126   	0     	      6	  NegLargeBright	    247.8516	   2324.22	    0.0	    00000000     00000000	   1	[      3]
127   	0     	      6	  NegLargeBright	    249.9531	   2101.56	    0.0	    00000000     00000000	   1	[      3]
128   	0     	      7	  NegSmallBright	    252.2773	   2324.22	    0.0	    00000000     00000000	   1	[      4]
129   	0     	     10	 NeutLargeBright	    254.5312	   2253.91	    0.0	    00000000     00000000	   1	[      7]
130   	0     	      7	  NegSmallBright	    256.9883	   2457.03	    0.0	    00000000     00000000	   1	[      4]
131   	0     	      8	   NeutLargeDark	    259.5195	   2531.25	    0.0	    00000000     00000000	   1	[      5]
132   	0     	     11	 NeutSmallBright	    261.6250	   2105.47	    0.0	    00000000     00000000	   1	[      8]
133   	0     	     11	 NeutSmallBright	    264.1172	   2492.19	    0.0	    00000000     00000000	   1	[      8]
134   	0     	      5	    NegSmallDark	    266.5234	   2406.25	    0.0	    00000000     00000000	   1	[      2]
135   	0     	     10	 NeutLargeBright	    268.5977	   2074.22	    0.0	    00000000     00000000	   1	[      7]
136   	0     	      6	  NegLargeBright	    270.6406	   2042.97	    0.0	    00000000     00000000	   1	[      3]
137   	0     	      7	  NegSmallBright	    272.8945	   2253.91	    0.0	    00000000     00000000	   1	[      4]
138   	0     	     14	     condition14	    274.9297	   2035.16	    0.0	    00000000     00000000	   1	[       ]
139   	0     	      2	      condition2	    275.5703	    640.62	    0.0	    00000000     00000000	   1	[       ]
140   	0     	      8	   NeutLargeDark	    277.2734	   1703.12	    0.0	    00000000     00000000	   1	[      5]
141   	0     	     11	 NeutSmallBright	    279.3164	   2042.97	    0.0	    00000000     00000000	   1	[      8]
142   	0     	      4	    NegLargeDark	    281.4805	   2164.06	    0.0	    00000000     00000000	   1	[      1]
143   	0     	      5	    NegSmallDark	    283.5039	   2023.44	    0.0	    00000000     00000000	   1	[      2]
144   	0     	     11	 NeutSmallBright	    285.6055	   2101.56	    0.0	    00000000     00000000	   1	[      8]
145   	0     	      6	  NegLargeBright	    287.7422	   2136.72	    0.0	    00000000     00000000	   1	[      3]
146   	0     	      7	  NegSmallBright	    289.8359	   2093.75	    0.0	    00000000     00000000	   1	[      4]
147   	0     	      6	  NegLargeBright	    292.0586	   2222.66	    0.0	    00000000     00000000	   1	[      3]
148   	0     	      6	  NegLargeBright	    294.4336	   2375.00	    0.0	    00000000     00000000	   1	[      3]
149   	0     	     13	     condition13	    296.6055	   2171.88	    0.0	    00000000     00000000	   1	[       ]
150   	0     	      2	      condition2	    297.1133	    507.81	    0.0	    00000000     00000000	   1	[       ]
151   	0     	      6	  NegLargeBright	    298.7891	   1675.78	    0.0	    00000000     00000000	   1	[      3]
152   	0     	      8	   NeutLargeDark	    300.9922	   2203.12	    0.0	    00000000     00000000	   1	[      5]
153   	0     	      9	   NeutSmallDark	    303.0664	   2074.22	    0.0	    00000000     00000000	   1	[      6]
154   	0     	      7	  NegSmallBright	    305.4805	   2414.06	    0.0	    00000000     00000000	   1	[      4]
155   	0     	      8	   NeutLargeDark	    307.9062	   2425.78	    0.0	    00000000     00000000	   1	[      5]
156   	0     	     11	 NeutSmallBright	    310.1016	   2195.31	    0.0	    00000000     00000000	   1	[      8]
157   	0     	      7	  NegSmallBright	    312.1914	   2089.84	    0.0	    00000000     00000000	   1	[      4]
158   	0     	     11	 NeutSmallBright	    314.4688	   2277.34	    0.0	    00000000     00000000	   1	[      8]
159   	0     	     11	 NeutSmallBright	    316.6016	   2132.81	    0.0	    00000000     00000000	   1	[      8]
160   	0     	      6	  NegLargeBright	    320.7227	   4121.09	    0.0	    00000000     00000000	   1	[      3]
161   	0     	      5	    NegSmallDark	    323.0547	   2332.03	    0.0	    00000000     00000000	   1	[      2]
162   	0     	      7	  NegSmallBright	    325.1094	   2054.69	    0.0	    00000000     00000000	   1	[      4]
163   	0     	     12	     condition12	    327.1836	   2074.22	    0.0	    00000000     00000000	   1	[       ]
164   	0     	      2	      condition2	    327.7578	    574.22	    0.0	    00000000     00000000	   1	[       ]
165   	0     	      9	   NeutSmallDark	    329.6562	   1898.44	    0.0	    00000000     00000000	   1	[      6]
166   	0     	     11	 NeutSmallBright	    332.0234	   2367.19	    0.0	    00000000     00000000	   1	[      8]
167   	0     	      5	    NegSmallDark	    334.1055	   2082.03	    0.0	    00000000     00000000	   1	[      2]
168   	0     	      7	  NegSmallBright	    336.3906	   2285.16	    0.0	    00000000     00000000	   1	[      4]
169   	0     	     10	 NeutLargeBright	    338.7227	   2332.03	    0.0	    00000000     00000000	   1	[      7]
170   	0     	      4	    NegLargeDark	    340.8164	   2093.75	    0.0	    00000000     00000000	   1	[      1]
171   	0     	     10	 NeutLargeBright	    343.2617	   2445.31	    0.0	    00000000     00000000	   1	[      7]
172   	0     	      7	  NegSmallBright	    345.5039	   2242.19	    0.0	    00000000     00000000	   1	[      4]
173   	0     	     11	 NeutSmallBright	    347.8203	   2316.41	    0.0	    00000000     00000000	   1	[      8]
174   	0     	      7	  NegSmallBright	    350.0820	   2261.72	    0.0	    00000000     00000000	   1	[      4]
175   	0     	     10	 NeutLargeBright	    352.4570	   2375.00	    0.0	    00000000     00000000	   1	[      7]
176   	0     	      7	  NegSmallBright	    354.5898	   2132.81	    0.0	    00000000     00000000	   1	[      4]
177   	0     	     12	     condition12	    357.0156	   2425.78	    0.0	    00000000     00000000	   1	[       ]
178   	0     	      2	      condition2	    357.6133	    597.66	    0.0	    00000000     00000000	   1	[       ]
179   	0     	      8	   NeutLargeDark	    359.5312	   1917.97	    0.0	    00000000     00000000	   1	[      5]
180   	0     	      8	   NeutLargeDark	    361.9766	   2445.31	    0.0	    00000000     00000000	   1	[      5]
181   	0     	     14	     condition14	    364.5000	   2523.44	    0.0	    00000000     00000000	   1	[       ]
182   	0     	      2	      condition2	    365.0195	    519.53	    0.0	    00000000     00000000	   1	[       ]
183   	0     	     10	 NeutLargeBright	    366.8242	   1804.69	    0.0	    00000000     00000000	   1	[      7]
184   	0     	      4	    NegLargeDark	    369.1055	   2281.25	    0.0	    00000000     00000000	   1	[      1]
185   	0     	      8	   NeutLargeDark	    371.4922	   2386.72	    0.0	    00000000     00000000	   1	[      5]
186   	0     	      9	   NeutSmallDark	    373.5938	   2101.56	    0.0	    00000000     00000000	   1	[      6]
187   	0     	      5	    NegSmallDark	    376.0508	   2457.03	    0.0	    00000000     00000000	   1	[      2]
188   	0     	      5	    NegSmallDark	    378.2617	   2210.94	    0.0	    00000000     00000000	   1	[      2]
189   	0     	      8	   NeutLargeDark	    380.4375	   2175.78	    0.0	    00000000     00000000	   1	[      5]
190   	0     	      5	    NegSmallDark	    382.6016	   2164.06	    0.0	    00000000     00000000	   1	[      2]
191   	0     	     15	     condition15	    384.7539	   2152.34	    0.0	    00000000     00000000	   1	[       ]
192   	0     	      2	      condition2	    385.4766	    722.66	    0.0	    00000000     00000000	   1	[       ]
193   	0     	      8	   NeutLargeDark	    387.0898	   1613.28	    0.0	    00000000     00000000	   1	[      5]
194   	0     	      6	  NegLargeBright	    389.3711	   2281.25	    0.0	    00000000     00000000	   1	[      3]
195   	0     	      8	   NeutLargeDark	    391.6758	   2304.69	    0.0	    00000000     00000000	   1	[      5]
196   	0     	      9	   NeutSmallDark	    393.9922	   2316.41	    0.0	    00000000     00000000	   1	[      6]
197   	0     	     11	 NeutSmallBright	    396.1953	   2203.12	    0.0	    00000000     00000000	   1	[      8]
198   	0     	     13	     condition13	    398.5508	   2355.47	    0.0	    00000000     00000000	   1	[       ]
199   	0     	      2	      condition2	    399.2227	    671.88	    0.0	    00000000     00000000	   1	[       ]
200   	0     	      8	   NeutLargeDark	    400.5938	   1371.09	    0.0	    00000000     00000000	   1	[      5]
201   	0     	      7	  NegSmallBright	    402.8359	   2242.19	    0.0	    00000000     00000000	   1	[      4]
202   	0     	     15	     condition15	    405.1211	   2285.16	    0.0	    00000000     00000000	   1	[       ]
203   	0     	      2	      condition2	    405.7148	    593.75	    0.0	    00000000     00000000	   1	[       ]
204   	0     	      6	  NegLargeBright	    407.1641	   1449.22	    0.0	    00000000     00000000	   1	[      3]
205   	0     	     11	 NeutSmallBright	    409.6680	   2503.91	    0.0	    00000000     00000000	   1	[      8]
206   	0     	      9	   NeutSmallDark	    412.1719	   2503.91	    0.0	    00000000     00000000	   1	[      6]
207   	0     	      9	   NeutSmallDark	    414.6758	   2503.91	    0.0	    00000000     00000000	   1	[      6]
208   	0     	      6	  NegLargeBright	    416.8398	   2164.06	    0.0	    00000000     00000000	   1	[      3]
209   	0     	     10	 NeutLargeBright	    419.3242	   2484.38	    0.0	    00000000     00000000	   1	[      7]
210   	0     	     12	     condition12	    421.6094	   2285.16	    0.0	    00000000     00000000	   1	[       ]
211   	0     	      2	      condition2	    422.2031	    593.75	    0.0	    00000000     00000000	   1	[       ]
212   	0     	      4	    NegLargeDark	    423.8516	   1648.44	    0.0	    00000000     00000000	   1	[      1]
213   	0     	      7	  NegSmallBright	    426.3164	   2464.84	    0.0	    00000000     00000000	   1	[      4]
214   	0     	      6	  NegLargeBright	    428.4219	   2105.47	    0.0	    00000000     00000000	   1	[      3]
215   	0     	      9	   NeutSmallDark	    430.9062	   2484.38	    0.0	    00000000     00000000	   1	[      6]
216   	0     	      7	  NegSmallBright	    433.3789	   2472.66	    0.0	    00000000     00000000	   1	[      4]
217   	0     	      5	    NegSmallDark	    435.5156	   2136.72	    0.0	    00000000     00000000	   1	[      2]
218   	0     	      4	    NegLargeDark	    437.7773	   2261.72	    0.0	    00000000     00000000	   1	[      1]
219   	0     	      8	   NeutLargeDark	    440.1211	   2343.75	    0.0	    00000000     00000000	   1	[      5]
220   	0     	     11	 NeutSmallBright	    442.4961	   2375.00	    0.0	    00000000     00000000	   1	[      8]
221   	0     	      4	    NegLargeDark	    444.7383	   2242.19	    0.0	    00000000     00000000	   1	[      1]
222   	0     	      9	   NeutSmallDark	    446.9727	   2234.38	    0.0	    00000000     00000000	   1	[      6]
223   	0     	     10	 NeutLargeBright	    449.1289	   2156.25	    0.0	    00000000     00000000	   1	[      7]
224   	0     	      7	  NegSmallBright	    451.3906	   2261.72	    0.0	    00000000     00000000	   1	[      4]
225   	0     	     11	 NeutSmallBright	    453.6172	   2226.56	    0.0	    00000000     00000000	   1	[      8]
226   	0     	      7	  NegSmallBright	    456.0703	   2453.12	    0.0	    00000000     00000000	   1	[      4]
227   	0     	      7	  NegSmallBright	    458.5234	   2453.12	    0.0	    00000000     00000000	   1	[      4]
228   	0     	      6	  NegLargeBright	    461.0469	   2523.44	    0.0	    00000000     00000000	   1	[      3]
229   	0     	      5	    NegSmallDark	    463.1641	   2117.19	    0.0	    00000000     00000000	   1	[      2]
230   	0     	      4	    NegLargeDark	    465.4062	   2242.19	    0.0	    00000000     00000000	   1	[      1]
231   	0     	      9	   NeutSmallDark	    467.6211	   2214.84	    0.0	    00000000     00000000	   1	[      6]
232   	0     	      9	   NeutSmallDark	    469.8047	   2183.59	    0.0	    00000000     00000000	   1	[      6]
233   	0     	      4	    NegLargeDark	    472.1172	   2312.50	    0.0	    00000000     00000000	   1	[      1]
234   	0     	      5	    NegSmallDark	    474.4727	   2355.47	    0.0	    00000000     00000000	   1	[      2]
235   	0     	      9	   NeutSmallDark	    476.9570	   2484.38	    0.0	    00000000     00000000	   1	[      6]
236   	0     	      9	   NeutSmallDark	    479.1406	   2183.59	    0.0	    00000000     00000000	   1	[      6]
237   	0     	    253	              ""	    481.3438	   2203.12	    0.0	    00000000     00000000	   1	[       ]
238   	0     	     11	 NeutSmallBright	    482.3398	    996.09	    0.0	    00000000     00000000	   1	[      8]
239   	0     	      9	   NeutSmallDark	    484.7930	   2453.12	    0.0	    00000000     00000000	   1	[      6]
240   	0     	      8	   NeutLargeDark	    486.8672	   2074.22	    0.0	    00000000     00000000	   1	[      5]
241   	0     	      6	  NegLargeBright	    489.3516	   2484.38	    0.0	    00000000     00000000	   1	[      3]
242   	0     	      4	    NegLargeDark	    491.6562	   2304.69	    0.0	    00000000     00000000	   1	[      1]
243   	0     	      6	  NegLargeBright	    494.1289	   2472.66	    0.0	    00000000     00000000	   1	[      3]
244   	0     	     11	 NeutSmallBright	    496.3555	   2226.56	    0.0	    00000000     00000000	   1	[      8]
245   	0     	      7	  NegSmallBright	    498.4570	   2101.56	    0.0	    00000000     00000000	   1	[      4]
246   	0     	      6	  NegLargeBright	    500.6406	   2183.59	    0.0	    00000000     00000000	   1	[      3]
247   	0     	     11	 NeutSmallBright	    502.7969	   2156.25	    0.0	    00000000     00000000	   1	[      8]
248   	0     	      5	    NegSmallDark	    505.1406	   2343.75	    0.0	    00000000     00000000	   1	[      2]
249   	0     	      6	  NegLargeBright	    507.5234	   2382.81	    0.0	    00000000     00000000	   1	[      3]
250   	0     	      7	  NegSmallBright	    509.8281	   2304.69	    0.0	    00000000     00000000	   1	[      4]
251   	0     	      9	   NeutSmallDark	    512.1641	   2335.94	    0.0	    00000000     00000000	   1	[      6]
252   	0     	      4	    NegLargeDark	    514.3359	   2171.88	    0.0	    00000000     00000000	   1	[      1]
253   	0     	      9	   NeutSmallDark	    516.4102	   2074.22	    0.0	    00000000     00000000	   1	[      6]
254   	0     	      9	   NeutSmallDark	    518.7539	   2343.75	    0.0	    00000000     00000000	   1	[      6]
255   	0     	      9	   NeutSmallDark	    521.1484	   2394.53	    0.0	    00000000     00000000	   1	[      6]
256   	0     	      4	    NegLargeDark	    523.5625	   2414.06	    0.0	    00000000     00000000	   1	[      1]
257   	0     	     10	 NeutLargeBright	    525.9570	   2394.53	    0.0	    00000000     00000000	   1	[      7]
258   	0     	     13	     condition13	    528.4492	   2492.19	    0.0	    00000000     00000000	   1	[       ]
259   	0     	      2	      condition2	    529.1133	    664.06	    0.0	    00000000     00000000	   1	[       ]
260   	0     	      7	  NegSmallBright	    530.5547	   1441.41	    0.0	    00000000     00000000	   1	[      4]
261   	0     	      4	    NegLargeDark	    532.8906	   2335.94	    0.0	    00000000     00000000	   1	[      1]
262   	0     	      8	   NeutLargeDark	    535.2227	   2332.03	    0.0	    00000000     00000000	   1	[      5]
263   	0     	      9	   NeutSmallDark	    537.4180	   2195.31	    0.0	    00000000     00000000	   1	[      6]
264   	0     	      8	   NeutLargeDark	    539.6797	   2261.72	    0.0	    00000000     00000000	   1	[      5]
265   	0     	      7	  NegSmallBright	    541.7656	   2085.94	    0.0	    00000000     00000000	   1	[      4]
266   	0     	      4	    NegLargeDark	    544.1484	   2382.81	    0.0	    00000000     00000000	   1	[      1]
267   	0     	      5	    NegSmallDark	    546.1836	   2035.16	    0.0	    00000000     00000000	   1	[      2]
268   	0     	      4	    NegLargeDark	    548.5273	   2343.75	    0.0	    00000000     00000000	   1	[      1]
269   	0     	      4	    NegLargeDark	    550.6094	   2082.03	    0.0	    00000000     00000000	   1	[      1]
270   	0     	      9	   NeutSmallDark	    552.9336	   2324.22	    0.0	    00000000     00000000	   1	[      6]
271   	0     	      6	  NegLargeBright	    555.2891	   2355.47	    0.0	    00000000     00000000	   1	[      3]
272   	0     	     10	 NeutLargeBright	    557.4023	   2113.28	    0.0	    00000000     00000000	   1	[      7]
273   	0     	      8	   NeutLargeDark	    559.7578	   2355.47	    0.0	    00000000     00000000	   1	[      5]
274   	0     	      4	    NegLargeDark	    562.0703	   2312.50	    0.0	    00000000     00000000	   1	[      1]
275   	0     	      8	   NeutLargeDark	    564.3438	   2273.44	    0.0	    00000000     00000000	   1	[      5]
276   	0     	     11	 NeutSmallBright	    566.8203	   2476.56	    0.0	    00000000     00000000	   1	[      8]
277   	0     	     12	     condition12	    569.2812	   2460.94	    0.0	    00000000     00000000	   1	[       ]
278   	0     	      2	      condition2	    569.8867	    605.47	    0.0	    00000000     00000000	   1	[       ]
279   	0     	      4	    NegLargeDark	    571.6680	   1781.25	    0.0	    00000000     00000000	   1	[      1]
280   	0     	     10	 NeutLargeBright	    573.7812	   2113.28	    0.0	    00000000     00000000	   1	[      7]
281   	0     	     10	 NeutLargeBright	    575.9258	   2144.53	    0.0	    00000000     00000000	   1	[      7]
282   	0     	     14	     condition14	    578.3594	   2433.59	    0.0	    00000000     00000000	   1	[       ]
283   	0     	      8	   NeutLargeDark	    580.4219	   2062.50	    0.0	    00000000     00000000	   1	[      5]
284   	0     	      4	    NegLargeDark	    582.7070	   2285.16	    0.0	    00000000     00000000	   1	[      1]
285   	0     	      9	   NeutSmallDark	    584.8594	   2152.34	    0.0	    00000000     00000000	   1	[      6]
286   	0     	      8	   NeutLargeDark	    587.3047	   2445.31	    0.0	    00000000     00000000	   1	[      5]
287   	0     	      7	  NegSmallBright	    589.4688	   2164.06	    0.0	    00000000     00000000	   1	[      4]
288   	0     	      8	   NeutLargeDark	    591.9922	   2523.44	    0.0	    00000000     00000000	   1	[      5]
289   	0     	      5	    NegSmallDark	    594.2383	   2246.09	    0.0	    00000000     00000000	   1	[      2]
290   	0     	     11	 NeutSmallBright	    596.2812	   2042.97	    0.0	    00000000     00000000	   1	[      8]
291   	0     	      6	  NegLargeBright	    598.4141	   2132.81	    0.0	    00000000     00000000	   1	[      3]
292   	0     	      8	   NeutLargeDark	    600.7578	   2343.75	    0.0	    00000000     00000000	   1	[      5]
293   	0     	      5	    NegSmallDark	    602.8711	   2113.28	    0.0	    00000000     00000000	   1	[      2]
294   	0     	     15	     condition15	    604.9648	   2093.75	    0.0	    00000000     00000000	   1	[       ]
295   	0     	      2	      condition2	    605.6211	    656.25	    0.0	    00000000     00000000	   1	[       ]
296   	0     	      8	   NeutLargeDark	    607.1992	   1578.12	    0.0	    00000000     00000000	   1	[      5]
297   	0     	      6	  NegLargeBright	    609.5742	   2375.00	    0.0	    00000000     00000000	   1	[      3]
298   	0     	     11	 NeutSmallBright	    611.7656	   2191.41	    0.0	    00000000     00000000	   1	[      8]
299   	0     	     13	     condition13	    613.9414	   2175.78	    0.0	    00000000     00000000	   1	[       ]
300   	0     	      2	      condition2	    614.7070	    765.62	    0.0	    00000000     00000000	   1	[       ]
301   	0     	     10	 NeutLargeBright	    616.0547	   1347.66	    0.0	    00000000     00000000	   1	[      7]
302   	0     	     13	     condition13	    618.3477	   2292.97	    0.0	    00000000     00000000	   1	[       ]
303   	0     	      2	      condition2	    618.9062	    558.59	    0.0	    00000000     00000000	   1	[       ]
304   	0     	     15	     condition15	    620.8047	   1898.44	    0.0	    00000000     00000000	   1	[       ]
305   	0     	      2	      condition2	    621.5703	    765.62	    0.0	    00000000     00000000	   1	[       ]
306   	0     	      9	   NeutSmallDark	    623.0664	   1496.09	    0.0	    00000000     00000000	   1	[      6]
307   	0     	     10	 NeutLargeBright	    625.4727	   2406.25	    0.0	    00000000     00000000	   1	[      7]
308   	0     	     10	 NeutLargeBright	    627.6641	   2191.41	    0.0	    00000000     00000000	   1	[      7]
309   	0     	      9	   NeutSmallDark	    629.8984	   2234.38	    0.0	    00000000     00000000	   1	[      6]
310   	0     	      6	  NegLargeBright	    632.1250	   2226.56	    0.0	    00000000     00000000	   1	[      3]
311   	0     	      6	  NegLargeBright	    634.5859	   2460.94	    0.0	    00000000     00000000	   1	[      3]
312   	0     	     14	     condition14	    636.7305	   2144.53	    0.0	    00000000     00000000	   1	[       ]
313   	0     	      2	      condition2	    637.4023	    671.88	    0.0	    00000000     00000000	   1	[       ]
314   	0     	     10	 NeutLargeBright	    639.2148	   1812.50	    0.0	    00000000     00000000	   1	[      7]
315   	0     	     12	     condition12	    642.1719	   2957.03	    0.0	    00000000     00000000	   1	[       ]
316   	0     	      2	      condition2	    642.7969	    625.00	    0.0	    00000000     00000000	   1	[       ]
317   	0     	      9	   NeutSmallDark	    644.5742	   1777.34	    0.0	    00000000     00000000	   1	[      6]
318   	0     	      9	   NeutSmallDark	    646.9375	   2363.28	    0.0	    00000000     00000000	   1	[      6]
319   	0     	      8	   NeutLargeDark	    649.1016	   2164.06	    0.0	    00000000     00000000	   1	[      5]
320   	0     	      9	   NeutSmallDark	    651.5586	   2457.03	    0.0	    00000000     00000000	   1	[      6]
321   	0     	      4	    NegLargeDark	    653.7500	   2191.41	    0.0	    00000000     00000000	   1	[      1]
322   	0     	     12	     condition12	    656.1641	   2414.06	    0.0	    00000000     00000000	   1	[       ]
323   	0     	      2	      condition2	    656.7422	    578.12	    0.0	    00000000     00000000	   1	[       ]
324   	0     	     10	 NeutLargeBright	    658.3984	   1656.25	    0.0	    00000000     00000000	   1	[      7]
325   	0     	      8	   NeutLargeDark	    660.7734	   2375.00	    0.0	    00000000     00000000	   1	[      5]
326   	0     	     10	 NeutLargeBright	    662.9766	   2203.12	    0.0	    00000000     00000000	   1	[      7]
327   	0     	      6	  NegLargeBright	    665.5117	   2535.16	    0.0	    00000000     00000000	   1	[      3]
328   	0     	     13	     condition13	    667.7539	   2242.19	    0.0	    00000000     00000000	   1	[       ]
329   	0     	      2	      condition2	    668.3008	    546.88	    0.0	    00000000     00000000	   1	[       ]
330   	0     	      4	    NegLargeDark	    670.0586	   1757.81	    0.0	    00000000     00000000	   1	[      1]
331   	0     	     14	     condition14	    672.5352	   2476.56	    0.0	    00000000     00000000	   1	[       ]
332   	0     	      2	      condition2	    673.1172	    582.03	    0.0	    00000000     00000000	   1	[       ]
333   	0     	      5	    NegSmallDark	    674.7383	   1621.09	    0.0	    00000000     00000000	   1	[      2]
334   	0     	      5	    NegSmallDark	    676.9219	   2183.59	    0.0	    00000000     00000000	   1	[      2]
335   	0     	      4	    NegLargeDark	    679.1172	   2195.31	    0.0	    00000000     00000000	   1	[      1]
336   	0     	      9	   NeutSmallDark	    681.2109	   2093.75	    0.0	    00000000     00000000	   1	[      6]
337   	0     	      7	  NegSmallBright	    683.6016	   2390.62	    0.0	    00000000     00000000	   1	[      4]
338   	0     	     13	     condition13	    685.8164	   2214.84	    0.0	    00000000     00000000	   1	[       ]
339   	0     	      2	      condition2	    686.5352	    718.75	    0.0	    00000000     00000000	   1	[       ]
340   	0     	     10	 NeutLargeBright	    688.2930	   1757.81	    0.0	    00000000     00000000	   1	[      7]
341   	0     	     13	     condition13	    690.5547	   2261.72	    0.0	    00000000     00000000	   1	[       ]
342   	0     	      2	      condition2	    691.1641	    609.38	    0.0	    00000000     00000000	   1	[       ]
343   	0     	      6	  NegLargeBright	    692.6680	   1503.91	    0.0	    00000000     00000000	   1	[      3]
344   	0     	     15	     condition15	    695.1445	   2476.56	    0.0	    00000000     00000000	   1	[       ]
345   	0     	      2	      condition2	    695.8125	    667.97	    0.0	    00000000     00000000	   1	[       ]
346   	0     	      7	  NegSmallBright	    697.5391	   1726.56	    0.0	    00000000     00000000	   1	[      4]
347   	0     	      9	   NeutSmallDark	    699.7305	   2191.41	    0.0	    00000000     00000000	   1	[      6]
348   	0     	     10	 NeutLargeBright	    701.8750	   2144.53	    0.0	    00000000     00000000	   1	[      7]
349   	0     	      4	    NegLargeDark	    704.1289	   2253.91	    0.0	    00000000     00000000	   1	[      1]
350   	0     	      5	    NegSmallDark	    706.4844	   2355.47	    0.0	    00000000     00000000	   1	[      2]
351   	0     	      5	    NegSmallDark	    708.7070	   2222.66	    0.0	    00000000     00000000	   1	[      2]
352   	0     	     13	     condition13	    710.8906	   2183.59	    0.0	    00000000     00000000	   1	[       ]
353   	0     	      2	      condition2	    711.4609	    570.31	    0.0	    00000000     00000000	   1	[       ]
354   	0     	     10	 NeutLargeBright	    713.1641	   1703.12	    0.0	    00000000     00000000	   1	[      7]
355   	0     	      5	    NegSmallDark	    715.6602	   2496.09	    0.0	    00000000     00000000	   1	[      2]
356   	0     	      5	    NegSmallDark	    718.1055	   2445.31	    0.0	    00000000     00000000	   1	[      2]
357   	0     	     12	     condition12	    720.5781	   2472.66	    0.0	    00000000     00000000	   1	[       ]
358   	0     	      2	      condition2	    721.2070	    628.91	    0.0	    00000000     00000000	   1	[       ]
359   	0     	      7	  NegSmallBright	    722.7539	   1546.88	    0.0	    00000000     00000000	   1	[      4]
360   	0     	     14	     condition14	    725.0156	   2261.72	    0.0	    00000000     00000000	   1	[       ]
361   	0     	      2	      condition2	    725.5859	    570.31	    0.0	    00000000     00000000	   1	[       ]
362   	0     	     15	     condition15	    727.3984	   1812.50	    0.0	    00000000     00000000	   1	[       ]
363   	0     	      2	      condition2	    728.0664	    667.97	    0.0	    00000000     00000000	   1	[       ]
364   	0     	      6	  NegLargeBright	    729.8242	   1757.81	    0.0	    00000000     00000000	   1	[      3]
365   	0     	      5	    NegSmallDark	    732.0391	   2214.84	    0.0	    00000000     00000000	   1	[      2]
366   	0     	      4	    NegLargeDark	    734.5117	   2472.66	    0.0	    00000000     00000000	   1	[      1]
367   	0     	      9	   NeutSmallDark	    737.0156	   2503.91	    0.0	    00000000     00000000	   1	[      6]
368   	0     	      5	    NegSmallDark	    739.1602	   2144.53	    0.0	    00000000     00000000	   1	[      2]
369   	0     	      9	   NeutSmallDark	    741.4648	   2304.69	    0.0	    00000000     00000000	   1	[      6]
370   	0     	      9	   NeutSmallDark	    743.8594	   2394.53	    0.0	    00000000     00000000	   1	[      6]
371   	0     	     12	     condition12	    746.3555	   2496.09	    0.0	    00000000     00000000	   1	[       ]
372   	0     	      2	      condition2	    746.9102	    554.69	    0.0	    00000000     00000000	   1	[       ]
373   	0     	     11	 NeutSmallBright	    748.4688	   1558.59	    0.0	    00000000     00000000	   1	[      8]
374   	0     	      8	   NeutLargeDark	    750.5312	   2062.50	    0.0	    00000000     00000000	   1	[      5]
375   	0     	     15	     condition15	    752.9570	   2425.78	    0.0	    00000000     00000000	   1	[       ]
376   	0     	      2	      condition2	    753.5938	    636.72	    0.0	    00000000     00000000	   1	[       ]
377   	0     	      7	  NegSmallBright	    755.3086	   1714.84	    0.0	    00000000     00000000	   1	[      4]
378   	0     	      6	  NegLargeBright	    757.3711	   2062.50	    0.0	    00000000     00000000	   1	[      3]
379   	0     	     12	     condition12	    759.5156	   2144.53	    0.0	    00000000     00000000	   1	[       ]
380   	0     	      2	      condition2	    760.0625	    546.88	    0.0	    00000000     00000000	   1	[       ]
381   	0     	     11	 NeutSmallBright	    761.7422	   1679.69	    0.0	    00000000     00000000	   1	[      8]
382   	0     	      5	    NegSmallDark	    763.9453	   2203.12	    0.0	    00000000     00000000	   1	[      2]
383   	0     	      9	   NeutSmallDark	    766.4688	   2523.44	    0.0	    00000000     00000000	   1	[      6]
384   	0     	      8	   NeutLargeDark	    768.6641	   2195.31	    0.0	    00000000     00000000	   1	[      5]
385   	0     	      8	   NeutLargeDark	    770.7656	   2101.56	    0.0	    00000000     00000000	   1	[      5]
386   	0     	      6	  NegLargeBright	    773.0195	   2253.91	    0.0	    00000000     00000000	   1	[      3]
387   	0     	      5	    NegSmallDark	    775.3359	   2316.41	    0.0	    00000000     00000000	   1	[      2]
388   	0     	      7	  NegSmallBright	    777.7188	   2382.81	    0.0	    00000000     00000000	   1	[      4]
389   	0     	     10	 NeutLargeBright	    780.1133	   2394.53	    0.0	    00000000     00000000	   1	[      7]
390   	0     	     10	 NeutLargeBright	    782.3672	   2253.91	    0.0	    00000000     00000000	   1	[      7]
391   	0     	      5	    NegSmallDark	    784.4805	   2113.28	    0.0	    00000000     00000000	   1	[      2]
392   	0     	     10	 NeutLargeBright	    786.6641	   2183.59	    0.0	    00000000     00000000	   1	[      7]
393   	0     	      5	    NegSmallDark	    789.0703	   2406.25	    0.0	    00000000     00000000	   1	[      2]
394   	0     	     11	 NeutSmallBright	    791.1914	   2121.09	    0.0	    00000000     00000000	   1	[      8]
395   	0     	     11	 NeutSmallBright	    793.4062	   2214.84	    0.0	    00000000     00000000	   1	[      8]
396   	0     	     10	 NeutLargeBright	    795.8516	   2445.31	    0.0	    00000000     00000000	   1	[      7]
397   	0     	      6	  NegLargeBright	    798.1562	   2304.69	    0.0	    00000000     00000000	   1	[      3]
398   	0     	      9	   NeutSmallDark	    800.2266	   2070.31	    0.0	    00000000     00000000	   1	[      6]
399   	0     	    253	              ""	    802.9375	   2710.94	    0.0	    00000000     00000000	   1	[       ]
400   	0     	      5	    NegSmallDark	    803.9453	   1007.81	    0.0	    00000000     00000000	   1	[      2]
401   	0     	     11	 NeutSmallBright	    806.1875	   2242.19	    0.0	    00000000     00000000	   1	[      8]
402   	0     	      9	   NeutSmallDark	    808.5703	   2382.81	    0.0	    00000000     00000000	   1	[      6]
403   	0     	      9	   NeutSmallDark	    811.0664	   2496.09	    0.0	    00000000     00000000	   1	[      6]
404   	0     	      6	  NegLargeBright	    813.5898	   2523.44	    0.0	    00000000     00000000	   1	[      3]
405   	0     	      9	   NeutSmallDark	    815.8359	   2246.09	    0.0	    00000000     00000000	   1	[      6]
406   	0     	      6	  NegLargeBright	    818.0078	   2171.88	    0.0	    00000000     00000000	   1	[      3]
407   	0     	      5	    NegSmallDark	    820.4414	   2433.59	    0.0	    00000000     00000000	   1	[      2]
408   	0     	      8	   NeutLargeDark	    822.7578	   2316.41	    0.0	    00000000     00000000	   1	[      5]
409   	0     	      8	   NeutLargeDark	    824.8711	   2113.28	    0.0	    00000000     00000000	   1	[      5]
410   	0     	     15	     condition15	    827.2266	   2355.47	    0.0	    00000000     00000000	   1	[       ]
411   	0     	      2	      condition2	    827.9258	    699.22	    0.0	    00000000     00000000	   1	[       ]
412   	0     	     11	 NeutSmallBright	    829.6484	   1722.66	    0.0	    00000000     00000000	   1	[      8]
413   	0     	     13	     condition13	    831.7422	   2093.75	    0.0	    00000000     00000000	   1	[       ]
414   	0     	      2	      condition2	    832.2617	    519.53	    0.0	    00000000     00000000	   1	[       ]
415   	0     	      9	   NeutSmallDark	    833.8555	   1593.75	    0.0	    00000000     00000000	   1	[      6]
416   	0     	      5	    NegSmallDark	    836.1992	   2343.75	    0.0	    00000000     00000000	   1	[      2]
417   	0     	     11	 NeutSmallBright	    838.4766	   2277.34	    0.0	    00000000     00000000	   1	[      8]
418   	0     	     10	 NeutLargeBright	    840.9805	   2503.91	    0.0	    00000000     00000000	   1	[      7]
419   	0     	      9	   NeutSmallDark	    843.3516	   2371.09	    0.0	    00000000     00000000	   1	[      6]
420   	0     	     10	 NeutLargeBright	    845.3867	   2035.16	    0.0	    00000000     00000000	   1	[      7]
421   	0     	      8	   NeutLargeDark	    847.7109	   2324.22	    0.0	    00000000     00000000	   1	[      5]
422   	0     	     11	 NeutSmallBright	    849.8945	   2183.59	    0.0	    00000000     00000000	   1	[      8]
423   	0     	      4	    NegLargeDark	    852.1602	   2265.62	    0.0	    00000000     00000000	   1	[      1]
424   	0     	     10	 NeutLargeBright	    854.6719	   2511.72	    0.0	    00000000     00000000	   1	[      7]
425   	0     	      6	  NegLargeBright	    857.0977	   2425.78	    0.0	    00000000     00000000	   1	[      3]
426   	0     	     14	     condition14	    859.1992	   2101.56	    0.0	    00000000     00000000	   1	[       ]
427   	0     	      2	      condition2	    859.8828	    683.59	    0.0	    00000000     00000000	   1	[       ]
428   	0     	     15	     condition15	    861.3945	   1511.72	    0.0	    00000000     00000000	   1	[       ]
429   	0     	      2	      condition2	    862.1133	    718.75	    0.0	    00000000     00000000	   1	[       ]
430   	0     	     10	 NeutLargeBright	    863.8711	   1757.81	    0.0	    00000000     00000000	   1	[      7]
431   	0     	      8	   NeutLargeDark	    866.2148	   2343.75	    0.0	    00000000     00000000	   1	[      5]
432   	0     	     10	 NeutLargeBright	    868.7461	   2531.25	    0.0	    00000000     00000000	   1	[      7]
433   	0     	     10	 NeutLargeBright	    871.0234	   2277.34	    0.0	    00000000     00000000	   1	[      7]
434   	0     	      7	  NegSmallBright	    873.3867	   2363.28	    0.0	    00000000     00000000	   1	[      4]
435   	0     	     12	     condition12	    875.6719	   2285.16	    0.0	    00000000     00000000	   1	[       ]
436   	0     	      2	      condition2	    876.3008	    628.91	    0.0	    00000000     00000000	   1	[       ]
437   	0     	     10	 NeutLargeBright	    877.7852	   1484.38	    0.0	    00000000     00000000	   1	[      7]
438   	0     	      9	   NeutSmallDark	    880.0195	   2234.38	    0.0	    00000000     00000000	   1	[      6]
439   	0     	      5	    NegSmallDark	    882.5039	   2484.38	    0.0	    00000000     00000000	   1	[      2]
440   	0     	      6	  NegLargeBright	    884.7070	   2203.12	    0.0	    00000000     00000000	   1	[      3]
441   	0     	      6	  NegLargeBright	    886.8086	   2101.56	    0.0	    00000000     00000000	   1	[      3]
442   	0     	     15	     condition15	    889.0547	   2246.09	    0.0	    00000000     00000000	   1	[       ]
443   	0     	      2	      condition2	    889.8125	    757.81	    0.0	    00000000     00000000	   1	[       ]
444   	0     	      7	  NegSmallBright	    891.5586	   1746.09	    0.0	    00000000     00000000	   1	[      4]
445   	0     	     11	 NeutSmallBright	    893.8711	   2312.50	    0.0	    00000000     00000000	   1	[      8]
446   	0     	     10	 NeutLargeBright	    896.3281	   2457.03	    0.0	    00000000     00000000	   1	[      7]
447   	0     	     12	     condition12	    898.7305	   2402.34	    0.0	    00000000     00000000	   1	[       ]
448   	0     	      2	      condition2	    899.2539	    523.44	    0.0	    00000000     00000000	   1	[       ]
449   	0     	      7	  NegSmallBright	    901.0039	   1750.00	    0.0	    00000000     00000000	   1	[      4]
450   	0     	     11	 NeutSmallBright	    903.3672	   2363.28	    0.0	    00000000     00000000	   1	[      8]
451   	0     	      9	   NeutSmallDark	    905.4609	   2093.75	    0.0	    00000000     00000000	   1	[      6]
452   	0     	      9	   NeutSmallDark	    907.7461	   2285.16	    0.0	    00000000     00000000	   1	[      6]
453   	0     	     14	     condition14	    909.8906	   2144.53	    0.0	    00000000     00000000	   1	[       ]
454   	0     	      2	      condition2	    910.4492	    558.59	    0.0	    00000000     00000000	   1	[       ]
455   	0     	      9	   NeutSmallDark	    912.3750	   1925.78	    0.0	    00000000     00000000	   1	[      6]
456   	0     	     10	 NeutLargeBright	    914.5781	   2203.12	    0.0	    00000000     00000000	   1	[      7]
457   	0     	      4	    NegLargeDark	    916.7734	   2195.31	    0.0	    00000000     00000000	   1	[      1]
458   	0     	      5	    NegSmallDark	    919.0469	   2273.44	    0.0	    00000000     00000000	   1	[      2]
459   	0     	     12	     condition12	    921.1914	   2144.53	    0.0	    00000000     00000000	   1	[       ]
460   	0     	      2	      condition2	    921.7500	    558.59	    0.0	    00000000     00000000	   1	[       ]
461   	0     	     11	 NeutSmallBright	    923.4453	   1695.31	    0.0	    00000000     00000000	   1	[      8]
462   	0     	      6	  NegLargeBright	    925.6992	   2253.91	    0.0	    00000000     00000000	   1	[      3]
463   	0     	      7	  NegSmallBright	    928.0312	   2332.03	    0.0	    00000000     00000000	   1	[      4]
464   	0     	      4	    NegLargeDark	    930.4375	   2406.25	    0.0	    00000000     00000000	   1	[      1]
465   	0     	      8	   NeutLargeDark	    932.7617	   2324.22	    0.0	    00000000     00000000	   1	[      5]
466   	0     	      6	  NegLargeBright	    935.2656	   2503.91	    0.0	    00000000     00000000	   1	[      3]
467   	0     	      6	  NegLargeBright	    937.6602	   2394.53	    0.0	    00000000     00000000	   1	[      3]
468   	0     	      4	    NegLargeDark	    940.0625	   2402.34	    0.0	    00000000     00000000	   1	[      1]
469   	0     	      6	  NegLargeBright	    942.1055	   2042.97	    0.0	    00000000     00000000	   1	[      3]
470   	0     	      8	   NeutLargeDark	    944.5117	   2406.25	    0.0	    00000000     00000000	   1	[      5]
471   	0     	      4	    NegLargeDark	    946.8633	   2351.56	    0.0	    00000000     00000000	   1	[      1]
472   	0     	      9	   NeutSmallDark	    949.2773	   2414.06	    0.0	    00000000     00000000	   1	[      6]
473   	0     	      7	  NegSmallBright	    951.4219	   2144.53	    0.0	    00000000     00000000	   1	[      4]
474   	0     	      5	    NegSmallDark	    953.5664	   2144.53	    0.0	    00000000     00000000	   1	[      2]
475   	0     	      4	    NegLargeDark	    955.6992	   2132.81	    0.0	    00000000     00000000	   1	[      1]
476   	0     	      8	   NeutLargeDark	    957.7422	   2042.97	    0.0	    00000000     00000000	   1	[      5]
477   	0     	      7	  NegSmallBright	    959.9688	   2226.56	    0.0	    00000000     00000000	   1	[      4]
478   	0     	      4	    NegLargeDark	    962.2422	   2273.44	    0.0	    00000000     00000000	   1	[      1]
479   	0     	    253	              ""	    964.5312	   2289.06	    0.0	    00000000     00000000	   1	[       ]
480   	0     	     10	 NeutLargeBright	    965.5391	   1007.81	    0.0	    00000000     00000000	   1	[      7]
481   	0     	     10	 NeutLargeBright	    968.0117	   2472.66	    0.0	    00000000     00000000	   1	[      7]
482   	0     	     11	 NeutSmallBright	    970.3281	   2316.41	    0.0	    00000000     00000000	   1	[      8]
483   	0     	     15	     condition15	    972.8398	   2511.72	    0.0	    00000000     00000000	   1	[       ]
484   	0     	      2	      condition2	    973.3516	    511.72	    0.0	    00000000     00000000	   1	[       ]
485   	0     	      6	  NegLargeBright	    974.9766	   1625.00	    0.0	    00000000     00000000	   1	[      3]
486   	0     	     14	     condition14	    977.2773	   2300.78	    0.0	    00000000     00000000	   1	[       ]
487   	0     	      2	      condition2	    978.0508	    773.44	    0.0	    00000000     00000000	   1	[       ]
488   	0     	      7	  NegSmallBright	    979.5117	   1460.94	    0.0	    00000000     00000000	   1	[      4]
489   	0     	      8	   NeutLargeDark	    981.9766	   2464.84	    0.0	    00000000     00000000	   1	[      5]
490   	0     	      6	  NegLargeBright	    984.1602	   2183.59	    0.0	    00000000     00000000	   1	[      3]
491   	0     	     10	 NeutLargeBright	    986.3867	   2226.56	    0.0	    00000000     00000000	   1	[      7]
492   	0     	      4	    NegLargeDark	    988.9102	   2523.44	    0.0	    00000000     00000000	   1	[      1]
493   	0     	      5	    NegSmallDark	    990.9531	   2042.97	    0.0	    00000000     00000000	   1	[      2]
494   	0     	      9	   NeutSmallDark	    993.3281	   2375.00	    0.0	    00000000     00000000	   1	[      6]
495   	0     	     11	 NeutSmallBright	    995.6914	   2363.28	    0.0	    00000000     00000000	   1	[      8]
496   	0     	      9	   NeutSmallDark	    997.9648	   2273.44	    0.0	    00000000     00000000	   1	[      6]
497   	0     	      4	    NegLargeDark	   1000.3477	   2382.81	    0.0	    00000000     00000000	   1	[      1]
498   	0     	      8	   NeutLargeDark	   1002.6719	   2324.22	    0.0	    00000000     00000000	   1	[      5]
499   	0     	     11	 NeutSmallBright	   1004.7578	   2085.94	    0.0	    00000000     00000000	   1	[      8]
500   	0     	      4	    NegLargeDark	   1007.1523	   2394.53	    0.0	    00000000     00000000	   1	[      1]
501   	0     	      9	   NeutSmallDark	   1009.3242	   2171.88	    0.0	    00000000     00000000	   1	[      6]
502   	0     	      9	   NeutSmallDark	   1011.7578	   2433.59	    0.0	    00000000     00000000	   1	[      6]
503   	0     	      4	    NegLargeDark	   1013.8438	   2085.94	    0.0	    00000000     00000000	   1	[      1]
504   	0     	     10	 NeutLargeBright	   1016.0156	   2171.88	    0.0	    00000000     00000000	   1	[      7]
505   	0     	      4	    NegLargeDark	   1018.2891	   2273.44	    0.0	    00000000     00000000	   1	[      1]
506   	0     	     14	     condition14	   1020.5742	   2285.16	    0.0	    00000000     00000000	   1	[       ]
507   	0     	      2	      condition2	   1021.2422	    667.97	    0.0	    00000000     00000000	   1	[       ]
508   	0     	     13	     condition13	   1022.7070	   1464.84	    0.0	    00000000     00000000	   1	[       ]
509   	0     	      2	      condition2	   1023.3125	    605.47	    0.0	    00000000     00000000	   1	[       ]
510   	0     	     11	 NeutSmallBright	   1024.7812	   1468.75	    0.0	    00000000     00000000	   1	[      8]
511   	0     	     13	     condition13	   1026.9570	   2175.78	    0.0	    00000000     00000000	   1	[       ]
512   	0     	      2	      condition2	   1027.6055	    648.44	    0.0	    00000000     00000000	   1	[       ]
513   	0     	      7	  NegSmallBright	   1029.3594	   1753.91	    0.0	    00000000     00000000	   1	[      4]
514   	0     	      8	   NeutLargeDark	   1031.5547	   2195.31	    0.0	    00000000     00000000	   1	[      5]
515   	0     	      4	    NegLargeDark	   1033.6367	   2082.03	    0.0	    00000000     00000000	   1	[      1]
516   	0     	     14	     condition14	   1035.8906	   2253.91	    0.0	    00000000     00000000	   1	[       ]
517   	0     	      2	      condition2	   1036.4570	    566.41	    0.0	    00000000     00000000	   1	[       ]
518   	0     	     13	     condition13	   1038.2773	   1820.31	    0.0	    00000000     00000000	   1	[       ]
519   	0     	      2	      condition2	   1038.8516	    574.22	    0.0	    00000000     00000000	   1	[       ]
520   	0     	     10	 NeutLargeBright	   1040.6484	   1796.88	    0.0	    00000000     00000000	   1	[      7]
521   	0     	     10	 NeutLargeBright	   1043.1641	   2515.62	    0.0	    00000000     00000000	   1	[      7]
522   	0     	      4	    NegLargeDark	   1045.6289	   2464.84	    0.0	    00000000     00000000	   1	[      1]
523   	0     	     11	 NeutSmallBright	   1048.1445	   2515.62	    0.0	    00000000     00000000	   1	[      8]
524   	0     	     15	     condition15	   1050.1758	   2031.25	    0.0	    00000000     00000000	   1	[       ]
525   	0     	      2	      condition2	   1050.9219	    746.09	    0.0	    00000000     00000000	   1	[       ]
526   	0     	      5	    NegSmallDark	   1052.5195	   1597.66	    0.0	    00000000     00000000	   1	[      2]
527   	0     	      6	  NegLargeBright	   1054.9258	   2406.25	    0.0	    00000000     00000000	   1	[      3]
528   	0     	      7	  NegSmallBright	   1057.0000	   2074.22	    0.0	    00000000     00000000	   1	[      4]
529   	0     	      8	   NeutLargeDark	   1059.3945	   2394.53	    0.0	    00000000     00000000	   1	[      5]
530   	0     	     10	 NeutLargeBright	   1061.8867	   2492.19	    0.0	    00000000     00000000	   1	[      7]
531   	0     	      6	  NegLargeBright	   1063.9922	   2105.47	    0.0	    00000000     00000000	   1	[      3]
532   	0     	      6	  NegLargeBright	   1066.2344	   2242.19	    0.0	    00000000     00000000	   1	[      3]
533   	0     	     15	     condition15	   1068.7305	   2496.09	    0.0	    00000000     00000000	   1	[       ]
534   	0     	      2	      condition2	   1069.9062	   1175.78	    0.0	    00000000     00000000	   1	[       ]
535   	0     	      7	  NegSmallBright	   1071.0234	   1117.19	    0.0	    00000000     00000000	   1	[      4]
536   	0     	      5	    NegSmallDark	   1073.4492	   2425.78	    0.0	    00000000     00000000	   1	[      2]
537   	0     	     11	 NeutSmallBright	   1075.5117	   2062.50	    0.0	    00000000     00000000	   1	[      8]
538   	0     	      8	   NeutLargeDark	   1078.0273	   2515.62	    0.0	    00000000     00000000	   1	[      5]
539   	0     	     14	     condition14	   1080.1992	   2171.88	    0.0	    00000000     00000000	   1	[       ]
540   	0     	      2	      condition2	   1080.7617	    562.50	    0.0	    00000000     00000000	   1	[       ]
541   	0     	     10	 NeutLargeBright	   1082.3516	   1589.84	    0.0	    00000000     00000000	   1	[      7]
542   	0     	      7	  NegSmallBright	   1084.7070	   2355.47	    0.0	    00000000     00000000	   1	[      4]
543   	0     	      8	   NeutLargeDark	   1086.7695	   2062.50	    0.0	    00000000     00000000	   1	[      5]
544   	0     	      7	  NegSmallBright	   1088.8633	   2093.75	    0.0	    00000000     00000000	   1	[      4]
545   	0     	     11	 NeutSmallBright	   1091.2305	   2367.19	    0.0	    00000000     00000000	   1	[      8]
546   	0     	     12	     condition12	   1093.3633	   2132.81	    0.0	    00000000     00000000	   1	[       ]
547   	0     	      2	      condition2	   1093.9219	    558.59	    0.0	    00000000     00000000	   1	[       ]
548   	0     	      4	    NegLargeDark	   1095.7656	   1843.75	    0.0	    00000000     00000000	   1	[      1]
549   	0     	      4	    NegLargeDark	   1098.1406	   2375.00	    0.0	    00000000     00000000	   1	[      1]
550   	0     	      7	  NegSmallBright	   1100.5156	   2375.00	    0.0	    00000000     00000000	   1	[      4]
551   	0     	      4	    NegLargeDark	   1102.5898	   2074.22	    0.0	    00000000     00000000	   1	[      1]
552   	0     	     10	 NeutLargeBright	   1104.9336	   2343.75	    0.0	    00000000     00000000	   1	[      7]
553   	0     	     10	 NeutLargeBright	   1107.4570	   2523.44	    0.0	    00000000     00000000	   1	[      7]
554   	0     	      4	    NegLargeDark	   1109.9609	   2503.91	    0.0	    00000000     00000000	   1	[      1]
555   	0     	      5	    NegSmallDark	   1112.1445	   2183.59	    0.0	    00000000     00000000	   1	[      2]
556   	0     	      9	   NeutSmallDark	   1114.4180	   2273.44	    0.0	    00000000     00000000	   1	[      6]
557   	0     	     14	     condition14	   1116.7734	   2355.47	    0.0	    00000000     00000000	   1	[       ]
558   	0     	      2	      condition2	   1117.3086	    535.16	    0.0	    00000000     00000000	   1	[       ]
559   	0     	     13	     condition13	   1119.1172	   1808.59	    0.0	    00000000     00000000	   1	[       ]
560   	0     	      2	      condition2	   1119.6680	    550.78	    0.0	    00000000     00000000	   1	[       ]
561   	0     	      5	    NegSmallDark	   1121.5742	   1906.25	    0.0	    00000000     00000000	   1	[      2]
562   	0     	      5	    NegSmallDark	   1124.0664	   2492.19	    0.0	    00000000     00000000	   1	[      2]
563   	0     	     13	     condition13	   1127.0938	   3027.34	    0.0	    00000000     00000000	   1	[       ]
564   	0     	      2	      condition2	   1127.8320	    738.28	    0.0	    00000000     00000000	   1	[       ]
565   	0     	      9	   NeutSmallDark	   1129.5977	   1765.62	    0.0	    00000000     00000000	   1	[      6]
566   	0     	      7	  NegSmallBright	   1131.6797	   2082.03	    0.0	    00000000     00000000	   1	[      4]
567   	0     	      5	    NegSmallDark	   1133.9258	   2246.09	    0.0	    00000000     00000000	   1	[      2]
568   	0     	      7	  NegSmallBright	   1136.2773	   2351.56	    0.0	    00000000     00000000	   1	[      4]
569   	0     	     11	 NeutSmallBright	   1138.7734	   2496.09	    0.0	    00000000     00000000	   1	[      8]
570   	0     	     11	 NeutSmallBright	   1141.1953	   2421.88	    0.0	    00000000     00000000	   1	[      8]
571   	0     	      8	   NeutLargeDark	   1143.4492	   2253.91	    0.0	    00000000     00000000	   1	[      5]
572   	0     	      5	    NegSmallDark	   1145.7344	   2285.16	    0.0	    00000000     00000000	   1	[      2]
573   	0     	      6	  NegLargeBright	   1148.0273	   2292.97	    0.0	    00000000     00000000	   1	[      3]
574   	0     	      5	    NegSmallDark	   1150.1328	   2105.47	    0.0	    00000000     00000000	   1	[      2]
575   	0     	      7	  NegSmallBright	   1152.3359	   2203.12	    0.0	    00000000     00000000	   1	[      4]
576   	0     	      4	    NegLargeDark	   1154.6992	   2363.28	    0.0	    00000000     00000000	   1	[      1]
577   	0     	     14	     condition14	   1156.9531	   2253.91	    0.0	    00000000     00000000	   1	[       ]
578   	0     	      2	      condition2	   1157.6055	    652.34	    0.0	    00000000     00000000	   1	[       ]
579   	0     	      6	  NegLargeBright	   1159.2305	   1625.00	    0.0	    00000000     00000000	   1	[      3]
580   	0     	     11	 NeutSmallBright	   1161.6836	   2453.12	    0.0	    00000000     00000000	   1	[      8]
581   	0     	     14	     condition14	   1164.1758	   2492.19	    0.0	    00000000     00000000	   1	[       ]
582   	0     	      2	      condition2	   1164.6328	    457.03	    0.0	    00000000     00000000	   1	[       ]
583   	0     	      4	    NegLargeDark	   1166.6016	   1968.75	    0.0	    00000000     00000000	   1	[      1]
584   	0     	      8	   NeutLargeDark	   1168.7344	   2132.81	    0.0	    00000000     00000000	   1	[      5]
585   	0     	      7	  NegSmallBright	   1171.0898	   2355.47	    0.0	    00000000     00000000	   1	[      4]
586   	0     	      4	    NegLargeDark	   1173.5742	   2484.38	    0.0	    00000000     00000000	   1	[      1]
587   	0     	     11	 NeutSmallBright	   1176.0703	   2496.09	    0.0	    00000000     00000000	   1	[      8]
588   	0     	     10	 NeutLargeBright	   1178.3008	   2230.47	    0.0	    00000000     00000000	   1	[      7]
589   	0     	      6	  NegLargeBright	   1180.6562	   2355.47	    0.0	    00000000     00000000	   1	[      3]
590   	0     	     15	     condition15	   1182.8906	   2234.38	    0.0	    00000000     00000000	   1	[       ]
591   	0     	      2	      condition2	   1183.4062	    515.62	    0.0	    00000000     00000000	   1	[       ]
592   	0     	     12	     condition12	   1185.2227	   1816.41	    0.0	    00000000     00000000	   1	[       ]
593   	0     	      2	      condition2	   1185.8086	    585.94	    0.0	    00000000     00000000	   1	[       ]
594   	0     	      8	   NeutLargeDark	   1187.4180	   1609.38	    0.0	    00000000     00000000	   1	[      5]
595   	0     	      8	   NeutLargeDark	   1189.7031	   2285.16	    0.0	    00000000     00000000	   1	[      5]
596   	0     	      4	    NegLargeDark	   1191.7461	   2042.97	    0.0	    00000000     00000000	   1	[      1]
597   	0     	     15	     condition15	   1193.9883	   2242.19	    0.0	    00000000     00000000	   1	[       ]
598   	0     	      2	      condition2	   1194.7344	    746.09	    0.0	    00000000     00000000	   1	[       ]
599   	0     	     11	 NeutSmallBright	   1196.0938	   1359.38	    0.0	    00000000     00000000	   1	[      8]
600   	0     	      9	   NeutSmallDark	   1198.2266	   2132.81	    0.0	    00000000     00000000	   1	[      6]
601   	0     	     15	     condition15	   1200.5820	   2355.47	    0.0	    00000000     00000000	   1	[       ]
602   	0     	      2	      condition2	   1201.5781	    996.09	    0.0	    00000000     00000000	   1	[       ]
603   	0     	      9	   NeutSmallDark	   1202.7539	   1175.78	    0.0	    00000000     00000000	   1	[      6]
604   	0     	     12	     condition12	   1205.0781	   2324.22	    0.0	    00000000     00000000	   1	[       ]
605   	0     	      2	      condition2	   1205.5586	    480.47	    0.0	    00000000     00000000	   1	[       ]
606   	0     	      8	   NeutLargeDark	   1207.1211	   1562.50	    0.0	    00000000     00000000	   1	[      5]
607   	0     	      7	  NegSmallBright	   1209.2773	   2156.25	    0.0	    00000000     00000000	   1	[      4]
608   	0     	     15	     condition15	   1211.7109	   2433.59	    0.0	    00000000     00000000	   1	[       ]
609   	0     	      2	      condition2	   1212.2695	    558.59	    0.0	    00000000     00000000	   1	[       ]
610   	0     	      7	  NegSmallBright	   1213.8047	   1535.16	    0.0	    00000000     00000000	   1	[      4]
611   	0     	      8	   NeutLargeDark	   1216.1680	   2363.28	    0.0	    00000000     00000000	   1	[      5]
612   	0     	      7	  NegSmallBright	   1218.3438	   2175.78	    0.0	    00000000     00000000	   1	[      4]
613   	0     	      6	  NegLargeBright	   1220.7070	   2363.28	    0.0	    00000000     00000000	   1	[      3]
614   	0     	     11	 NeutSmallBright	   1223.0117	   2304.69	    0.0	    00000000     00000000	   1	[      8]
615   	0     	      7	  NegSmallBright	   1225.1133	   2101.56	    0.0	    00000000     00000000	   1	[      4]
616   	0     	      9	   NeutSmallDark	   1227.5469	   2433.59	    0.0	    00000000     00000000	   1	[      6]
617   	0     	      4	    NegLargeDark	   1229.6133	   2066.41	    0.0	    00000000     00000000	   1	[      1]
618   	0     	      5	    NegSmallDark	   1231.7773	   2164.06	    0.0	    00000000     00000000	   1	[      2]
619   	0     	      9	   NeutSmallDark	   1234.0195	   2242.19	    0.0	    00000000     00000000	   1	[      6]
620   	0     	      8	   NeutLargeDark	   1236.4844	   2464.84	    0.0	    00000000     00000000	   1	[      5]
621   	0     	      4	    NegLargeDark	   1238.5977	   2113.28	    0.0	    00000000     00000000	   1	[      1]
622   	0     	     11	 NeutSmallBright	   1240.9727	   2375.00	    0.0	    00000000     00000000	   1	[      8]
623   	0     	      7	  NegSmallBright	   1243.1562	   2183.59	    0.0	    00000000     00000000	   1	[      4]
624   	0     	     13	     condition13	   1245.2109	   2054.69	    0.0	    00000000     00000000	   1	[       ]
625   	0     	      2	      condition2	   1245.7773	    566.41	    0.0	    00000000     00000000	   1	[       ]
626   	0     	      6	  NegLargeBright	   1247.7148	   1937.50	    0.0	    00000000     00000000	   1	[      3]
627   	0     	     10	 NeutLargeBright	   1250.1875	   2472.66	    0.0	    00000000     00000000	   1	[      7]
628   	0     	     11	 NeutSmallBright	   1252.4531	   2265.62	    0.0	    00000000     00000000	   1	[      8]
629   	0     	      6	  NegLargeBright	   1254.7461	   2292.97	    0.0	    00000000     00000000	   1	[      3]
630   	0     	     10	 NeutLargeBright	   1257.0820	   2335.94	    0.0	    00000000     00000000	   1	[      7]
631   	0     	      8	   NeutLargeDark	   1259.4766	   2394.53	    0.0	    00000000     00000000	   1	[      5]
632   	0     	      5	    NegSmallDark	   1261.7500	   2273.44	    0.0	    00000000     00000000	   1	[      2]
633   	0     	      4	    NegLargeDark	   1264.0117	   2261.72	    0.0	    00000000     00000000	   1	[      1]
634   	0     	      8	   NeutLargeDark	   1266.4180	   2406.25	    0.0	    00000000     00000000	   1	[      5]
635   	0     	      4	    NegLargeDark	   1268.7695	   2351.56	    0.0	    00000000     00000000	   1	[      1]
636   	0     	      7	  NegSmallBright	   1271.1953	   2425.78	    0.0	    00000000     00000000	   1	[      4]
637   	0     	     12	     condition12	   1273.2500	   2054.69	    0.0	    00000000     00000000	   1	[       ]
638   	0     	      2	      condition2	   1273.7227	    472.66	    0.0	    00000000     00000000	   1	[       ]
639   	0     	      6	  NegLargeBright	   1275.5820	   1859.38	    0.0	    00000000     00000000	   1	[      3]
640   	0     	     15	     condition15	   1277.7383	   2156.25	    0.0	    00000000     00000000	   1	[       ]
641   	0     	      2	      condition2	   1278.5117	    773.44	    0.0	    00000000     00000000	   1	[       ]
642   	0     	     14	     condition14	   1280.1719	   1660.16	    0.0	    00000000     00000000	   1	[       ]
643   	0     	      2	      condition2	   1280.7461	    574.22	    0.0	    00000000     00000000	   1	[       ]
644   	0     	     10	 NeutLargeBright	   1282.4844	   1738.28	    0.0	    00000000     00000000	   1	[      7]
645   	0     	      5	    NegSmallDark	   1284.7500	   2265.62	    0.0	    00000000     00000000	   1	[      2]
