#  Non-editable header begin --------------------------------------------------------------------------------
# 
#  data format...............: continuous
#  setname...................: BDF file
#  filename..................: none_specified
#  filepath..................: none_specified
#  nchan.....................: 64
#  pnts......................: 327936
#  srate.....................: 256
#  nevents...................: 648
#  generated by (bdf)........: 
#  generated by (set)........: BDF file
#  reported in ..............: 
#  prog Version..............: 8.02
#  creation date.............: 18-Nov-2020 17:11:31
#  user Account..............: 
# 
#  Non-editable header end --------------------------------------------------------------------------------

	bin 1,	# 60,	NegLargeDark
	bin 2,	# 60,	NegSmallDark
	bin 3,	# 60,	NegLargeBright
	bin 4,	# 60,	NegSmallBright
	bin 5,	# 60,	NeutLargeDark
	bin 6,	# 60,	NeutSmallDark
	bin 7,	# 60,	NeutLargeBright
	bin 8,	# 60,	NeutSmallBright



# item	 bepoch	  ecode	            label	      onset	          diff	     dura	b_flags	   a_flags	  enable	    bin
#                                                 (sec)           (msec)     (msec)    (binary)   (binary)


1     	0     	     11	 NeutSmallBright	      1.8477	      0.00	    0.0	    00000000     00000000	   1	[      8]
2     	0     	      2	      condition2	      2.4062	    558.59	    0.0	    00000000     00000000	   1	[       ]
3     	0     	     11	 NeutSmallBright	      4.2891	   1882.81	    0.0	    00000000     00000000	   1	[      8]
4     	0     	     12	     condition12	      6.8047	   2515.62	    0.0	    00000000     00000000	   1	[       ]
5     	0     	      2	      condition2	      7.6562	    851.56	    0.0	    00000000     00000000	   1	[       ]
6     	0     	     14	     condition14	      9.0977	   1441.41	    0.0	    00000000     00000000	   1	[       ]
7     	0     	      2	      condition2	      9.6523	    554.69	    0.0	    00000000     00000000	   1	[       ]
8     	0     	      7	  NegSmallBright	     11.5234	   1871.09	    0.0	    00000000     00000000	   1	[      4]
9     	0     	      6	  NegLargeBright	     13.5781	   2054.69	    0.0	    00000000     00000000	   1	[      3]
10    	0     	      7	  NegSmallBright	     15.7812	   2203.12	    0.0	    00000000     00000000	   1	[      4]
11    	0     	      6	  NegLargeBright	     17.9648	   2183.59	    0.0	    00000000     00000000	   1	[      3]
12    	0     	      7	  NegSmallBright	     20.2070	   2242.19	    0.0	    00000000     00000000	   1	[      4]
13    	0     	      5	    NegSmallDark	     22.6523	   2445.31	    0.0	    00000000     00000000	   1	[      2]
14    	0     	     11	 NeutSmallBright	     24.7266	   2074.22	    0.0	    00000000     00000000	   1	[      8]
15    	0     	      5	    NegSmallDark	     27.1523	   2425.78	    0.0	    00000000     00000000	   1	[      2]
16    	0     	      9	   NeutSmallDark	     29.5547	   2402.34	    0.0	    00000000     00000000	   1	[      6]
17    	0     	      8	   NeutLargeDark	     31.8203	   2265.62	    0.0	    00000000     00000000	   1	[      5]
18    	0     	      7	  NegSmallBright	     34.1133	   2292.97	    0.0	    00000000     00000000	   1	[      4]
19    	0     	     10	 NeutLargeBright	     36.5469	   2433.59	    0.0	    00000000     00000000	   1	[      7]
20    	0     	     15	     condition15	     38.7500	   2203.12	    0.0	    00000000     00000000	   1	[       ]
21    	0     	      2	      condition2	     39.6211	    871.09	    0.0	    00000000     00000000	   1	[       ]
22    	0     	     11	 NeutSmallBright	     40.8945	   1273.44	    0.0	    00000000     00000000	   1	[      8]
23    	0     	     13	     condition13	     42.9688	   2074.22	    0.0	    00000000     00000000	   1	[       ]
24    	0     	      2	      condition2	     43.6367	    667.97	    0.0	    00000000     00000000	   1	[       ]
25    	0     	      5	    NegSmallDark	     45.3242	   1687.50	    0.0	    00000000     00000000	   1	[      2]
26    	0     	      7	  NegSmallBright	     47.4883	   2164.06	    0.0	    00000000     00000000	   1	[      4]
27    	0     	     12	     condition12	     50.0117	   2523.44	    0.0	    00000000     00000000	   1	[       ]
28    	0     	      2	      condition2	     50.7305	    718.75	    0.0	    00000000     00000000	   1	[       ]
29    	0     	      9	   NeutSmallDark	     52.1328	   1402.34	    0.0	    00000000     00000000	   1	[      6]
30    	0     	     15	     condition15	     54.3477	   2214.84	    0.0	    00000000     00000000	   1	[       ]
31    	0     	      2	      condition2	     54.9570	    609.38	    0.0	    00000000     00000000	   1	[       ]
32    	0     	     10	 NeutLargeBright	     56.5508	   1593.75	    0.0	    00000000     00000000	   1	[      7]
33    	0     	     11	 NeutSmallBright	     58.6875	   2136.72	    0.0	    00000000     00000000	   1	[      8]
34    	0     	      6	  NegLargeBright	     61.1797	   2492.19	    0.0	    00000000     00000000	   1	[      3]
35    	0     	      4	    NegLargeDark	     63.5938	   2414.06	    0.0	    00000000     00000000	   1	[      1]
36    	0     	      5	    NegSmallDark	     66.0977	   2503.91	    0.0	    00000000     00000000	   1	[      2]
37    	0     	      4	    NegLargeDark	     68.2422	   2144.53	    0.0	    00000000     00000000	   1	[      1]
38    	0     	      8	   NeutLargeDark	     70.6992	   2457.03	    0.0	    00000000     00000000	   1	[      5]
39    	0     	     13	     condition13	     72.9609	   2261.72	    0.0	    00000000     00000000	   1	[       ]
40    	0     	      2	      condition2	     73.5156	    554.69	    0.0	    00000000     00000000	   1	[       ]
41    	0     	      6	  NegLargeBright	     75.4570	   1941.41	    0.0	    00000000     00000000	   1	[      3]
42    	0     	      6	  NegLargeBright	     77.7109	   2253.91	    0.0	    00000000     00000000	   1	[      3]
43    	0     	      8	   NeutLargeDark	     80.1328	   2421.88	    0.0	    00000000     00000000	   1	[      5]
44    	0     	     11	 NeutSmallBright	     82.6172	   2484.38	    0.0	    00000000     00000000	   1	[      8]
45    	0     	     15	     condition15	     85.0625	   2445.31	    0.0	    00000000     00000000	   1	[       ]
46    	0     	      2	      condition2	     85.6094	    546.88	    0.0	    00000000     00000000	   1	[       ]
47    	0     	      8	   NeutLargeDark	     87.4453	   1835.94	    0.0	    00000000     00000000	   1	[      5]
48    	0     	     12	     condition12	     89.7695	   2324.22	    0.0	    00000000     00000000	   1	[       ]
49    	0     	      2	      condition2	     90.2852	    515.62	    0.0	    00000000     00000000	   1	[       ]
50    	0     	      5	    NegSmallDark	     91.8242	   1539.06	    0.0	    00000000     00000000	   1	[      2]
51    	0     	     13	     condition13	     94.3281	   2503.91	    0.0	    00000000     00000000	   1	[       ]
52    	0     	      2	      condition2	     94.8164	    488.28	    0.0	    00000000     00000000	   1	[       ]
53    	0     	      7	  NegSmallBright	     96.6914	   1875.00	    0.0	    00000000     00000000	   1	[      4]
54    	0     	      7	  NegSmallBright	     98.9180	   2226.56	    0.0	    00000000     00000000	   1	[      4]
55    	0     	      7	  NegSmallBright	    101.3516	   2433.59	    0.0	    00000000     00000000	   1	[      4]
56    	0     	      5	    NegSmallDark	    103.5547	   2203.12	    0.0	    00000000     00000000	   1	[      2]
57    	0     	      6	  NegLargeBright	    105.8398	   2285.16	    0.0	    00000000     00000000	   1	[      3]
58    	0     	      6	  NegLargeBright	    108.2930	   2453.12	    0.0	    00000000     00000000	   1	[      3]
59    	0     	     10	 NeutLargeBright	    110.7266	   2433.59	    0.0	    00000000     00000000	   1	[      7]
60    	0     	     10	 NeutLargeBright	    112.7930	   2066.41	    0.0	    00000000     00000000	   1	[      7]
61    	0     	      6	  NegLargeBright	    115.3047	   2511.72	    0.0	    00000000     00000000	   1	[      3]
62    	0     	      7	  NegSmallBright	    117.6289	   2324.22	    0.0	    00000000     00000000	   1	[      4]
63    	0     	     11	 NeutSmallBright	    120.1133	   2484.38	    0.0	    00000000     00000000	   1	[      8]
64    	0     	     10	 NeutLargeBright	    122.3086	   2195.31	    0.0	    00000000     00000000	   1	[      7]
65    	0     	      4	    NegLargeDark	    124.6016	   2292.97	    0.0	    00000000     00000000	   1	[      1]
66    	0     	      6	  NegLargeBright	    126.8672	   2265.62	    0.0	    00000000     00000000	   1	[      3]
67    	0     	     11	 NeutSmallBright	    129.3203	   2453.12	    0.0	    00000000     00000000	   1	[      8]
68    	0     	      9	   NeutSmallDark	    131.4531	   2132.81	    0.0	    00000000     00000000	   1	[      6]
69    	0     	     10	 NeutLargeBright	    133.4961	   2042.97	    0.0	    00000000     00000000	   1	[      7]
70    	0     	      9	   NeutSmallDark	    135.8203	   2324.22	    0.0	    00000000     00000000	   1	[      6]
71    	0     	      4	    NegLargeDark	    138.0742	   2253.91	    0.0	    00000000     00000000	   1	[      1]
72    	0     	     11	 NeutSmallBright	    140.3984	   2324.22	    0.0	    00000000     00000000	   1	[      8]
73    	0     	      8	   NeutLargeDark	    142.7930	   2394.53	    0.0	    00000000     00000000	   1	[      5]
74    	0     	      5	    NegSmallDark	    144.8477	   2054.69	    0.0	    00000000     00000000	   1	[      2]
75    	0     	     10	 NeutLargeBright	    147.2227	   2375.00	    0.0	    00000000     00000000	   1	[      7]
76    	0     	      6	  NegLargeBright	    149.5977	   2375.00	    0.0	    00000000     00000000	   1	[      3]
77    	0     	      9	   NeutSmallDark	    151.9102	   2312.50	    0.0	    00000000     00000000	   1	[      6]
78    	0     	      8	   NeutLargeDark	    154.1836	   2273.44	    0.0	    00000000     00000000	   1	[      5]
79    	0     	      9	   NeutSmallDark	    156.3281	   2144.53	    0.0	    00000000     00000000	   1	[      6]
80    	0     	     12	     condition12	    158.6328	   2304.69	    0.0	    00000000     00000000	   1	[       ]
81    	0     	      2	      condition2	    159.4336	    800.78	    0.0	    00000000     00000000	   1	[       ]
82    	0     	      8	   NeutLargeDark	    160.7148	   1281.25	    0.0	    00000000     00000000	   1	[      5]
83    	0     	    253	              ""	    162.5781	   1863.28	    0.0	    00000000     00000000	   1	[       ]
84    	0     	      6	  NegLargeBright	    163.5781	   1000.00	    0.0	    00000000     00000000	   1	[      3]
85    	0     	      4	    NegLargeDark	    165.9727	   2394.53	    0.0	    00000000     00000000	   1	[      1]
86    	0     	     10	 NeutLargeBright	    168.4062	   2433.59	    0.0	    00000000     00000000	   1	[      7]
87    	0     	     10	 NeutLargeBright	    170.4805	   2074.22	    0.0	    00000000     00000000	   1	[      7]
88    	0     	     15	     condition15	    172.6641	   2183.59	    0.0	    00000000     00000000	   1	[       ]
89    	0     	      2	      condition2	    173.3203	    656.25	    0.0	    00000000     00000000	   1	[       ]
90    	0     	     12	     condition12	    174.7656	   1445.31	    0.0	    00000000     00000000	   1	[       ]
91    	0     	      2	      condition2	    175.4492	    683.59	    0.0	    00000000     00000000	   1	[       ]
92    	0     	      4	    NegLargeDark	    176.9609	   1511.72	    0.0	    00000000     00000000	   1	[      1]
93    	0     	     12	     condition12	    179.4648	   2503.91	    0.0	    00000000     00000000	   1	[       ]
94    	0     	      2	      condition2	    180.0430	    578.12	    0.0	    00000000     00000000	   1	[       ]
95    	0     	      6	  NegLargeBright	    181.5000	   1457.03	    0.0	    00000000     00000000	   1	[      3]
96    	0     	      5	    NegSmallDark	    183.9531	   2453.12	    0.0	    00000000     00000000	   1	[      2]
97    	0     	      8	   NeutLargeDark	    186.2461	   2292.97	    0.0	    00000000     00000000	   1	[      5]
98    	0     	     11	 NeutSmallBright	    188.5117	   2265.62	    0.0	    00000000     00000000	   1	[      8]
99    	0     	      5	    NegSmallDark	    190.6641	   2152.34	    0.0	    00000000     00000000	   1	[      2]
100   	0     	     15	     condition15	    192.7578	   2093.75	    0.0	    00000000     00000000	   1	[       ]
101   	0     	      2	      condition2	    193.3320	    574.22	    0.0	    00000000     00000000	   1	[       ]
102   	0     	     13	     condition13	    195.0312	   1699.22	    0.0	    00000000     00000000	   1	[       ]
103   	0     	      2	      condition2	    195.4609	    429.69	    0.0	    00000000     00000000	   1	[       ]
104   	0     	     10	 NeutLargeBright	    197.3281	   1867.19	    0.0	    00000000     00000000	   1	[      7]
105   	0     	      6	  NegLargeBright	    199.8008	   2472.66	    0.0	    00000000     00000000	   1	[      3]
106   	0     	      6	  NegLargeBright	    201.9766	   2175.78	    0.0	    00000000     00000000	   1	[      3]
107   	0     	     10	 NeutLargeBright	    204.1289	   2152.34	    0.0	    00000000     00000000	   1	[      7]
108   	0     	      6	  NegLargeBright	    206.6328	   2503.91	    0.0	    00000000     00000000	   1	[      3]
109   	0     	     15	     condition15	    209.0664	   2433.59	    0.0	    00000000     00000000	   1	[       ]
110   	0     	      2	      condition2	    209.6992	    632.81	    0.0	    00000000     00000000	   1	[       ]
111   	0     	     11	 NeutSmallBright	    211.3398	   1640.62	    0.0	    00000000     00000000	   1	[      8]
112   	0     	      8	   NeutLargeDark	    213.7656	   2425.78	    0.0	    00000000     00000000	   1	[      5]
113   	0     	      4	    NegLargeDark	    215.9688	   2203.12	    0.0	    00000000     00000000	   1	[      1]
114   	0     	     11	 NeutSmallBright	    218.0117	   2042.97	    0.0	    00000000     00000000	   1	[      8]
115   	0     	      4	    NegLargeDark	    220.3672	   2355.47	    0.0	    00000000     00000000	   1	[      1]
116   	0     	      9	   NeutSmallDark	    222.4023	   2035.16	    0.0	    00000000     00000000	   1	[      6]
117   	0     	      4	    NegLargeDark	    224.7344	   2332.03	    0.0	    00000000     00000000	   1	[      1]
118   	0     	     11	 NeutSmallBright	    226.8203	   2085.94	    0.0	    00000000     00000000	   1	[      8]
119   	0     	     11	 NeutSmallBright	    229.0938	   2273.44	    0.0	    00000000     00000000	   1	[      8]
120   	0     	     10	 NeutLargeBright	    231.2656	   2171.88	    0.0	    00000000     00000000	   1	[      7]
121   	0     	      6	  NegLargeBright	    233.3516	   2085.94	    0.0	    00000000     00000000	   1	[      3]
122   	0     	      4	    NegLargeDark	    235.7656	   2414.06	    0.0	    00000000     00000000	   1	[      1]
123   	0     	      5	    NegSmallDark	    238.0078	   2242.19	    0.0	    00000000     00000000	   1	[      2]
124   	0     	      7	  NegSmallBright	    240.0703	   2062.50	    0.0	    00000000     00000000	   1	[      4]
125   	0     	      8	   NeutLargeDark	    242.1172	   2046.88	    0.0	    00000000     00000000	   1	[      5]
126   	0     	      4	    NegLargeDark	    244.2500	   2132.81	    0.0	    00000000     00000000	   1	[      1]
127   	0     	     11	 NeutSmallBright	    246.7344	   2484.38	    0.0	    00000000     00000000	   1	[      8]
128   	0     	     11	 NeutSmallBright	    248.7969	   2062.50	    0.0	    00000000     00000000	   1	[      8]
129   	0     	      9	   NeutSmallDark	    250.9531	   2156.25	    0.0	    00000000     00000000	   1	[      6]
130   	0     	      5	    NegSmallDark	    253.2852	   2332.03	    0.0	    00000000     00000000	   1	[      2]
131   	0     	      6	  NegLargeBright	    255.6094	   2324.22	    0.0	    00000000     00000000	   1	[      3]
132   	0     	      8	   NeutLargeDark	    258.1250	   2515.62	    0.0	    00000000     00000000	   1	[      5]
133   	0     	      8	   NeutLargeDark	    260.3359	   2210.94	    0.0	    00000000     00000000	   1	[      5]
134   	0     	      7	  NegSmallBright	    262.5000	   2164.06	    0.0	    00000000     00000000	   1	[      4]
135   	0     	      9	   NeutSmallDark	    264.8555	   2355.47	    0.0	    00000000     00000000	   1	[      6]
136   	0     	      6	  NegLargeBright	    267.2891	   2433.59	    0.0	    00000000     00000000	   1	[      3]
137   	0     	      5	    NegSmallDark	    269.7539	   2464.84	    0.0	    00000000     00000000	   1	[      2]
138   	0     	      7	  NegSmallBright	    272.0391	   2285.16	    0.0	    00000000     00000000	   1	[      4]
139   	0     	     11	 NeutSmallBright	    274.3906	   2351.56	    0.0	    00000000     00000000	   1	[      8]
140   	0     	      9	   NeutSmallDark	    276.5859	   2195.31	    0.0	    00000000     00000000	   1	[      6]
141   	0     	     14	     condition14	    279.0625	   2476.56	    0.0	    00000000     00000000	   1	[       ]
142   	0     	      2	      condition2	    279.7969	    734.38	    0.0	    00000000     00000000	   1	[       ]
143   	0     	      7	  NegSmallBright	    281.5352	   1738.28	    0.0	    00000000     00000000	   1	[      4]
144   	0     	      5	    NegSmallDark	    284.0391	   2503.91	    0.0	    00000000     00000000	   1	[      2]
145   	0     	      7	  NegSmallBright	    286.3945	   2355.47	    0.0	    00000000     00000000	   1	[      4]
146   	0     	      5	    NegSmallDark	    288.6484	   2253.91	    0.0	    00000000     00000000	   1	[      2]
147   	0     	      8	   NeutLargeDark	    291.0898	   2441.41	    0.0	    00000000     00000000	   1	[      5]
148   	0     	     11	 NeutSmallBright	    293.5273	   2437.50	    0.0	    00000000     00000000	   1	[      8]
149   	0     	      7	  NegSmallBright	    295.8906	   2363.28	    0.0	    00000000     00000000	   1	[      4]
150   	0     	     12	     condition12	    298.2227	   2332.03	    0.0	    00000000     00000000	   1	[       ]
151   	0     	      2	      condition2	    298.7617	    539.06	    0.0	    00000000     00000000	   1	[       ]
152   	0     	      4	    NegLargeDark	    300.3398	   1578.12	    0.0	    00000000     00000000	   1	[      1]
153   	0     	      7	  NegSmallBright	    302.5000	   2160.16	    0.0	    00000000     00000000	   1	[      4]
154   	0     	      4	    NegLargeDark	    304.6250	   2125.00	    0.0	    00000000     00000000	   1	[      1]
155   	0     	      7	  NegSmallBright	    306.9297	   2304.69	    0.0	    00000000     00000000	   1	[      4]
156   	0     	      6	  NegLargeBright	    309.4258	   2496.09	    0.0	    00000000     00000000	   1	[      3]
157   	0     	      9	   NeutSmallDark	    311.5195	   2093.75	    0.0	    00000000     00000000	   1	[      6]
158   	0     	      9	   NeutSmallDark	    313.7930	   2273.44	    0.0	    00000000     00000000	   1	[      6]
159   	0     	      9	   NeutSmallDark	    315.9258	   2132.81	    0.0	    00000000     00000000	   1	[      6]
160   	0     	      7	  NegSmallBright	    318.3516	   2425.78	    0.0	    00000000     00000000	   1	[      4]
161   	0     	      4	    NegLargeDark	    320.4023	   2050.78	    0.0	    00000000     00000000	   1	[      1]
162   	0     	    253	              ""	    322.2656	   1863.28	    0.0	    00000000     00000000	   1	[       ]
163   	0     	      9	   NeutSmallDark	    323.2656	   1000.00	    0.0	    00000000     00000000	   1	[      6]
164   	0     	      7	  NegSmallBright	    325.2969	   2031.25	    0.0	    00000000     00000000	   1	[      4]
165   	0     	      9	   NeutSmallDark	    327.5703	   2273.44	    0.0	    00000000     00000000	   1	[      6]
166   	0     	     13	     condition13	    330.0547	   2484.38	    0.0	    00000000     00000000	   1	[       ]
167   	0     	      2	      condition2	    330.9297	    875.00	    0.0	    00000000     00000000	   1	[       ]
168   	0     	      9	   NeutSmallDark	    332.3789	   1449.22	    0.0	    00000000     00000000	   1	[      6]
169   	0     	      5	    NegSmallDark	    334.4844	   2105.47	    0.0	    00000000     00000000	   1	[      2]
170   	0     	      6	  NegLargeBright	    336.7266	   2242.19	    0.0	    00000000     00000000	   1	[      3]
171   	0     	      8	   NeutLargeDark	    338.8711	   2144.53	    0.0	    00000000     00000000	   1	[      5]
172   	0     	      4	    NegLargeDark	    340.9258	   2054.69	    0.0	    00000000     00000000	   1	[      1]
173   	0     	     12	     condition12	    343.3398	   2414.06	    0.0	    00000000     00000000	   1	[       ]
174   	0     	      2	      condition2	    343.9492	    609.38	    0.0	    00000000     00000000	   1	[       ]
175   	0     	     12	     condition12	    345.7656	   1816.41	    0.0	    00000000     00000000	   1	[       ]
176   	0     	      2	      condition2	    346.3398	    574.22	    0.0	    00000000     00000000	   1	[       ]
177   	0     	      6	  NegLargeBright	    347.8281	   1488.28	    0.0	    00000000     00000000	   1	[      3]
178   	0     	      5	    NegSmallDark	    349.9805	   2152.34	    0.0	    00000000     00000000	   1	[      2]
179   	0     	      4	    NegLargeDark	    352.0938	   2113.28	    0.0	    00000000     00000000	   1	[      1]
180   	0     	      5	    NegSmallDark	    354.5781	   2484.38	    0.0	    00000000     00000000	   1	[      2]
181   	0     	     15	     condition15	    356.7422	   2164.06	    0.0	    00000000     00000000	   1	[       ]
182   	0     	      2	      condition2	    357.3203	    578.12	    0.0	    00000000     00000000	   1	[       ]
183   	0     	      6	  NegLargeBright	    359.2383	   1917.97	    0.0	    00000000     00000000	   1	[      3]
184   	0     	      6	  NegLargeBright	    361.5234	   2285.16	    0.0	    00000000     00000000	   1	[      3]
185   	0     	     15	     condition15	    364.0352	   2511.72	    0.0	    00000000     00000000	   1	[       ]
186   	0     	      2	      condition2	    364.6602	    625.00	    0.0	    00000000     00000000	   1	[       ]
187   	0     	      4	    NegLargeDark	    366.2500	   1589.84	    0.0	    00000000     00000000	   1	[      1]
188   	0     	      4	    NegLargeDark	    368.4141	   2164.06	    0.0	    00000000     00000000	   1	[      1]
189   	0     	      5	    NegSmallDark	    370.6797	   2265.62	    0.0	    00000000     00000000	   1	[      2]
190   	0     	      7	  NegSmallBright	    372.9727	   2292.97	    0.0	    00000000     00000000	   1	[      4]
191   	0     	     11	 NeutSmallBright	    374.9961	   2023.44	    0.0	    00000000     00000000	   1	[      8]
192   	0     	      5	    NegSmallDark	    377.3906	   2394.53	    0.0	    00000000     00000000	   1	[      2]
193   	0     	      6	  NegLargeBright	    379.8242	   2433.59	    0.0	    00000000     00000000	   1	[      3]
194   	0     	      7	  NegSmallBright	    382.0469	   2222.66	    0.0	    00000000     00000000	   1	[      4]
195   	0     	      8	   NeutLargeDark	    384.1602	   2113.28	    0.0	    00000000     00000000	   1	[      5]
196   	0     	     11	 NeutSmallBright	    386.3359	   2175.78	    0.0	    00000000     00000000	   1	[      8]
197   	0     	      6	  NegLargeBright	    388.7617	   2425.78	    0.0	    00000000     00000000	   1	[      3]
198   	0     	      9	   NeutSmallDark	    391.2461	   2484.38	    0.0	    00000000     00000000	   1	[      6]
199   	0     	      4	    NegLargeDark	    393.6289	   2382.81	    0.0	    00000000     00000000	   1	[      1]
200   	0     	      7	  NegSmallBright	    395.6836	   2054.69	    0.0	    00000000     00000000	   1	[      4]
201   	0     	      9	   NeutSmallDark	    398.1367	   2453.12	    0.0	    00000000     00000000	   1	[      6]
202   	0     	     10	 NeutLargeBright	    400.2695	   2132.81	    0.0	    00000000     00000000	   1	[      7]
203   	0     	     12	     condition12	    402.3750	   2105.47	    0.0	    00000000     00000000	   1	[       ]
204   	0     	      2	      condition2	    402.9141	    539.06	    0.0	    00000000     00000000	   1	[       ]
205   	0     	     12	     condition12	    404.4375	   1523.44	    0.0	    00000000     00000000	   1	[       ]
206   	0     	      2	      condition2	    405.0391	    601.56	    0.0	    00000000     00000000	   1	[       ]
207   	0     	     13	     condition13	    406.9219	   1882.81	    0.0	    00000000     00000000	   1	[       ]
208   	0     	      2	      condition2	    407.5078	    585.94	    0.0	    00000000     00000000	   1	[       ]
209   	0     	      7	  NegSmallBright	    409.1445	   1636.72	    0.0	    00000000     00000000	   1	[      4]
210   	0     	     10	 NeutLargeBright	    411.6406	   2496.09	    0.0	    00000000     00000000	   1	[      7]
211   	0     	      7	  NegSmallBright	    413.9961	   2355.47	    0.0	    00000000     00000000	   1	[      4]
212   	0     	     10	 NeutLargeBright	    416.1992	   2203.12	    0.0	    00000000     00000000	   1	[      7]
213   	0     	     12	     condition12	    418.6406	   2441.41	    0.0	    00000000     00000000	   1	[       ]
214   	0     	      2	      condition2	    419.1211	    480.47	    0.0	    00000000     00000000	   1	[       ]
215   	0     	      4	    NegLargeDark	    420.9883	   1867.19	    0.0	    00000000     00000000	   1	[      1]
216   	0     	      7	  NegSmallBright	    423.3203	   2332.03	    0.0	    00000000     00000000	   1	[      4]
217   	0     	      7	  NegSmallBright	    425.8242	   2503.91	    0.0	    00000000     00000000	   1	[      4]
218   	0     	      7	  NegSmallBright	    428.1680	   2343.75	    0.0	    00000000     00000000	   1	[      4]
219   	0     	      8	   NeutLargeDark	    430.4648	   2296.88	    0.0	    00000000     00000000	   1	[      5]
220   	0     	      4	    NegLargeDark	    432.8789	   2414.06	    0.0	    00000000     00000000	   1	[      1]
221   	0     	     10	 NeutLargeBright	    435.2812	   2402.34	    0.0	    00000000     00000000	   1	[      7]
222   	0     	     10	 NeutLargeBright	    437.6055	   2324.22	    0.0	    00000000     00000000	   1	[      7]
223   	0     	      9	   NeutSmallDark	    440.0898	   2484.38	    0.0	    00000000     00000000	   1	[      6]
224   	0     	     10	 NeutLargeBright	    442.2539	   2164.06	    0.0	    00000000     00000000	   1	[      7]
225   	0     	     10	 NeutLargeBright	    444.5195	   2265.62	    0.0	    00000000     00000000	   1	[      7]
226   	0     	      8	   NeutLargeDark	    446.9922	   2472.66	    0.0	    00000000     00000000	   1	[      5]
227   	0     	      9	   NeutSmallDark	    449.4883	   2496.09	    0.0	    00000000     00000000	   1	[      6]
228   	0     	     11	 NeutSmallBright	    451.5820	   2093.75	    0.0	    00000000     00000000	   1	[      8]
229   	0     	      9	   NeutSmallDark	    453.9141	   2332.03	    0.0	    00000000     00000000	   1	[      6]
230   	0     	      4	    NegLargeDark	    456.4375	   2523.44	    0.0	    00000000     00000000	   1	[      1]
231   	0     	      4	    NegLargeDark	    458.8828	   2445.31	    0.0	    00000000     00000000	   1	[      1]
232   	0     	      6	  NegLargeBright	    460.9375	   2054.69	    0.0	    00000000     00000000	   1	[      3]
233   	0     	      8	   NeutLargeDark	    463.3711	   2433.59	    0.0	    00000000     00000000	   1	[      5]
234   	0     	      8	   NeutLargeDark	    465.6133	   2242.19	    0.0	    00000000     00000000	   1	[      5]
235   	0     	      8	   NeutLargeDark	    468.0508	   2437.50	    0.0	    00000000     00000000	   1	[      5]
236   	0     	     15	     condition15	    470.3125	   2261.72	    0.0	    00000000     00000000	   1	[       ]
237   	0     	      2	      condition2	    471.1016	    789.06	    0.0	    00000000     00000000	   1	[       ]
238   	0     	      9	   NeutSmallDark	    472.5352	   1433.59	    0.0	    00000000     00000000	   1	[      6]
239   	0     	      4	    NegLargeDark	    474.7891	   2253.91	    0.0	    00000000     00000000	   1	[      1]
240   	0     	      5	    NegSmallDark	    476.8555	   2066.41	    0.0	    00000000     00000000	   1	[      2]
241   	0     	      7	  NegSmallBright	    478.8984	   2042.97	    0.0	    00000000     00000000	   1	[      4]
242   	0     	      6	  NegLargeBright	    481.0938	   2195.31	    0.0	    00000000     00000000	   1	[      3]
243   	0     	    253	              ""	    483.6719	   2578.12	    0.0	    00000000     00000000	   1	[       ]
244   	0     	      8	   NeutLargeDark	    484.6758	   1003.91	    0.0	    00000000     00000000	   1	[      5]
245   	0     	      6	  NegLargeBright	    486.7266	   2050.78	    0.0	    00000000     00000000	   1	[      3]
246   	0     	      9	   NeutSmallDark	    488.8633	   2136.72	    0.0	    00000000     00000000	   1	[      6]
247   	0     	      9	   NeutSmallDark	    491.3164	   2453.12	    0.0	    00000000     00000000	   1	[      6]
248   	0     	      7	  NegSmallBright	    493.3984	   2082.03	    0.0	    00000000     00000000	   1	[      4]
249   	0     	      9	   NeutSmallDark	    495.4844	   2085.94	    0.0	    00000000     00000000	   1	[      6]
250   	0     	      8	   NeutLargeDark	    497.7773	   2292.97	    0.0	    00000000     00000000	   1	[      5]
251   	0     	     11	 NeutSmallBright	    499.9727	   2195.31	    0.0	    00000000     00000000	   1	[      8]
252   	0     	     12	     condition12	    502.0352	   2062.50	    0.0	    00000000     00000000	   1	[       ]
253   	0     	      2	      condition2	    503.0352	   1000.00	    0.0	    00000000     00000000	   1	[       ]
254   	0     	      7	  NegSmallBright	    504.5273	   1492.19	    0.0	    00000000     00000000	   1	[      4]
255   	0     	     14	     condition14	    506.9727	   2445.31	    0.0	    00000000     00000000	   1	[       ]
256   	0     	      2	      condition2	    507.6016	    628.91	    0.0	    00000000     00000000	   1	[       ]
257   	0     	      5	    NegSmallDark	    509.1172	   1515.62	    0.0	    00000000     00000000	   1	[      2]
258   	0     	      6	  NegLargeBright	    511.5312	   2414.06	    0.0	    00000000     00000000	   1	[      3]
259   	0     	      4	    NegLargeDark	    513.9141	   2382.81	    0.0	    00000000     00000000	   1	[      1]
260   	0     	      4	    NegLargeDark	    516.0195	   2105.47	    0.0	    00000000     00000000	   1	[      1]
261   	0     	     11	 NeutSmallBright	    518.2734	   2253.91	    0.0	    00000000     00000000	   1	[      8]
262   	0     	      6	  NegLargeBright	    520.3867	   2113.28	    0.0	    00000000     00000000	   1	[      3]
263   	0     	      4	    NegLargeDark	    522.8125	   2425.78	    0.0	    00000000     00000000	   1	[      1]
264   	0     	      8	   NeutLargeDark	    525.2773	   2464.84	    0.0	    00000000     00000000	   1	[      5]
265   	0     	      6	  NegLargeBright	    527.6094	   2332.03	    0.0	    00000000     00000000	   1	[      3]
266   	0     	      8	   NeutLargeDark	    530.1055	   2496.09	    0.0	    00000000     00000000	   1	[      5]
267   	0     	      5	    NegSmallDark	    532.4766	   2371.09	    0.0	    00000000     00000000	   1	[      2]
268   	0     	      4	    NegLargeDark	    534.8125	   2335.94	    0.0	    00000000     00000000	   1	[      1]
269   	0     	      9	   NeutSmallDark	    536.8672	   2054.69	    0.0	    00000000     00000000	   1	[      6]
270   	0     	      4	    NegLargeDark	    539.1680	   2300.78	    0.0	    00000000     00000000	   1	[      1]
271   	0     	      5	    NegSmallDark	    541.3125	   2144.53	    0.0	    00000000     00000000	   1	[      2]
272   	0     	      4	    NegLargeDark	    543.7695	   2457.03	    0.0	    00000000     00000000	   1	[      1]
273   	0     	     14	     condition14	    546.2734	   2503.91	    0.0	    00000000     00000000	   1	[       ]
274   	0     	      2	      condition2	    546.9531	    679.69	    0.0	    00000000     00000000	   1	[       ]
275   	0     	     10	 NeutLargeBright	    548.6172	   1664.06	    0.0	    00000000     00000000	   1	[      7]
276   	0     	      8	   NeutLargeDark	    550.7695	   2152.34	    0.0	    00000000     00000000	   1	[      5]
277   	0     	      9	   NeutSmallDark	    553.0938	   2324.22	    0.0	    00000000     00000000	   1	[      6]
278   	0     	      5	    NegSmallDark	    555.4766	   2382.81	    0.0	    00000000     00000000	   1	[      2]
279   	0     	      7	  NegSmallBright	    557.7227	   2246.09	    0.0	    00000000     00000000	   1	[      4]
280   	0     	      4	    NegLargeDark	    560.2383	   2515.62	    0.0	    00000000     00000000	   1	[      1]
281   	0     	      8	   NeutLargeDark	    562.7422	   2503.91	    0.0	    00000000     00000000	   1	[      5]
282   	0     	      8	   NeutLargeDark	    565.2070	   2464.84	    0.0	    00000000     00000000	   1	[      5]
283   	0     	     11	 NeutSmallBright	    567.4883	   2281.25	    0.0	    00000000     00000000	   1	[      8]
284   	0     	     11	 NeutSmallBright	    569.9258	   2437.50	    0.0	    00000000     00000000	   1	[      8]
285   	0     	      8	   NeutLargeDark	    572.3398	   2414.06	    0.0	    00000000     00000000	   1	[      5]
286   	0     	     11	 NeutSmallBright	    574.4219	   2082.03	    0.0	    00000000     00000000	   1	[      8]
287   	0     	     11	 NeutSmallBright	    576.8672	   2445.31	    0.0	    00000000     00000000	   1	[      8]
288   	0     	     14	     condition14	    579.0703	   2203.12	    0.0	    00000000     00000000	   1	[       ]
289   	0     	      2	      condition2	    579.9883	    917.97	    0.0	    00000000     00000000	   1	[       ]
290   	0     	     10	 NeutLargeBright	    581.1250	   1136.72	    0.0	    00000000     00000000	   1	[      7]
291   	0     	      5	    NegSmallDark	    583.4766	   2351.56	    0.0	    00000000     00000000	   1	[      2]
292   	0     	      4	    NegLargeDark	    585.6406	   2164.06	    0.0	    00000000     00000000	   1	[      1]
293   	0     	     10	 NeutLargeBright	    587.7969	   2156.25	    0.0	    00000000     00000000	   1	[      7]
294   	0     	     10	 NeutLargeBright	    590.2383	   2441.41	    0.0	    00000000     00000000	   1	[      7]
295   	0     	     13	     condition13	    592.3828	   2144.53	    0.0	    00000000     00000000	   1	[       ]
296   	0     	      2	      condition2	    592.8828	    500.00	    0.0	    00000000     00000000	   1	[       ]
297   	0     	     14	     condition14	    594.5859	   1703.12	    0.0	    00000000     00000000	   1	[       ]
298   	0     	      2	      condition2	    595.0898	    503.91	    0.0	    00000000     00000000	   1	[       ]
299   	0     	     10	 NeutLargeBright	    596.8398	   1750.00	    0.0	    00000000     00000000	   1	[      7]
300   	0     	      5	    NegSmallDark	    598.8633	   2023.44	    0.0	    00000000     00000000	   1	[      2]
301   	0     	      8	   NeutLargeDark	    600.9766	   2113.28	    0.0	    00000000     00000000	   1	[      5]
302   	0     	      8	   NeutLargeDark	    603.0430	   2066.41	    0.0	    00000000     00000000	   1	[      5]
303   	0     	     11	 NeutSmallBright	    605.3945	   2351.56	    0.0	    00000000     00000000	   1	[      8]
304   	0     	     14	     condition14	    607.5508	   2156.25	    0.0	    00000000     00000000	   1	[       ]
305   	0     	      2	      condition2	    608.0859	    535.16	    0.0	    00000000     00000000	   1	[       ]
306   	0     	      6	  NegLargeBright	    609.9023	   1816.41	    0.0	    00000000     00000000	   1	[      3]
307   	0     	     12	     condition12	    612.3086	   2406.25	    0.0	    00000000     00000000	   1	[       ]
308   	0     	      2	      condition2	    612.8125	    503.91	    0.0	    00000000     00000000	   1	[       ]
309   	0     	      7	  NegSmallBright	    614.6016	   1789.06	    0.0	    00000000     00000000	   1	[      4]
310   	0     	      7	  NegSmallBright	    616.9453	   2343.75	    0.0	    00000000     00000000	   1	[      4]
311   	0     	      6	  NegLargeBright	    619.4219	   2476.56	    0.0	    00000000     00000000	   1	[      3]
312   	0     	      7	  NegSmallBright	    621.8867	   2464.84	    0.0	    00000000     00000000	   1	[      4]
313   	0     	      9	   NeutSmallDark	    624.1875	   2300.78	    0.0	    00000000     00000000	   1	[      6]
314   	0     	      6	  NegLargeBright	    626.3945	   2207.03	    0.0	    00000000     00000000	   1	[      3]
315   	0     	      7	  NegSmallBright	    628.7773	   2382.81	    0.0	    00000000     00000000	   1	[      4]
316   	0     	     10	 NeutLargeBright	    630.9219	   2144.53	    0.0	    00000000     00000000	   1	[      7]
317   	0     	     15	     condition15	    633.0664	   2144.53	    0.0	    00000000     00000000	   1	[       ]
318   	0     	      2	      condition2	    633.9414	    875.00	    0.0	    00000000     00000000	   1	[       ]
319   	0     	      7	  NegSmallBright	    635.2969	   1355.47	    0.0	    00000000     00000000	   1	[      4]
320   	0     	      6	  NegLargeBright	    637.8047	   2507.81	    0.0	    00000000     00000000	   1	[      3]
321   	0     	     10	 NeutLargeBright	    640.0977	   2292.97	    0.0	    00000000     00000000	   1	[      7]
322   	0     	     12	     condition12	    642.1523	   2054.69	    0.0	    00000000     00000000	   1	[       ]
323   	0     	      2	      condition2	    642.7695	    617.19	    0.0	    00000000     00000000	   1	[       ]
324   	0     	    253	              ""	    644.3750	   1605.47	    0.0	    00000000     00000000	   1	[       ]
325   	0     	      6	  NegLargeBright	    645.3867	   1011.72	    0.0	    00000000     00000000	   1	[      3]
326   	0     	      6	  NegLargeBright	    647.5000	   2113.28	    0.0	    00000000     00000000	   1	[      3]
327   	0     	      5	    NegSmallDark	    649.9961	   2496.09	    0.0	    00000000     00000000	   1	[      2]
328   	0     	      7	  NegSmallBright	    652.0898	   2093.75	    0.0	    00000000     00000000	   1	[      4]
329   	0     	     10	 NeutLargeBright	    654.3555	   2265.62	    0.0	    00000000     00000000	   1	[      7]
330   	0     	      6	  NegLargeBright	    656.5273	   2171.88	    0.0	    00000000     00000000	   1	[      3]
331   	0     	      5	    NegSmallDark	    658.6602	   2132.81	    0.0	    00000000     00000000	   1	[      2]
332   	0     	      5	    NegSmallDark	    660.7852	   2125.00	    0.0	    00000000     00000000	   1	[      2]
333   	0     	     14	     condition14	    662.9492	   2164.06	    0.0	    00000000     00000000	   1	[       ]
334   	0     	      2	      condition2	    663.4258	    476.56	    0.0	    00000000     00000000	   1	[       ]
335   	0     	      5	    NegSmallDark	    665.4414	   2015.62	    0.0	    00000000     00000000	   1	[      2]
336   	0     	      5	    NegSmallDark	    667.6875	   2246.09	    0.0	    00000000     00000000	   1	[      2]
337   	0     	      4	    NegLargeDark	    669.7812	   2093.75	    0.0	    00000000     00000000	   1	[      1]
338   	0     	      8	   NeutLargeDark	    672.1953	   2414.06	    0.0	    00000000     00000000	   1	[      5]
339   	0     	      8	   NeutLargeDark	    674.3672	   2171.88	    0.0	    00000000     00000000	   1	[      5]
340   	0     	      8	   NeutLargeDark	    676.4336	   2066.41	    0.0	    00000000     00000000	   1	[      5]
341   	0     	      8	   NeutLargeDark	    678.4844	   2050.78	    0.0	    00000000     00000000	   1	[      5]
342   	0     	     10	 NeutLargeBright	    680.6992	   2214.84	    0.0	    00000000     00000000	   1	[      7]
343   	0     	      6	  NegLargeBright	    682.8633	   2164.06	    0.0	    00000000     00000000	   1	[      3]
344   	0     	     11	 NeutSmallBright	    684.8984	   2035.16	    0.0	    00000000     00000000	   1	[      8]
345   	0     	     13	     condition13	    687.0195	   2121.09	    0.0	    00000000     00000000	   1	[       ]
346   	0     	      2	      condition2	    687.5352	    515.62	    0.0	    00000000     00000000	   1	[       ]
347   	0     	      5	    NegSmallDark	    689.4258	   1890.62	    0.0	    00000000     00000000	   1	[      2]
348   	0     	      5	    NegSmallDark	    691.5586	   2132.81	    0.0	    00000000     00000000	   1	[      2]
349   	0     	      9	   NeutSmallDark	    693.9453	   2386.72	    0.0	    00000000     00000000	   1	[      6]
350   	0     	     13	     condition13	    696.3477	   2402.34	    0.0	    00000000     00000000	   1	[       ]
351   	0     	      2	      condition2	    696.7891	    441.41	    0.0	    00000000     00000000	   1	[       ]
352   	0     	      5	    NegSmallDark	    698.7422	   1953.12	    0.0	    00000000     00000000	   1	[      2]
353   	0     	      5	    NegSmallDark	    700.9844	   2242.19	    0.0	    00000000     00000000	   1	[      2]
354   	0     	     10	 NeutLargeBright	    703.3984	   2414.06	    0.0	    00000000     00000000	   1	[      7]
355   	0     	     12	     condition12	    705.4336	   2035.16	    0.0	    00000000     00000000	   1	[       ]
356   	0     	      2	      condition2	    706.0156	    582.03	    0.0	    00000000     00000000	   1	[       ]
357   	0     	      5	    NegSmallDark	    707.8359	   1820.31	    0.0	    00000000     00000000	   1	[      2]
358   	0     	      5	    NegSmallDark	    709.9531	   2117.19	    0.0	    00000000     00000000	   1	[      2]
359   	0     	      7	  NegSmallBright	    712.0938	   2140.62	    0.0	    00000000     00000000	   1	[      4]
360   	0     	      9	   NeutSmallDark	    714.1992	   2105.47	    0.0	    00000000     00000000	   1	[      6]
361   	0     	     15	     condition15	    716.5312	   2332.03	    0.0	    00000000     00000000	   1	[       ]
362   	0     	      2	      condition2	    717.7930	   1261.72	    0.0	    00000000     00000000	   1	[       ]
363   	0     	     10	 NeutLargeBright	    718.6055	    812.50	    0.0	    00000000     00000000	   1	[      7]
364   	0     	      8	   NeutLargeDark	    721.0898	   2484.38	    0.0	    00000000     00000000	   1	[      5]
365   	0     	      5	    NegSmallDark	    723.1641	   2074.22	    0.0	    00000000     00000000	   1	[      2]
366   	0     	      9	   NeutSmallDark	    725.3984	   2234.38	    0.0	    00000000     00000000	   1	[      6]
367   	0     	     11	 NeutSmallBright	    727.6211	   2222.66	    0.0	    00000000     00000000	   1	[      8]
368   	0     	      4	    NegLargeDark	    729.8164	   2195.31	    0.0	    00000000     00000000	   1	[      1]
369   	0     	      5	    NegSmallDark	    732.2422	   2425.78	    0.0	    00000000     00000000	   1	[      2]
370   	0     	     10	 NeutLargeBright	    734.4258	   2183.59	    0.0	    00000000     00000000	   1	[      7]
371   	0     	      8	   NeutLargeDark	    736.5000	   2074.22	    0.0	    00000000     00000000	   1	[      5]
372   	0     	     13	     condition13	    738.5938	   2093.75	    0.0	    00000000     00000000	   1	[       ]
373   	0     	      2	      condition2	    739.1602	    566.41	    0.0	    00000000     00000000	   1	[       ]
374   	0     	     11	 NeutSmallBright	    741.0977	   1937.50	    0.0	    00000000     00000000	   1	[      8]
375   	0     	     13	     condition13	    743.4219	   2324.22	    0.0	    00000000     00000000	   1	[       ]
376   	0     	      2	      condition2	    744.0195	    597.66	    0.0	    00000000     00000000	   1	[       ]
377   	0     	     10	 NeutLargeBright	    745.9531	   1933.59	    0.0	    00000000     00000000	   1	[      7]
378   	0     	     11	 NeutSmallBright	    748.3984	   2445.31	    0.0	    00000000     00000000	   1	[      8]
379   	0     	     12	     condition12	    750.7148	   2316.41	    0.0	    00000000     00000000	   1	[       ]
380   	0     	      2	      condition2	    751.2891	    574.22	    0.0	    00000000     00000000	   1	[       ]
381   	0     	      5	    NegSmallDark	    752.8281	   1539.06	    0.0	    00000000     00000000	   1	[      2]
382   	0     	     13	     condition13	    755.0117	   2183.59	    0.0	    00000000     00000000	   1	[       ]
383   	0     	      2	      condition2	    755.6562	    644.53	    0.0	    00000000     00000000	   1	[       ]
384   	0     	      7	  NegSmallBright	    757.4766	   1820.31	    0.0	    00000000     00000000	   1	[      4]
385   	0     	      8	   NeutLargeDark	    759.5703	   2093.75	    0.0	    00000000     00000000	   1	[      5]
386   	0     	      9	   NeutSmallDark	    762.0039	   2433.59	    0.0	    00000000     00000000	   1	[      6]
387   	0     	      7	  NegSmallBright	    764.1758	   2171.88	    0.0	    00000000     00000000	   1	[      4]
388   	0     	      7	  NegSmallBright	    766.4297	   2253.91	    0.0	    00000000     00000000	   1	[      4]
389   	0     	      8	   NeutLargeDark	    768.5352	   2105.47	    0.0	    00000000     00000000	   1	[      5]
390   	0     	      9	   NeutSmallDark	    770.9805	   2445.31	    0.0	    00000000     00000000	   1	[      6]
391   	0     	      9	   NeutSmallDark	    773.1914	   2210.94	    0.0	    00000000     00000000	   1	[      6]
392   	0     	     13	     condition13	    775.4453	   2253.91	    0.0	    00000000     00000000	   1	[       ]
393   	0     	      2	      condition2	    776.1055	    660.16	    0.0	    00000000     00000000	   1	[       ]
394   	0     	      6	  NegLargeBright	    777.7188	   1613.28	    0.0	    00000000     00000000	   1	[      3]
395   	0     	      5	    NegSmallDark	    780.1367	   2417.97	    0.0	    00000000     00000000	   1	[      2]
396   	0     	     15	     condition15	    782.2500	   2113.28	    0.0	    00000000     00000000	   1	[       ]
397   	0     	      2	      condition2	    782.9297	    679.69	    0.0	    00000000     00000000	   1	[       ]
398   	0     	      5	    NegSmallDark	    784.3438	   1414.06	    0.0	    00000000     00000000	   1	[      2]
399   	0     	      8	   NeutLargeDark	    786.4062	   2062.50	    0.0	    00000000     00000000	   1	[      5]
400   	0     	     11	 NeutSmallBright	    788.6406	   2234.38	    0.0	    00000000     00000000	   1	[      8]
401   	0     	      4	    NegLargeDark	    791.1523	   2511.72	    0.0	    00000000     00000000	   1	[      1]
402   	0     	     11	 NeutSmallBright	    793.6602	   2507.81	    0.0	    00000000     00000000	   1	[      8]
403   	0     	      8	   NeutLargeDark	    795.7930	   2132.81	    0.0	    00000000     00000000	   1	[      5]
404   	0     	      9	   NeutSmallDark	    798.0547	   2261.72	    0.0	    00000000     00000000	   1	[      6]
405   	0     	     11	 NeutSmallBright	    800.2500	   2195.31	    0.0	    00000000     00000000	   1	[      8]
406   	0     	    253	              ""	    802.2500	   2000.00	    0.0	    00000000     00000000	   1	[       ]
407   	0     	     15	     condition15	    803.2539	   1003.91	    0.0	    00000000     00000000	   1	[       ]
408   	0     	      2	      condition2	    803.7852	    531.25	    0.0	    00000000     00000000	   1	[       ]
409   	0     	     14	     condition14	    805.2852	   1500.00	    0.0	    00000000     00000000	   1	[       ]
410   	0     	      2	      condition2	    806.1367	    851.56	    0.0	    00000000     00000000	   1	[       ]
411   	0     	      4	    NegLargeDark	    807.5312	   1394.53	    0.0	    00000000     00000000	   1	[      1]
412   	0     	     15	     condition15	    809.9062	   2375.00	    0.0	    00000000     00000000	   1	[       ]
413   	0     	      2	      condition2	    810.7617	    855.47	    0.0	    00000000     00000000	   1	[       ]
414   	0     	      7	  NegSmallBright	    812.0273	   1265.62	    0.0	    00000000     00000000	   1	[      4]
415   	0     	     10	 NeutLargeBright	    814.4219	   2394.53	    0.0	    00000000     00000000	   1	[      7]
416   	0     	     10	 NeutLargeBright	    816.9062	   2484.38	    0.0	    00000000     00000000	   1	[      7]
417   	0     	     11	 NeutSmallBright	    819.0820	   2175.78	    0.0	    00000000     00000000	   1	[      8]
418   	0     	      4	    NegLargeDark	    821.2539	   2171.88	    0.0	    00000000     00000000	   1	[      1]
419   	0     	      7	  NegSmallBright	    823.6289	   2375.00	    0.0	    00000000     00000000	   1	[      4]
420   	0     	     10	 NeutLargeBright	    825.8945	   2265.62	    0.0	    00000000     00000000	   1	[      7]
421   	0     	      9	   NeutSmallDark	    828.0469	   2152.34	    0.0	    00000000     00000000	   1	[      6]
422   	0     	     10	 NeutLargeBright	    830.2695	   2222.66	    0.0	    00000000     00000000	   1	[      7]
423   	0     	      9	   NeutSmallDark	    832.7031	   2433.59	    0.0	    00000000     00000000	   1	[      6]
424   	0     	     11	 NeutSmallBright	    834.8984	   2195.31	    0.0	    00000000     00000000	   1	[      8]
425   	0     	      9	   NeutSmallDark	    837.1641	   2265.62	    0.0	    00000000     00000000	   1	[      6]
426   	0     	     10	 NeutLargeBright	    839.6875	   2523.44	    0.0	    00000000     00000000	   1	[      7]
427   	0     	     11	 NeutSmallBright	    841.7422	   2054.69	    0.0	    00000000     00000000	   1	[      8]
428   	0     	      4	    NegLargeDark	    844.2656	   2523.44	    0.0	    00000000     00000000	   1	[      1]
429   	0     	     14	     condition14	    846.3672	   2101.56	    0.0	    00000000     00000000	   1	[       ]
430   	0     	      2	      condition2	    846.8867	    519.53	    0.0	    00000000     00000000	   1	[       ]
431   	0     	      6	  NegLargeBright	    848.7227	   1835.94	    0.0	    00000000     00000000	   1	[      3]
432   	0     	      5	    NegSmallDark	    851.0586	   2335.94	    0.0	    00000000     00000000	   1	[      2]
433   	0     	      6	  NegLargeBright	    853.5703	   2511.72	    0.0	    00000000     00000000	   1	[      3]
434   	0     	      5	    NegSmallDark	    855.8750	   2304.69	    0.0	    00000000     00000000	   1	[      2]
435   	0     	      9	   NeutSmallDark	    858.0078	   2132.81	    0.0	    00000000     00000000	   1	[      6]
436   	0     	      4	    NegLargeDark	    860.1523	   2144.53	    0.0	    00000000     00000000	   1	[      1]
437   	0     	      6	  NegLargeBright	    862.3750	   2222.66	    0.0	    00000000     00000000	   1	[      3]
438   	0     	      6	  NegLargeBright	    864.4414	   2066.41	    0.0	    00000000     00000000	   1	[      3]
439   	0     	      6	  NegLargeBright	    866.7461	   2304.69	    0.0	    00000000     00000000	   1	[      3]
440   	0     	      4	    NegLargeDark	    868.8086	   2062.50	    0.0	    00000000     00000000	   1	[      1]
441   	0     	     12	     condition12	    870.9531	   2144.53	    0.0	    00000000     00000000	   1	[       ]
442   	0     	      2	      condition2	    871.5703	    617.19	    0.0	    00000000     00000000	   1	[       ]
443   	0     	     10	 NeutLargeBright	    873.1875	   1617.19	    0.0	    00000000     00000000	   1	[      7]
444   	0     	     10	 NeutLargeBright	    875.6797	   2492.19	    0.0	    00000000     00000000	   1	[      7]
445   	0     	      8	   NeutLargeDark	    877.9727	   2292.97	    0.0	    00000000     00000000	   1	[      5]
446   	0     	      6	  NegLargeBright	    880.3594	   2386.72	    0.0	    00000000     00000000	   1	[      3]
447   	0     	     10	 NeutLargeBright	    882.4023	   2042.97	    0.0	    00000000     00000000	   1	[      7]
448   	0     	      9	   NeutSmallDark	    884.7852	   2382.81	    0.0	    00000000     00000000	   1	[      6]
449   	0     	      9	   NeutSmallDark	    887.0820	   2296.88	    0.0	    00000000     00000000	   1	[      6]
450   	0     	      5	    NegSmallDark	    889.1836	   2101.56	    0.0	    00000000     00000000	   1	[      2]
451   	0     	     14	     condition14	    891.3359	   2152.34	    0.0	    00000000     00000000	   1	[       ]
452   	0     	      2	      condition2	    891.8398	    503.91	    0.0	    00000000     00000000	   1	[       ]
453   	0     	      9	   NeutSmallDark	    893.6836	   1843.75	    0.0	    00000000     00000000	   1	[      6]
454   	0     	      8	   NeutLargeDark	    896.1055	   2421.88	    0.0	    00000000     00000000	   1	[      5]
455   	0     	     14	     condition14	    898.1992	   2093.75	    0.0	    00000000     00000000	   1	[       ]
456   	0     	      2	      condition2	    898.7461	    546.88	    0.0	    00000000     00000000	   1	[       ]
457   	0     	      8	   NeutLargeDark	    900.2617	   1515.62	    0.0	    00000000     00000000	   1	[      5]
458   	0     	     10	 NeutLargeBright	    902.5391	   2277.34	    0.0	    00000000     00000000	   1	[      7]
459   	0     	      4	    NegLargeDark	    904.9609	   2421.88	    0.0	    00000000     00000000	   1	[      1]
460   	0     	     11	 NeutSmallBright	    907.1758	   2214.84	    0.0	    00000000     00000000	   1	[      8]
461   	0     	      7	  NegSmallBright	    909.5781	   2402.34	    0.0	    00000000     00000000	   1	[      4]
462   	0     	     13	     condition13	    912.0859	   2507.81	    0.0	    00000000     00000000	   1	[       ]
463   	0     	      2	      condition2	    912.5547	    468.75	    0.0	    00000000     00000000	   1	[       ]
464   	0     	     14	     condition14	    914.3398	   1785.16	    0.0	    00000000     00000000	   1	[       ]
465   	0     	      2	      condition2	    914.8672	    527.34	    0.0	    00000000     00000000	   1	[       ]
466   	0     	      7	  NegSmallBright	    916.3711	   1503.91	    0.0	    00000000     00000000	   1	[      4]
467   	0     	      4	    NegLargeDark	    918.8945	   2523.44	    0.0	    00000000     00000000	   1	[      1]
468   	0     	      8	   NeutLargeDark	    921.3516	   2457.03	    0.0	    00000000     00000000	   1	[      5]
469   	0     	      9	   NeutSmallDark	    923.7461	   2394.53	    0.0	    00000000     00000000	   1	[      6]
470   	0     	     10	 NeutLargeBright	    926.2070	   2460.94	    0.0	    00000000     00000000	   1	[      7]
471   	0     	      9	   NeutSmallDark	    928.2344	   2027.34	    0.0	    00000000     00000000	   1	[      6]
472   	0     	     11	 NeutSmallBright	    930.4883	   2253.91	    0.0	    00000000     00000000	   1	[      8]
473   	0     	      6	  NegLargeBright	    932.7422	   2253.91	    0.0	    00000000     00000000	   1	[      3]
474   	0     	     10	 NeutLargeBright	    935.0859	   2343.75	    0.0	    00000000     00000000	   1	[      7]
475   	0     	     10	 NeutLargeBright	    937.6094	   2523.44	    0.0	    00000000     00000000	   1	[      7]
476   	0     	      5	    NegSmallDark	    939.6914	   2082.03	    0.0	    00000000     00000000	   1	[      2]
477   	0     	      8	   NeutLargeDark	    942.1484	   2457.03	    0.0	    00000000     00000000	   1	[      5]
478   	0     	      8	   NeutLargeDark	    944.4922	   2343.75	    0.0	    00000000     00000000	   1	[      5]
479   	0     	      8	   NeutLargeDark	    947.0039	   2511.72	    0.0	    00000000     00000000	   1	[      5]
480   	0     	      5	    NegSmallDark	    949.3203	   2316.41	    0.0	    00000000     00000000	   1	[      2]
481   	0     	     10	 NeutLargeBright	    951.8438	   2523.44	    0.0	    00000000     00000000	   1	[      7]
482   	0     	      4	    NegLargeDark	    954.0078	   2164.06	    0.0	    00000000     00000000	   1	[      1]
483   	0     	      4	    NegLargeDark	    956.1797	   2171.88	    0.0	    00000000     00000000	   1	[      1]
484   	0     	      6	  NegLargeBright	    958.5742	   2394.53	    0.0	    00000000     00000000	   1	[      3]
485   	0     	      6	  NegLargeBright	    960.7891	   2214.84	    0.0	    00000000     00000000	   1	[      3]
486   	0     	    253	              ""	    963.4688	   2679.69	    0.0	    00000000     00000000	   1	[       ]
487   	0     	      9	   NeutSmallDark	    964.4648	    996.09	    0.0	    00000000     00000000	   1	[      6]
488   	0     	      7	  NegSmallBright	    966.9180	   2453.12	    0.0	    00000000     00000000	   1	[      4]
489   	0     	      7	  NegSmallBright	    969.2617	   2343.75	    0.0	    00000000     00000000	   1	[      4]
490   	0     	      8	   NeutLargeDark	    971.5547	   2292.97	    0.0	    00000000     00000000	   1	[      5]
491   	0     	     10	 NeutLargeBright	    973.8203	   2265.62	    0.0	    00000000     00000000	   1	[      7]
492   	0     	      4	    NegLargeDark	    976.2031	   2382.81	    0.0	    00000000     00000000	   1	[      1]
493   	0     	     11	 NeutSmallBright	    978.3398	   2136.72	    0.0	    00000000     00000000	   1	[      8]
494   	0     	      8	   NeutLargeDark	    980.5000	   2160.16	    0.0	    00000000     00000000	   1	[      5]
495   	0     	      6	  NegLargeBright	    982.5664	   2066.41	    0.0	    00000000     00000000	   1	[      3]
496   	0     	      8	   NeutLargeDark	    984.6875	   2121.09	    0.0	    00000000     00000000	   1	[      5]
497   	0     	     11	 NeutSmallBright	    986.8125	   2125.00	    0.0	    00000000     00000000	   1	[      8]
498   	0     	     11	 NeutSmallBright	    989.1758	   2363.28	    0.0	    00000000     00000000	   1	[      8]
499   	0     	      5	    NegSmallDark	    991.2188	   2042.97	    0.0	    00000000     00000000	   1	[      2]
500   	0     	     10	 NeutLargeBright	    993.3125	   2093.75	    0.0	    00000000     00000000	   1	[      7]
501   	0     	      4	    NegLargeDark	    995.5898	   2277.34	    0.0	    00000000     00000000	   1	[      1]
502   	0     	      8	   NeutLargeDark	    998.0938	   2503.91	    0.0	    00000000     00000000	   1	[      5]
503   	0     	      7	  NegSmallBright	   1000.5156	   2421.88	    0.0	    00000000     00000000	   1	[      4]
504   	0     	      8	   NeutLargeDark	   1003.0000	   2484.38	    0.0	    00000000     00000000	   1	[      5]
505   	0     	      5	    NegSmallDark	   1005.0859	   2085.94	    0.0	    00000000     00000000	   1	[      2]
506   	0     	      6	  NegLargeBright	   1007.4492	   2363.28	    0.0	    00000000     00000000	   1	[      3]
507   	0     	      4	    NegLargeDark	   1009.8750	   2425.78	    0.0	    00000000     00000000	   1	[      1]
508   	0     	      4	    NegLargeDark	   1012.2383	   2363.28	    0.0	    00000000     00000000	   1	[      1]
509   	0     	     11	 NeutSmallBright	   1014.6523	   2414.06	    0.0	    00000000     00000000	   1	[      8]
510   	0     	      7	  NegSmallBright	   1016.7148	   2062.50	    0.0	    00000000     00000000	   1	[      4]
511   	0     	      5	    NegSmallDark	   1018.7773	   2062.50	    0.0	    00000000     00000000	   1	[      2]
512   	0     	     13	     condition13	   1020.9336	   2156.25	    0.0	    00000000     00000000	   1	[       ]
513   	0     	      2	      condition2	   1021.6094	    675.78	    0.0	    00000000     00000000	   1	[       ]
514   	0     	      7	  NegSmallBright	   1023.2188	   1609.38	    0.0	    00000000     00000000	   1	[      4]
515   	0     	     14	     condition14	   1025.2812	   2062.50	    0.0	    00000000     00000000	   1	[       ]
516   	0     	      2	      condition2	   1025.7266	    445.31	    0.0	    00000000     00000000	   1	[       ]
517   	0     	      6	  NegLargeBright	   1027.3945	   1667.97	    0.0	    00000000     00000000	   1	[      3]
518   	0     	     10	 NeutLargeBright	   1029.8086	   2414.06	    0.0	    00000000     00000000	   1	[      7]
519   	0     	      7	  NegSmallBright	   1032.0312	   2222.66	    0.0	    00000000     00000000	   1	[      4]
520   	0     	     12	     condition12	   1034.2578	   2226.56	    0.0	    00000000     00000000	   1	[       ]
521   	0     	      2	      condition2	   1034.7500	    492.19	    0.0	    00000000     00000000	   1	[       ]
522   	0     	      5	    NegSmallDark	   1036.5195	   1769.53	    0.0	    00000000     00000000	   1	[      2]
523   	0     	      5	    NegSmallDark	   1038.6523	   2132.81	    0.0	    00000000     00000000	   1	[      2]
524   	0     	     14	     condition14	   1041.0391	   2386.72	    0.0	    00000000     00000000	   1	[       ]
525   	0     	      2	      condition2	   1041.5781	    539.06	    0.0	    00000000     00000000	   1	[       ]
526   	0     	      9	   NeutSmallDark	   1043.3438	   1765.62	    0.0	    00000000     00000000	   1	[      6]
527   	0     	      7	  NegSmallBright	   1045.6680	   2324.22	    0.0	    00000000     00000000	   1	[      4]
528   	0     	      6	  NegLargeBright	   1047.8906	   2222.66	    0.0	    00000000     00000000	   1	[      3]
529   	0     	      4	    NegLargeDark	   1050.0156	   2125.00	    0.0	    00000000     00000000	   1	[      1]
530   	0     	     11	 NeutSmallBright	   1052.1875	   2171.88	    0.0	    00000000     00000000	   1	[      8]
531   	0     	      2	      condition2	   1052.9062	    718.75	    0.0	    00000000     00000000	   1	[       ]
532   	0     	     15	     condition15	   1054.2227	   1316.41	    0.0	    00000000     00000000	   1	[       ]
533   	0     	      2	      condition2	   1054.8242	    601.56	    0.0	    00000000     00000000	   1	[       ]
534   	0     	     11	 NeutSmallBright	   1056.4844	   1660.16	    0.0	    00000000     00000000	   1	[      8]
535   	0     	      7	  NegSmallBright	   1058.9180	   2433.59	    0.0	    00000000     00000000	   1	[      4]
536   	0     	      4	    NegLargeDark	   1061.0820	   2164.06	    0.0	    00000000     00000000	   1	[      1]
537   	0     	     10	 NeutLargeBright	   1063.4492	   2367.19	    0.0	    00000000     00000000	   1	[      7]
538   	0     	      5	    NegSmallDark	   1065.6719	   2222.66	    0.0	    00000000     00000000	   1	[      2]
539   	0     	     14	     condition14	   1067.9141	   2242.19	    0.0	    00000000     00000000	   1	[       ]
540   	0     	      2	      condition2	   1068.4961	    582.03	    0.0	    00000000     00000000	   1	[       ]
541   	0     	     10	 NeutLargeBright	   1070.3594	   1863.28	    0.0	    00000000     00000000	   1	[      7]
542   	0     	     10	 NeutLargeBright	   1072.7930	   2433.59	    0.0	    00000000     00000000	   1	[      7]
543   	0     	      5	    NegSmallDark	   1074.8984	   2105.47	    0.0	    00000000     00000000	   1	[      2]
544   	0     	      4	    NegLargeDark	   1077.3320	   2433.59	    0.0	    00000000     00000000	   1	[      1]
545   	0     	      9	   NeutSmallDark	   1079.4766	   2144.53	    0.0	    00000000     00000000	   1	[      6]
546   	0     	      9	   NeutSmallDark	   1081.8984	   2421.88	    0.0	    00000000     00000000	   1	[      6]
547   	0     	      9	   NeutSmallDark	   1083.9531	   2054.69	    0.0	    00000000     00000000	   1	[      6]
548   	0     	     11	 NeutSmallBright	   1086.2969	   2343.75	    0.0	    00000000     00000000	   1	[      8]
549   	0     	      4	    NegLargeDark	   1088.4414	   2144.53	    0.0	    00000000     00000000	   1	[      1]
550   	0     	      7	  NegSmallBright	   1090.4844	   2042.97	    0.0	    00000000     00000000	   1	[      4]
551   	0     	     10	 NeutLargeBright	   1092.7695	   2285.16	    0.0	    00000000     00000000	   1	[      7]
552   	0     	      4	    NegLargeDark	   1095.2227	   2453.12	    0.0	    00000000     00000000	   1	[      1]
553   	0     	     11	 NeutSmallBright	   1097.4766	   2253.91	    0.0	    00000000     00000000	   1	[      8]
554   	0     	     10	 NeutLargeBright	   1099.7930	   2316.41	    0.0	    00000000     00000000	   1	[      7]
555   	0     	      5	    NegSmallDark	   1102.2266	   2433.59	    0.0	    00000000     00000000	   1	[      2]
556   	0     	      9	   NeutSmallDark	   1104.3594	   2132.81	    0.0	    00000000     00000000	   1	[      6]
557   	0     	      5	    NegSmallDark	   1106.6719	   2312.50	    0.0	    00000000     00000000	   1	[      2]
558   	0     	      6	  NegLargeBright	   1108.8555	   2183.59	    0.0	    00000000     00000000	   1	[      3]
559   	0     	      7	  NegSmallBright	   1111.3828	   2527.34	    0.0	    00000000     00000000	   1	[      4]
560   	0     	      8	   NeutLargeDark	   1113.4961	   2113.28	    0.0	    00000000     00000000	   1	[      5]
561   	0     	     10	 NeutLargeBright	   1115.7812	   2285.16	    0.0	    00000000     00000000	   1	[      7]
562   	0     	      8	   NeutLargeDark	   1118.2656	   2484.38	    0.0	    00000000     00000000	   1	[      5]
563   	0     	      9	   NeutSmallDark	   1120.3789	   2113.28	    0.0	    00000000     00000000	   1	[      6]
564   	0     	     10	 NeutLargeBright	   1123.7539	   3375.00	    0.0	    00000000     00000000	   1	[      7]
565   	0     	     10	 NeutLargeBright	   1126.1602	   2406.25	    0.0	    00000000     00000000	   1	[      7]
566   	0     	      4	    NegLargeDark	   1128.5039	   2343.75	    0.0	    00000000     00000000	   1	[      1]
567   	0     	      8	   NeutLargeDark	   1130.7773	   2273.44	    0.0	    00000000     00000000	   1	[      5]
568   	0     	     11	 NeutSmallBright	   1132.8906	   2113.28	    0.0	    00000000     00000000	   1	[      8]
569   	0     	      6	  NegLargeBright	   1135.0938	   2203.12	    0.0	    00000000     00000000	   1	[      3]
570   	0     	     10	 NeutLargeBright	   1137.4688	   2375.00	    0.0	    00000000     00000000	   1	[      7]
571   	0     	      9	   NeutSmallDark	   1139.5625	   2093.75	    0.0	    00000000     00000000	   1	[      6]
572   	0     	     12	     condition12	   1141.8750	   2312.50	    0.0	    00000000     00000000	   1	[       ]
573   	0     	      2	      condition2	   1142.5391	    664.06	    0.0	    00000000     00000000	   1	[       ]
574   	0     	     14	     condition14	   1143.9102	   1371.09	    0.0	    00000000     00000000	   1	[       ]
575   	0     	      2	      condition2	   1144.5273	    617.19	    0.0	    00000000     00000000	   1	[       ]
576   	0     	     15	     condition15	   1146.4336	   1906.25	    0.0	    00000000     00000000	   1	[       ]
577   	0     	      2	      condition2	   1147.0586	    625.00	    0.0	    00000000     00000000	   1	[       ]
578   	0     	      8	   NeutLargeDark	   1148.5195	   1460.94	    0.0	    00000000     00000000	   1	[      5]
579   	0     	      9	   NeutSmallDark	   1150.9336	   2414.06	    0.0	    00000000     00000000	   1	[      6]
580   	0     	      7	  NegSmallBright	   1153.0547	   2121.09	    0.0	    00000000     00000000	   1	[      4]
581   	0     	     15	     condition15	   1155.3281	   2273.44	    0.0	    00000000     00000000	   1	[       ]
582   	0     	      2	      condition2	   1156.0195	    691.41	    0.0	    00000000     00000000	   1	[       ]
583   	0     	     11	 NeutSmallBright	   1157.8047	   1785.16	    0.0	    00000000     00000000	   1	[      8]
584   	0     	      5	    NegSmallDark	   1160.0195	   2214.84	    0.0	    00000000     00000000	   1	[      2]
585   	0     	     11	 NeutSmallBright	   1162.4141	   2394.53	    0.0	    00000000     00000000	   1	[      8]
586   	0     	     13	     condition13	   1164.6758	   2261.72	    0.0	    00000000     00000000	   1	[       ]
587   	0     	      2	      condition2	   1165.1758	    500.00	    0.0	    00000000     00000000	   1	[       ]
588   	0     	     11	 NeutSmallBright	   1167.1094	   1933.59	    0.0	    00000000     00000000	   1	[      8]
589   	0     	      4	    NegLargeDark	   1169.2344	   2125.00	    0.0	    00000000     00000000	   1	[      1]
590   	0     	      5	    NegSmallDark	   1171.4492	   2214.84	    0.0	    00000000     00000000	   1	[      2]
591   	0     	      9	   NeutSmallDark	   1173.8242	   2375.00	    0.0	    00000000     00000000	   1	[      6]
592   	0     	      8	   NeutLargeDark	   1176.1445	   2320.31	    0.0	    00000000     00000000	   1	[      5]
593   	0     	      9	   NeutSmallDark	   1178.4688	   2324.22	    0.0	    00000000     00000000	   1	[      6]
594   	0     	     15	     condition15	   1180.6328	   2164.06	    0.0	    00000000     00000000	   1	[       ]
595   	0     	      2	      condition2	   1181.3984	    765.62	    0.0	    00000000     00000000	   1	[       ]
596   	0     	     13	     condition13	   1183.0195	   1621.09	    0.0	    00000000     00000000	   1	[       ]
597   	0     	      2	      condition2	   1183.4492	    429.69	    0.0	    00000000     00000000	   1	[       ]
598   	0     	      9	   NeutSmallDark	   1185.3438	   1894.53	    0.0	    00000000     00000000	   1	[      6]
599   	0     	     14	     condition14	   1187.8477	   2503.91	    0.0	    00000000     00000000	   1	[       ]
600   	0     	      2	      condition2	   1188.5352	    687.50	    0.0	    00000000     00000000	   1	[       ]
601   	0     	     14	     condition14	   1190.2695	   1734.38	    0.0	    00000000     00000000	   1	[       ]
602   	0     	      2	      condition2	   1190.9805	    710.94	    0.0	    00000000     00000000	   1	[       ]
603   	0     	      8	   NeutLargeDark	   1192.7539	   1773.44	    0.0	    00000000     00000000	   1	[      5]
604   	0     	     11	 NeutSmallBright	   1194.8477	   2093.75	    0.0	    00000000     00000000	   1	[      8]
605   	0     	      8	   NeutLargeDark	   1197.2148	   2367.19	    0.0	    00000000     00000000	   1	[      5]
606   	0     	      4	    NegLargeDark	   1199.5156	   2300.78	    0.0	    00000000     00000000	   1	[      1]
607   	0     	      7	  NegSmallBright	   1201.6523	   2136.72	    0.0	    00000000     00000000	   1	[      4]
608   	0     	     10	 NeutLargeBright	   1204.1445	   2492.19	    0.0	    00000000     00000000	   1	[      7]
609   	0     	      4	    NegLargeDark	   1206.3203	   2175.78	    0.0	    00000000     00000000	   1	[      1]
610   	0     	      6	  NegLargeBright	   1208.7227	   2402.34	    0.0	    00000000     00000000	   1	[      3]
611   	0     	      6	  NegLargeBright	   1211.1875	   2464.84	    0.0	    00000000     00000000	   1	[      3]
612   	0     	     10	 NeutLargeBright	   1213.2930	   2105.47	    0.0	    00000000     00000000	   1	[      7]
613   	0     	      7	  NegSmallBright	   1215.3672	   2074.22	    0.0	    00000000     00000000	   1	[      4]
614   	0     	      8	   NeutLargeDark	   1217.5078	   2140.62	    0.0	    00000000     00000000	   1	[      5]
615   	0     	     13	     condition13	   1219.5938	   2085.94	    0.0	    00000000     00000000	   1	[       ]
616   	0     	      2	      condition2	   1220.0859	    492.19	    0.0	    00000000     00000000	   1	[       ]
617   	0     	     11	 NeutSmallBright	   1221.7070	   1621.09	    0.0	    00000000     00000000	   1	[      8]
618   	0     	      9	   NeutSmallDark	   1223.8086	   2101.56	    0.0	    00000000     00000000	   1	[      6]
619   	0     	      9	   NeutSmallDark	   1225.8945	   2085.94	    0.0	    00000000     00000000	   1	[      6]
620   	0     	     15	     condition15	   1228.2578	   2363.28	    0.0	    00000000     00000000	   1	[       ]
621   	0     	      2	      condition2	   1229.0703	    812.50	    0.0	    00000000     00000000	   1	[       ]
622   	0     	     13	     condition13	   1230.4531	   1382.81	    0.0	    00000000     00000000	   1	[       ]
623   	0     	      2	      condition2	   1230.9453	    492.19	    0.0	    00000000     00000000	   1	[       ]
624   	0     	     13	     condition13	   1232.7070	   1761.72	    0.0	    00000000     00000000	   1	[       ]
625   	0     	      2	      condition2	   1233.1523	    445.31	    0.0	    00000000     00000000	   1	[       ]
626   	0     	     11	 NeutSmallBright	   1235.0000	   1847.66	    0.0	    00000000     00000000	   1	[      8]
627   	0     	     15	     condition15	   1237.3633	   2363.28	    0.0	    00000000     00000000	   1	[       ]
628   	0     	      2	      condition2	   1237.9062	    542.97	    0.0	    00000000     00000000	   1	[       ]
629   	0     	      6	  NegLargeBright	   1239.4375	   1531.25	    0.0	    00000000     00000000	   1	[      3]
630   	0     	     11	 NeutSmallBright	   1241.9102	   2472.66	    0.0	    00000000     00000000	   1	[      8]
631   	0     	     14	     condition14	   1244.0859	   2175.78	    0.0	    00000000     00000000	   1	[       ]
632   	0     	      2	      condition2	   1244.5977	    511.72	    0.0	    00000000     00000000	   1	[       ]
633   	0     	      4	    NegLargeDark	   1246.3281	   1730.47	    0.0	    00000000     00000000	   1	[      1]
634   	0     	     11	 NeutSmallBright	   1248.7227	   2394.53	    0.0	    00000000     00000000	   1	[      8]
635   	0     	      7	  NegSmallBright	   1250.7578	   2035.16	    0.0	    00000000     00000000	   1	[      4]
636   	0     	     11	 NeutSmallBright	   1252.9531	   2195.31	    0.0	    00000000     00000000	   1	[      8]
637   	0     	      4	    NegLargeDark	   1255.2539	   2300.78	    0.0	    00000000     00000000	   1	[      1]
638   	0     	      9	   NeutSmallDark	   1257.5898	   2335.94	    0.0	    00000000     00000000	   1	[      6]
639   	0     	      6	  NegLargeBright	   1259.6328	   2042.97	    0.0	    00000000     00000000	   1	[      3]
640   	0     	      4	    NegLargeDark	   1261.7148	   2082.03	    0.0	    00000000     00000000	   1	[      1]
641   	0     	      6	  NegLargeBright	   1263.8711	   2156.25	    0.0	    00000000     00000000	   1	[      3]
642   	0     	     11	 NeutSmallBright	   1266.0547	   2183.59	    0.0	    00000000     00000000	   1	[      8]
643   	0     	      5	    NegSmallDark	   1268.2891	   2234.38	    0.0	    00000000     00000000	   1	[      2]
644   	0     	     10	 NeutLargeBright	   1270.7344	   2445.31	    0.0	    00000000     00000000	   1	[      7]
645   	0     	      7	  NegSmallBright	   1273.1758	   2441.41	    0.0	    00000000     00000000	   1	[      4]
646   	0     	     11	 NeutSmallBright	   1275.3516	   2175.78	    0.0	    00000000     00000000	   1	[      8]
647   	0     	      5	    NegSmallDark	   1277.4727	   2121.09	    0.0	    00000000     00000000	   1	[      2]
648   	0     	      9	   NeutSmallDark	   1279.7969	   2324.22	    0.0	    00000000     00000000	   1	[      6]
