#  Non-editable header begin --------------------------------------------------------------------------------
# 
#  data format...............: continuous
#  setname...................: BDF file
#  filename..................: none_specified
#  filepath..................: none_specified
#  nchan.....................: 64
#  pnts......................: 328704
#  srate.....................: 256
#  nevents...................: 646
#  generated by (bdf)........: 
#  generated by (set)........: BDF file
#  reported in ..............: 
#  prog Version..............: 8.02
#  creation date.............: 16-Nov-2020 14:46:37
#  user Account..............: 
# 
#  Non-editable header end --------------------------------------------------------------------------------

	bin 1,	# 60,	NegLargeDark
	bin 2,	# 60,	NegSmallDark
	bin 3,	# 60,	NegLargeBright
	bin 4,	# 60,	NegSmallBright
	bin 5,	# 60,	NeutLargeDark
	bin 6,	# 60,	NeutSmallDark
	bin 7,	# 60,	NeutLargeBright
	bin 8,	# 60,	NeutSmallBright



# item	 bepoch	  ecode	            label	      onset	          diff	     dura	b_flags	   a_flags	  enable	    bin
#                                                 (sec)           (msec)     (msec)    (binary)   (binary)


1     	0     	     13	     condition13	      1.9648	      0.00	    0.0	    00000000     00000000	   1	[       ]
2     	0     	      2	      condition2	      2.8008	    835.94	    0.0	    00000000     00000000	   1	[       ]
3     	0     	      9	   NeutSmallDark	      4.5000	   1699.22	    0.0	    00000000     00000000	   1	[      6]
4     	0     	      9	   NeutSmallDark	      6.5742	   2074.22	    0.0	    00000000     00000000	   1	[      6]
5     	0     	      7	  NegSmallBright	      8.7969	   2222.66	    0.0	    00000000     00000000	   1	[      4]
6     	0     	      7	  NegSmallBright	     11.1328	   2335.94	    0.0	    00000000     00000000	   1	[      4]
7     	0     	      7	  NegSmallBright	     13.2461	   2113.28	    0.0	    00000000     00000000	   1	[      4]
8     	0     	     13	     condition13	     15.6094	   2363.28	    0.0	    00000000     00000000	   1	[       ]
9     	0     	      2	      condition2	     16.1758	    566.41	    0.0	    00000000     00000000	   1	[       ]
10    	0     	      7	  NegSmallBright	     17.9844	   1808.59	    0.0	    00000000     00000000	   1	[      4]
11    	0     	      5	    NegSmallDark	     20.0273	   2042.97	    0.0	    00000000     00000000	   1	[      2]
12    	0     	      8	   NeutLargeDark	     22.5508	   2523.44	    0.0	    00000000     00000000	   1	[      5]
13    	0     	      4	    NegLargeDark	     24.6055	   2054.69	    0.0	    00000000     00000000	   1	[      1]
14    	0     	     11	 NeutSmallBright	     27.0781	   2472.66	    0.0	    00000000     00000000	   1	[      8]
15    	0     	      5	    NegSmallDark	     29.3125	   2234.38	    0.0	    00000000     00000000	   1	[      2]
16    	0     	      9	   NeutSmallDark	     31.4648	   2152.34	    0.0	    00000000     00000000	   1	[      6]
17    	0     	      9	   NeutSmallDark	     33.5508	   2085.94	    0.0	    00000000     00000000	   1	[      6]
18    	0     	     10	 NeutLargeBright	     35.8750	   2324.22	    0.0	    00000000     00000000	   1	[      7]
19    	0     	     11	 NeutSmallBright	     38.0586	   2183.59	    0.0	    00000000     00000000	   1	[      8]
20    	0     	     14	     condition14	     40.1523	   2093.75	    0.0	    00000000     00000000	   1	[       ]
21    	0     	      2	      condition2	     40.7227	    570.31	    0.0	    00000000     00000000	   1	[       ]
22    	0     	      4	    NegLargeDark	     42.5273	   1804.69	    0.0	    00000000     00000000	   1	[      1]
23    	0     	      5	    NegSmallDark	     44.8086	   2281.25	    0.0	    00000000     00000000	   1	[      2]
24    	0     	     10	 NeutLargeBright	     47.2734	   2464.84	    0.0	    00000000     00000000	   1	[      7]
25    	0     	     11	 NeutSmallBright	     49.3164	   2042.97	    0.0	    00000000     00000000	   1	[      8]
26    	0     	      4	    NegLargeDark	     51.5430	   2226.56	    0.0	    00000000     00000000	   1	[      1]
27    	0     	      9	   NeutSmallDark	     53.6172	   2074.22	    0.0	    00000000     00000000	   1	[      6]
28    	0     	      9	   NeutSmallDark	     55.7812	   2164.06	    0.0	    00000000     00000000	   1	[      6]
29    	0     	      5	    NegSmallDark	     58.2734	   2492.19	    0.0	    00000000     00000000	   1	[      2]
30    	0     	      9	   NeutSmallDark	     60.5898	   2316.41	    0.0	    00000000     00000000	   1	[      6]
31    	0     	      9	   NeutSmallDark	     63.0625	   2472.66	    0.0	    00000000     00000000	   1	[      6]
32    	0     	      9	   NeutSmallDark	     65.4883	   2425.78	    0.0	    00000000     00000000	   1	[      6]
33    	0     	      5	    NegSmallDark	     67.8516	   2363.28	    0.0	    00000000     00000000	   1	[      2]
34    	0     	      4	    NegLargeDark	     70.0664	   2214.84	    0.0	    00000000     00000000	   1	[      1]
35    	0     	      8	   NeutLargeDark	     72.1680	   2101.56	    0.0	    00000000     00000000	   1	[      5]
36    	0     	     10	 NeutLargeBright	     74.4141	   2246.09	    0.0	    00000000     00000000	   1	[      7]
37    	0     	      9	   NeutSmallDark	     76.9258	   2511.72	    0.0	    00000000     00000000	   1	[      6]
38    	0     	      7	  NegSmallBright	     79.0312	   2105.47	    0.0	    00000000     00000000	   1	[      4]
39    	0     	      9	   NeutSmallDark	     81.1836	   2152.34	    0.0	    00000000     00000000	   1	[      6]
40    	0     	      9	   NeutSmallDark	     83.4766	   2292.97	    0.0	    00000000     00000000	   1	[      6]
41    	0     	      4	    NegLargeDark	     85.8320	   2355.47	    0.0	    00000000     00000000	   1	[      1]
42    	0     	      8	   NeutLargeDark	     88.0547	   2222.66	    0.0	    00000000     00000000	   1	[      5]
43    	0     	     11	 NeutSmallBright	     90.3984	   2343.75	    0.0	    00000000     00000000	   1	[      8]
44    	0     	      4	    NegLargeDark	     92.4453	   2046.88	    0.0	    00000000     00000000	   1	[      1]
45    	0     	      6	  NegLargeBright	     94.5391	   2093.75	    0.0	    00000000     00000000	   1	[      3]
46    	0     	      8	   NeutLargeDark	     96.8008	   2261.72	    0.0	    00000000     00000000	   1	[      5]
47    	0     	     11	 NeutSmallBright	     99.2070	   2406.25	    0.0	    00000000     00000000	   1	[      8]
48    	0     	      7	  NegSmallBright	    101.2383	   2031.25	    0.0	    00000000     00000000	   1	[      4]
49    	0     	      9	   NeutSmallDark	    103.6523	   2414.06	    0.0	    00000000     00000000	   1	[      6]
50    	0     	     10	 NeutLargeBright	    105.9375	   2285.16	    0.0	    00000000     00000000	   1	[      7]
51    	0     	      5	    NegSmallDark	    108.0117	   2074.22	    0.0	    00000000     00000000	   1	[      2]
52    	0     	      7	  NegSmallBright	    110.2148	   2203.12	    0.0	    00000000     00000000	   1	[      4]
53    	0     	      5	    NegSmallDark	    112.3281	   2113.28	    0.0	    00000000     00000000	   1	[      2]
54    	0     	      9	   NeutSmallDark	    114.4727	   2144.53	    0.0	    00000000     00000000	   1	[      6]
55    	0     	      5	    NegSmallDark	    116.9062	   2433.59	    0.0	    00000000     00000000	   1	[      2]
56    	0     	      5	    NegSmallDark	    119.0508	   2144.53	    0.0	    00000000     00000000	   1	[      2]
57    	0     	     13	     condition13	    121.2461	   2195.31	    0.0	    00000000     00000000	   1	[       ]
58    	0     	      2	      condition2	    121.8281	    582.03	    0.0	    00000000     00000000	   1	[       ]
59    	0     	     10	 NeutLargeBright	    123.6797	   1851.56	    0.0	    00000000     00000000	   1	[      7]
60    	0     	     10	 NeutLargeBright	    125.8320	   2152.34	    0.0	    00000000     00000000	   1	[      7]
61    	0     	      4	    NegLargeDark	    128.0664	   2234.38	    0.0	    00000000     00000000	   1	[      1]
62    	0     	      7	  NegSmallBright	    130.3203	   2253.91	    0.0	    00000000     00000000	   1	[      4]
63    	0     	      5	    NegSmallDark	    132.4844	   2164.06	    0.0	    00000000     00000000	   1	[      2]
64    	0     	      8	   NeutLargeDark	    134.8594	   2375.00	    0.0	    00000000     00000000	   1	[      5]
65    	0     	     10	 NeutLargeBright	    137.3320	   2472.66	    0.0	    00000000     00000000	   1	[      7]
66    	0     	     10	 NeutLargeBright	    139.6172	   2285.16	    0.0	    00000000     00000000	   1	[      7]
67    	0     	      6	  NegLargeBright	    141.8125	   2195.31	    0.0	    00000000     00000000	   1	[      3]
68    	0     	      4	    NegLargeDark	    143.9453	   2132.81	    0.0	    00000000     00000000	   1	[      1]
69    	0     	     11	 NeutSmallBright	    146.2383	   2292.97	    0.0	    00000000     00000000	   1	[      8]
70    	0     	     13	     condition13	    148.5117	   2273.44	    0.0	    00000000     00000000	   1	[       ]
71    	0     	      2	      condition2	    149.3477	    835.94	    0.0	    00000000     00000000	   1	[       ]
72    	0     	      8	   NeutLargeDark	    150.9961	   1648.44	    0.0	    00000000     00000000	   1	[      5]
73    	0     	      5	    NegSmallDark	    153.2617	   2265.62	    0.0	    00000000     00000000	   1	[      2]
74    	0     	     10	 NeutLargeBright	    155.5039	   2242.19	    0.0	    00000000     00000000	   1	[      7]
75    	0     	     10	 NeutLargeBright	    157.7070	   2203.12	    0.0	    00000000     00000000	   1	[      7]
76    	0     	      6	  NegLargeBright	    160.0820	   2375.00	    0.0	    00000000     00000000	   1	[      3]
77    	0     	      8	   NeutLargeDark	    162.3555	   2273.44	    0.0	    00000000     00000000	   1	[      5]
78    	0     	      7	  NegSmallBright	    164.4688	   2113.28	    0.0	    00000000     00000000	   1	[      4]
79    	0     	     15	     condition15	    166.6250	   2156.25	    0.0	    00000000     00000000	   1	[       ]
80    	0     	      2	      condition2	    167.1562	    531.25	    0.0	    00000000     00000000	   1	[       ]
81    	0     	      9	   NeutSmallDark	    168.6875	   1531.25	    0.0	    00000000     00000000	   1	[      6]
82    	0     	     13	     condition13	    170.9922	   2304.69	    0.0	    00000000     00000000	   1	[       ]
83    	0     	      2	      condition2	    171.5781	    585.94	    0.0	    00000000     00000000	   1	[       ]
84    	0     	      9	   NeutSmallDark	    173.0273	   1449.22	    0.0	    00000000     00000000	   1	[      6]
85    	0     	      9	   NeutSmallDark	    175.3086	   2281.25	    0.0	    00000000     00000000	   1	[      6]
86    	0     	      5	    NegSmallDark	    177.3633	   2054.69	    0.0	    00000000     00000000	   1	[      2]
87    	0     	      9	   NeutSmallDark	    179.7891	   2425.78	    0.0	    00000000     00000000	   1	[      6]
88    	0     	     14	     condition14	    182.0000	   2210.94	    0.0	    00000000     00000000	   1	[       ]
89    	0     	      2	      condition2	    182.9141	    914.06	    0.0	    00000000     00000000	   1	[       ]
90    	0     	      8	   NeutLargeDark	    184.2539	   1339.84	    0.0	    00000000     00000000	   1	[      5]
91    	0     	      6	  NegLargeBright	    186.5000	   2246.09	    0.0	    00000000     00000000	   1	[      3]
92    	0     	      6	  NegLargeBright	    188.7930	   2292.97	    0.0	    00000000     00000000	   1	[      3]
93    	0     	      7	  NegSmallBright	    190.8359	   2042.97	    0.0	    00000000     00000000	   1	[      4]
94    	0     	      8	   NeutLargeDark	    193.0117	   2175.78	    0.0	    00000000     00000000	   1	[      5]
95    	0     	     10	 NeutLargeBright	    195.1641	   2152.34	    0.0	    00000000     00000000	   1	[      7]
96    	0     	      8	   NeutLargeDark	    197.5078	   2343.75	    0.0	    00000000     00000000	   1	[      5]
97    	0     	      6	  NegLargeBright	    199.7422	   2234.38	    0.0	    00000000     00000000	   1	[      3]
98    	0     	      5	    NegSmallDark	    201.8555	   2113.28	    0.0	    00000000     00000000	   1	[      2]
99    	0     	      8	   NeutLargeDark	    204.0000	   2144.53	    0.0	    00000000     00000000	   1	[      5]
100   	0     	      4	    NegLargeDark	    206.3320	   2332.03	    0.0	    00000000     00000000	   1	[      1]
101   	0     	     10	 NeutLargeBright	    208.5273	   2195.31	    0.0	    00000000     00000000	   1	[      7]
102   	0     	      8	   NeutLargeDark	    210.7305	   2203.12	    0.0	    00000000     00000000	   1	[      5]
103   	0     	      4	    NegLargeDark	    213.2266	   2496.09	    0.0	    00000000     00000000	   1	[      1]
104   	0     	     11	 NeutSmallBright	    215.2695	   2042.97	    0.0	    00000000     00000000	   1	[      8]
105   	0     	      8	   NeutLargeDark	    217.6953	   2425.78	    0.0	    00000000     00000000	   1	[      5]
106   	0     	      8	   NeutLargeDark	    220.0391	   2343.75	    0.0	    00000000     00000000	   1	[      5]
107   	0     	      4	    NegLargeDark	    222.2109	   2171.88	    0.0	    00000000     00000000	   1	[      1]
108   	0     	     10	 NeutLargeBright	    224.3672	   2156.25	    0.0	    00000000     00000000	   1	[      7]
109   	0     	     12	     condition12	    226.8984	   2531.25	    0.0	    00000000     00000000	   1	[       ]
110   	0     	      2	      condition2	    227.4922	    593.75	    0.0	    00000000     00000000	   1	[       ]
111   	0     	      5	    NegSmallDark	    229.3359	   1843.75	    0.0	    00000000     00000000	   1	[      2]
112   	0     	      4	    NegLargeDark	    231.4766	   2140.62	    0.0	    00000000     00000000	   1	[      1]
113   	0     	      9	   NeutSmallDark	    233.5508	   2074.22	    0.0	    00000000     00000000	   1	[      6]
114   	0     	     11	 NeutSmallBright	    235.8750	   2324.22	    0.0	    00000000     00000000	   1	[      8]
115   	0     	     11	 NeutSmallBright	    238.0703	   2195.31	    0.0	    00000000     00000000	   1	[      8]
116   	0     	      6	  NegLargeBright	    240.5430	   2472.66	    0.0	    00000000     00000000	   1	[      3]
117   	0     	     12	     condition12	    242.8477	   2304.69	    0.0	    00000000     00000000	   1	[       ]
118   	0     	      2	      condition2	    243.5039	    656.25	    0.0	    00000000     00000000	   1	[       ]
119   	0     	      8	   NeutLargeDark	    245.0117	   1507.81	    0.0	    00000000     00000000	   1	[      5]
120   	0     	     15	     condition15	    247.4375	   2425.78	    0.0	    00000000     00000000	   1	[       ]
121   	0     	      2	      condition2	    248.2773	    839.84	    0.0	    00000000     00000000	   1	[       ]
122   	0     	      7	  NegSmallBright	    249.6094	   1332.03	    0.0	    00000000     00000000	   1	[      4]
123   	0     	     10	 NeutLargeBright	    252.0938	   2484.38	    0.0	    00000000     00000000	   1	[      7]
124   	0     	      8	   NeutLargeDark	    254.4805	   2386.72	    0.0	    00000000     00000000	   1	[      5]
125   	0     	     15	     condition15	    256.7422	   2261.72	    0.0	    00000000     00000000	   1	[       ]
126   	0     	      2	      condition2	    257.5117	    769.53	    0.0	    00000000     00000000	   1	[       ]
127   	0     	      6	  NegLargeBright	    259.1367	   1625.00	    0.0	    00000000     00000000	   1	[      3]
128   	0     	      5	    NegSmallDark	    261.2422	   2105.47	    0.0	    00000000     00000000	   1	[      2]
129   	0     	      9	   NeutSmallDark	    263.4062	   2164.06	    0.0	    00000000     00000000	   1	[      6]
130   	0     	     10	 NeutLargeBright	    265.5977	   2191.41	    0.0	    00000000     00000000	   1	[      7]
131   	0     	      5	    NegSmallDark	    267.7930	   2195.31	    0.0	    00000000     00000000	   1	[      2]
132   	0     	     10	 NeutLargeBright	    270.2773	   2484.38	    0.0	    00000000     00000000	   1	[      7]
133   	0     	      4	    NegLargeDark	    272.7891	   2511.72	    0.0	    00000000     00000000	   1	[      1]
134   	0     	      7	  NegSmallBright	    275.0352	   2246.09	    0.0	    00000000     00000000	   1	[      4]
135   	0     	      8	   NeutLargeDark	    277.1367	   2101.56	    0.0	    00000000     00000000	   1	[      5]
136   	0     	      8	   NeutLargeDark	    279.4023	   2265.62	    0.0	    00000000     00000000	   1	[      5]
137   	0     	     11	 NeutSmallBright	    281.5859	   2183.59	    0.0	    00000000     00000000	   1	[      8]
138   	0     	      4	    NegLargeDark	    283.6602	   2074.22	    0.0	    00000000     00000000	   1	[      1]
139   	0     	     10	 NeutLargeBright	    285.7344	   2074.22	    0.0	    00000000     00000000	   1	[      7]
140   	0     	      7	  NegSmallBright	    288.0586	   2324.22	    0.0	    00000000     00000000	   1	[      4]
141   	0     	      9	   NeutSmallDark	    290.2812	   2222.66	    0.0	    00000000     00000000	   1	[      6]
142   	0     	     15	     condition15	    292.4961	   2214.84	    0.0	    00000000     00000000	   1	[       ]
143   	0     	      2	      condition2	    293.5977	   1101.56	    0.0	    00000000     00000000	   1	[       ]
144   	0     	     10	 NeutLargeBright	    294.8008	   1203.12	    0.0	    00000000     00000000	   1	[      7]
145   	0     	      6	  NegLargeBright	    297.0430	   2242.19	    0.0	    00000000     00000000	   1	[      3]
146   	0     	     11	 NeutSmallBright	    299.0859	   2042.97	    0.0	    00000000     00000000	   1	[      8]
147   	0     	     11	 NeutSmallBright	    301.3711	   2285.16	    0.0	    00000000     00000000	   1	[      8]
148   	0     	      8	   NeutLargeDark	    303.7539	   2382.81	    0.0	    00000000     00000000	   1	[      5]
149   	0     	     11	 NeutSmallBright	    306.1680	   2414.06	    0.0	    00000000     00000000	   1	[      8]
150   	0     	     11	 NeutSmallBright	    308.2344	   2066.41	    0.0	    00000000     00000000	   1	[      8]
151   	0     	      5	    NegSmallDark	    310.5586	   2324.22	    0.0	    00000000     00000000	   1	[      2]
152   	0     	      7	  NegSmallBright	    313.0703	   2511.72	    0.0	    00000000     00000000	   1	[      4]
153   	0     	     10	 NeutLargeBright	    315.5742	   2503.91	    0.0	    00000000     00000000	   1	[      7]
154   	0     	    253	              ""	    317.7031	   2128.91	    0.0	    00000000     00000000	   1	[       ]
155   	0     	     11	 NeutSmallBright	    318.6953	    992.19	    0.0	    00000000     00000000	   1	[      8]
156   	0     	      4	    NegLargeDark	    321.0078	   2312.50	    0.0	    00000000     00000000	   1	[      1]
157   	0     	     12	     condition12	    323.5430	   2535.16	    0.0	    00000000     00000000	   1	[       ]
158   	0     	      2	      condition2	    324.0117	    468.75	    0.0	    00000000     00000000	   1	[       ]
159   	0     	      4	    NegLargeDark	    325.9180	   1906.25	    0.0	    00000000     00000000	   1	[      1]
160   	0     	     14	     condition14	    328.0820	   2164.06	    0.0	    00000000     00000000	   1	[       ]
161   	0     	      2	      condition2	    328.5742	    492.19	    0.0	    00000000     00000000	   1	[       ]
162   	0     	      5	    NegSmallDark	    330.4531	   1878.91	    0.0	    00000000     00000000	   1	[      2]
163   	0     	     15	     condition15	    332.8477	   2394.53	    0.0	    00000000     00000000	   1	[       ]
164   	0     	      2	      condition2	    334.2109	   1363.28	    0.0	    00000000     00000000	   1	[       ]
165   	0     	      4	    NegLargeDark	    335.2734	   1062.50	    0.0	    00000000     00000000	   1	[      1]
166   	0     	      9	   NeutSmallDark	    337.7188	   2445.31	    0.0	    00000000     00000000	   1	[      6]
167   	0     	      7	  NegSmallBright	    339.9531	   2234.38	    0.0	    00000000     00000000	   1	[      4]
168   	0     	      7	  NegSmallBright	    342.0664	   2113.28	    0.0	    00000000     00000000	   1	[      4]
169   	0     	     11	 NeutSmallBright	    344.3711	   2304.69	    0.0	    00000000     00000000	   1	[      8]
170   	0     	      7	  NegSmallBright	    346.8945	   2523.44	    0.0	    00000000     00000000	   1	[      4]
171   	0     	      5	    NegSmallDark	    349.0664	   2171.88	    0.0	    00000000     00000000	   1	[      2]
172   	0     	      9	   NeutSmallDark	    351.4531	   2386.72	    0.0	    00000000     00000000	   1	[      6]
173   	0     	      4	    NegLargeDark	    353.4961	   2042.97	    0.0	    00000000     00000000	   1	[      1]
174   	0     	      6	  NegLargeBright	    356.0000	   2503.91	    0.0	    00000000     00000000	   1	[      3]
175   	0     	      7	  NegSmallBright	    358.1445	   2144.53	    0.0	    00000000     00000000	   1	[      4]
176   	0     	     11	 NeutSmallBright	    360.3789	   2234.38	    0.0	    00000000     00000000	   1	[      8]
177   	0     	      8	   NeutLargeDark	    362.6016	   2222.66	    0.0	    00000000     00000000	   1	[      5]
178   	0     	     10	 NeutLargeBright	    364.7344	   2132.81	    0.0	    00000000     00000000	   1	[      7]
179   	0     	      5	    NegSmallDark	    367.0195	   2285.16	    0.0	    00000000     00000000	   1	[      2]
180   	0     	      5	    NegSmallDark	    369.2539	   2234.38	    0.0	    00000000     00000000	   1	[      2]
181   	0     	      9	   NeutSmallDark	    371.6367	   2382.81	    0.0	    00000000     00000000	   1	[      6]
182   	0     	      4	    NegLargeDark	    374.0234	   2386.72	    0.0	    00000000     00000000	   1	[      1]
183   	0     	     13	     condition13	    376.3945	   2371.09	    0.0	    00000000     00000000	   1	[       ]
184   	0     	      2	      condition2	    376.9688	    574.22	    0.0	    00000000     00000000	   1	[       ]
185   	0     	     10	 NeutLargeBright	    378.8008	   1832.03	    0.0	    00000000     00000000	   1	[      7]
186   	0     	      4	    NegLargeDark	    380.9023	   2101.56	    0.0	    00000000     00000000	   1	[      1]
187   	0     	     15	     condition15	    382.9375	   2035.16	    0.0	    00000000     00000000	   1	[       ]
188   	0     	      2	      condition2	    384.7266	   1789.06	    0.0	    00000000     00000000	   1	[       ]
189   	0     	     10	 NeutLargeBright	    385.4219	    695.31	    0.0	    00000000     00000000	   1	[      7]
190   	0     	      8	   NeutLargeDark	    387.8750	   2453.12	    0.0	    00000000     00000000	   1	[      5]
191   	0     	      8	   NeutLargeDark	    390.3008	   2425.78	    0.0	    00000000     00000000	   1	[      5]
192   	0     	      7	  NegSmallBright	    392.5156	   2214.84	    0.0	    00000000     00000000	   1	[      4]
193   	0     	      4	    NegLargeDark	    394.5781	   2062.50	    0.0	    00000000     00000000	   1	[      1]
194   	0     	      8	   NeutLargeDark	    396.6797	   2101.56	    0.0	    00000000     00000000	   1	[      5]
195   	0     	      7	  NegSmallBright	    398.7969	   2117.19	    0.0	    00000000     00000000	   1	[      4]
196   	0     	     11	 NeutSmallBright	    401.2305	   2433.59	    0.0	    00000000     00000000	   1	[      8]
197   	0     	     14	     condition14	    403.4336	   2203.12	    0.0	    00000000     00000000	   1	[       ]
198   	0     	      2	      condition2	    403.9805	    546.88	    0.0	    00000000     00000000	   1	[       ]
199   	0     	      4	    NegLargeDark	    405.8164	   1835.94	    0.0	    00000000     00000000	   1	[      1]
200   	0     	     10	 NeutLargeBright	    407.8828	   2066.41	    0.0	    00000000     00000000	   1	[      7]
201   	0     	      9	   NeutSmallDark	    410.2070	   2324.22	    0.0	    00000000     00000000	   1	[      6]
202   	0     	      6	  NegLargeBright	    412.2578	   2050.78	    0.0	    00000000     00000000	   1	[      3]
203   	0     	      5	    NegSmallDark	    414.7734	   2515.62	    0.0	    00000000     00000000	   1	[      2]
204   	0     	      6	  NegLargeBright	    417.2695	   2496.09	    0.0	    00000000     00000000	   1	[      3]
205   	0     	      6	  NegLargeBright	    419.6016	   2332.03	    0.0	    00000000     00000000	   1	[      3]
206   	0     	     13	     condition13	    421.7539	   2152.34	    0.0	    00000000     00000000	   1	[       ]
207   	0     	      2	      condition2	    422.2773	    523.44	    0.0	    00000000     00000000	   1	[       ]
208   	0     	      5	    NegSmallDark	    424.2109	   1933.59	    0.0	    00000000     00000000	   1	[      2]
209   	0     	      9	   NeutSmallDark	    426.5156	   2304.69	    0.0	    00000000     00000000	   1	[      6]
210   	0     	      6	  NegLargeBright	    428.7266	   2210.94	    0.0	    00000000     00000000	   1	[      3]
211   	0     	      6	  NegLargeBright	    430.8633	   2136.72	    0.0	    00000000     00000000	   1	[      3]
212   	0     	      6	  NegLargeBright	    433.1758	   2312.50	    0.0	    00000000     00000000	   1	[      3]
213   	0     	      5	    NegSmallDark	    435.3008	   2125.00	    0.0	    00000000     00000000	   1	[      2]
214   	0     	      7	  NegSmallBright	    437.6250	   2324.22	    0.0	    00000000     00000000	   1	[      4]
215   	0     	      8	   NeutLargeDark	    440.1172	   2492.19	    0.0	    00000000     00000000	   1	[      5]
216   	0     	     10	 NeutLargeBright	    442.6406	   2523.44	    0.0	    00000000     00000000	   1	[      7]
217   	0     	      6	  NegLargeBright	    444.8672	   2226.56	    0.0	    00000000     00000000	   1	[      3]
218   	0     	     14	     condition14	    447.1992	   2332.03	    0.0	    00000000     00000000	   1	[       ]
219   	0     	      2	      condition2	    447.8398	    640.62	    0.0	    00000000     00000000	   1	[       ]
220   	0     	      4	    NegLargeDark	    449.3320	   1492.19	    0.0	    00000000     00000000	   1	[      1]
221   	0     	      5	    NegSmallDark	    451.4570	   2125.00	    0.0	    00000000     00000000	   1	[      2]
222   	0     	      5	    NegSmallDark	    453.7812	   2324.22	    0.0	    00000000     00000000	   1	[      2]
223   	0     	      7	  NegSmallBright	    456.1758	   2394.53	    0.0	    00000000     00000000	   1	[      4]
224   	0     	      6	  NegLargeBright	    458.4492	   2273.44	    0.0	    00000000     00000000	   1	[      3]
225   	0     	      6	  NegLargeBright	    460.7852	   2335.94	    0.0	    00000000     00000000	   1	[      3]
226   	0     	     12	     condition12	    463.0195	   2234.38	    0.0	    00000000     00000000	   1	[       ]
227   	0     	      2	      condition2	    463.6094	    589.84	    0.0	    00000000     00000000	   1	[       ]
228   	0     	      5	    NegSmallDark	    465.0625	   1453.12	    0.0	    00000000     00000000	   1	[      2]
229   	0     	     13	     condition13	    467.2539	   2191.41	    0.0	    00000000     00000000	   1	[       ]
230   	0     	      2	      condition2	    467.8633	    609.38	    0.0	    00000000     00000000	   1	[       ]
231   	0     	     15	     condition15	    469.5078	   1644.53	    0.0	    00000000     00000000	   1	[       ]
232   	0     	      2	      condition2	    470.8164	   1308.59	    0.0	    00000000     00000000	   1	[       ]
233   	0     	      8	   NeutLargeDark	    471.6016	    785.16	    0.0	    00000000     00000000	   1	[      5]
234   	0     	     10	 NeutLargeBright	    473.8867	   2285.16	    0.0	    00000000     00000000	   1	[      7]
235   	0     	     11	 NeutSmallBright	    476.0195	   2132.81	    0.0	    00000000     00000000	   1	[      8]
236   	0     	    253	              ""	    478.2031	   2183.59	    0.0	    00000000     00000000	   1	[       ]
237   	0     	      9	   NeutSmallDark	    479.1992	    996.09	    0.0	    00000000     00000000	   1	[      6]
238   	0     	     11	 NeutSmallBright	    481.6719	   2472.66	    0.0	    00000000     00000000	   1	[      8]
239   	0     	      8	   NeutLargeDark	    484.1172	   2445.31	    0.0	    00000000     00000000	   1	[      5]
240   	0     	     13	     condition13	    486.3320	   2214.84	    0.0	    00000000     00000000	   1	[       ]
241   	0     	      2	      condition2	    486.8398	    507.81	    0.0	    00000000     00000000	   1	[       ]
242   	0     	      6	  NegLargeBright	    488.6055	   1765.62	    0.0	    00000000     00000000	   1	[      3]
243   	0     	     11	 NeutSmallBright	    490.8398	   2234.38	    0.0	    00000000     00000000	   1	[      8]
244   	0     	      6	  NegLargeBright	    492.9531	   2113.28	    0.0	    00000000     00000000	   1	[      3]
245   	0     	     11	 NeutSmallBright	    495.0664	   2113.28	    0.0	    00000000     00000000	   1	[      8]
246   	0     	      4	    NegLargeDark	    497.5312	   2464.84	    0.0	    00000000     00000000	   1	[      1]
247   	0     	     11	 NeutSmallBright	    499.6836	   2152.34	    0.0	    00000000     00000000	   1	[      8]
248   	0     	      9	   NeutSmallDark	    502.0078	   2324.22	    0.0	    00000000     00000000	   1	[      6]
249   	0     	      4	    NegLargeDark	    504.4727	   2464.84	    0.0	    00000000     00000000	   1	[      1]
250   	0     	     11	 NeutSmallBright	    506.7891	   2316.41	    0.0	    00000000     00000000	   1	[      8]
251   	0     	      8	   NeutLargeDark	    508.9805	   2191.41	    0.0	    00000000     00000000	   1	[      5]
252   	0     	      7	  NegSmallBright	    511.2969	   2316.41	    0.0	    00000000     00000000	   1	[      4]
253   	0     	     12	     condition12	    513.6992	   2402.34	    0.0	    00000000     00000000	   1	[       ]
254   	0     	      2	      condition2	    514.2305	    531.25	    0.0	    00000000     00000000	   1	[       ]
255   	0     	     11	 NeutSmallBright	    516.0039	   1773.44	    0.0	    00000000     00000000	   1	[      8]
256   	0     	      5	    NegSmallDark	    518.1875	   2183.59	    0.0	    00000000     00000000	   1	[      2]
257   	0     	      8	   NeutLargeDark	    520.7031	   2515.62	    0.0	    00000000     00000000	   1	[      5]
258   	0     	      6	  NegLargeBright	    523.0469	   2343.75	    0.0	    00000000     00000000	   1	[      3]
259   	0     	     15	     condition15	    525.5195	   2472.66	    0.0	    00000000     00000000	   1	[       ]
260   	0     	      2	      condition2	    526.1992	    679.69	    0.0	    00000000     00000000	   1	[       ]
261   	0     	      4	    NegLargeDark	    527.6641	   1464.84	    0.0	    00000000     00000000	   1	[      1]
262   	0     	      7	  NegSmallBright	    529.8672	   2203.12	    0.0	    00000000     00000000	   1	[      4]
263   	0     	      8	   NeutLargeDark	    531.9609	   2093.75	    0.0	    00000000     00000000	   1	[      5]
264   	0     	     10	 NeutLargeBright	    534.0742	   2113.28	    0.0	    00000000     00000000	   1	[      7]
265   	0     	     11	 NeutSmallBright	    536.2695	   2195.31	    0.0	    00000000     00000000	   1	[      8]
266   	0     	      6	  NegLargeBright	    538.5234	   2253.91	    0.0	    00000000     00000000	   1	[      3]
267   	0     	     10	 NeutLargeBright	    540.5859	   2062.50	    0.0	    00000000     00000000	   1	[      7]
268   	0     	     13	     condition13	    542.6914	   2105.47	    0.0	    00000000     00000000	   1	[       ]
269   	0     	      2	      condition2	    543.1680	    476.56	    0.0	    00000000     00000000	   1	[       ]
270   	0     	     15	     condition15	    544.8945	   1726.56	    0.0	    00000000     00000000	   1	[       ]
271   	0     	      2	      condition2	    545.5703	    675.78	    0.0	    00000000     00000000	   1	[       ]
272   	0     	     11	 NeutSmallBright	    547.0977	   1527.34	    0.0	    00000000     00000000	   1	[      8]
273   	0     	      9	   NeutSmallDark	    549.3320	   2234.38	    0.0	    00000000     00000000	   1	[      6]
274   	0     	      6	  NegLargeBright	    551.3750	   2042.97	    0.0	    00000000     00000000	   1	[      3]
275   	0     	      4	    NegLargeDark	    553.7891	   2414.06	    0.0	    00000000     00000000	   1	[      1]
276   	0     	     10	 NeutLargeBright	    555.8828	   2093.75	    0.0	    00000000     00000000	   1	[      7]
277   	0     	      5	    NegSmallDark	    558.0391	   2156.25	    0.0	    00000000     00000000	   1	[      2]
278   	0     	      7	  NegSmallBright	    560.3711	   2332.03	    0.0	    00000000     00000000	   1	[      4]
279   	0     	      5	    NegSmallDark	    562.8672	   2496.09	    0.0	    00000000     00000000	   1	[      2]
280   	0     	      6	  NegLargeBright	    565.3906	   2523.44	    0.0	    00000000     00000000	   1	[      3]
281   	0     	     15	     condition15	    567.6250	   2234.38	    0.0	    00000000     00000000	   1	[       ]
282   	0     	      2	      condition2	    568.3984	    773.44	    0.0	    00000000     00000000	   1	[       ]
283   	0     	      9	   NeutSmallDark	    569.9883	   1589.84	    0.0	    00000000     00000000	   1	[      6]
284   	0     	      7	  NegSmallBright	    572.1445	   2156.25	    0.0	    00000000     00000000	   1	[      4]
285   	0     	     13	     condition13	    574.3672	   2222.66	    0.0	    00000000     00000000	   1	[       ]
286   	0     	      2	      condition2	    574.8438	    476.56	    0.0	    00000000     00000000	   1	[       ]
287   	0     	      6	  NegLargeBright	    576.7422	   1898.44	    0.0	    00000000     00000000	   1	[      3]
288   	0     	      4	    NegLargeDark	    579.0039	   2261.72	    0.0	    00000000     00000000	   1	[      1]
289   	0     	     10	 NeutLargeBright	    581.3398	   2335.94	    0.0	    00000000     00000000	   1	[      7]
290   	0     	     14	     condition14	    583.6641	   2324.22	    0.0	    00000000     00000000	   1	[       ]
291   	0     	      2	      condition2	    584.3750	    710.94	    0.0	    00000000     00000000	   1	[       ]
292   	0     	     12	     condition12	    585.9258	   1550.78	    0.0	    00000000     00000000	   1	[       ]
293   	0     	      2	      condition2	    586.4062	    480.47	    0.0	    00000000     00000000	   1	[       ]
294   	0     	      4	    NegLargeDark	    588.0820	   1675.78	    0.0	    00000000     00000000	   1	[      1]
295   	0     	     12	     condition12	    590.3555	   2273.44	    0.0	    00000000     00000000	   1	[       ]
296   	0     	      2	      condition2	    590.7734	    417.97	    0.0	    00000000     00000000	   1	[       ]
297   	0     	      8	   NeutLargeDark	    592.7891	   2015.62	    0.0	    00000000     00000000	   1	[      5]
298   	0     	      6	  NegLargeBright	    595.0430	   2253.91	    0.0	    00000000     00000000	   1	[      3]
299   	0     	     13	     condition13	    597.2266	   2183.59	    0.0	    00000000     00000000	   1	[       ]
300   	0     	      2	      condition2	    597.7461	    519.53	    0.0	    00000000     00000000	   1	[       ]
301   	0     	      8	   NeutLargeDark	    599.5117	   1765.62	    0.0	    00000000     00000000	   1	[      5]
302   	0     	      2	      condition2	    599.9336	    421.88	    0.0	    00000000     00000000	   1	[       ]
303   	0     	     13	     condition13	    601.9766	   2042.97	    0.0	    00000000     00000000	   1	[       ]
304   	0     	      2	      condition2	    602.4219	    445.31	    0.0	    00000000     00000000	   1	[       ]
305   	0     	      6	  NegLargeBright	    604.3398	   1917.97	    0.0	    00000000     00000000	   1	[      3]
306   	0     	      5	    NegSmallDark	    606.7148	   2375.00	    0.0	    00000000     00000000	   1	[      2]
307   	0     	      9	   NeutSmallDark	    608.9375	   2222.66	    0.0	    00000000     00000000	   1	[      6]
308   	0     	     14	     condition14	    611.1602	   2222.66	    0.0	    00000000     00000000	   1	[       ]
309   	0     	      2	      condition2	    611.6523	    492.19	    0.0	    00000000     00000000	   1	[       ]
310   	0     	      4	    NegLargeDark	    613.6367	   1984.38	    0.0	    00000000     00000000	   1	[      1]
311   	0     	     10	 NeutLargeBright	    615.8281	   2191.41	    0.0	    00000000     00000000	   1	[      7]
312   	0     	      6	  NegLargeBright	    618.1250	   2296.88	    0.0	    00000000     00000000	   1	[      3]
313   	0     	     10	 NeutLargeBright	    620.6484	   2523.44	    0.0	    00000000     00000000	   1	[      7]
314   	0     	      6	  NegLargeBright	    623.1641	   2515.62	    0.0	    00000000     00000000	   1	[      3]
315   	0     	      9	   NeutSmallDark	    625.2852	   2121.09	    0.0	    00000000     00000000	   1	[      6]
316   	0     	     11	 NeutSmallBright	    627.5508	   2265.62	    0.0	    00000000     00000000	   1	[      8]
317   	0     	      9	   NeutSmallDark	    629.8125	   2261.72	    0.0	    00000000     00000000	   1	[      6]
318   	0     	     11	 NeutSmallBright	    631.9961	   2183.59	    0.0	    00000000     00000000	   1	[      8]
319   	0     	      9	   NeutSmallDark	    634.0430	   2046.88	    0.0	    00000000     00000000	   1	[      6]
320   	0     	     10	 NeutLargeBright	    636.4062	   2363.28	    0.0	    00000000     00000000	   1	[      7]
321   	0     	    253	              ""	    638.9219	   2515.62	    0.0	    00000000     00000000	   1	[       ]
322   	0     	     13	     condition13	    639.9141	    992.19	    0.0	    00000000     00000000	   1	[       ]
323   	0     	      2	      condition2	    640.4180	    503.91	    0.0	    00000000     00000000	   1	[       ]
324   	0     	      7	  NegSmallBright	    641.9766	   1558.59	    0.0	    00000000     00000000	   1	[      4]
325   	0     	      5	    NegSmallDark	    644.2617	   2285.16	    0.0	    00000000     00000000	   1	[      2]
326   	0     	      6	  NegLargeBright	    646.5742	   2312.50	    0.0	    00000000     00000000	   1	[      3]
327   	0     	     14	     condition14	    648.8398	   2265.62	    0.0	    00000000     00000000	   1	[       ]
328   	0     	      2	      condition2	    649.3398	    500.00	    0.0	    00000000     00000000	   1	[       ]
329   	0     	      4	    NegLargeDark	    651.1914	   1851.56	    0.0	    00000000     00000000	   1	[      1]
330   	0     	      6	  NegLargeBright	    653.4883	   2296.88	    0.0	    00000000     00000000	   1	[      3]
331   	0     	      6	  NegLargeBright	    655.6914	   2203.12	    0.0	    00000000     00000000	   1	[      3]
332   	0     	      8	   NeutLargeDark	    658.0039	   2312.50	    0.0	    00000000     00000000	   1	[      5]
333   	0     	     13	     condition13	    660.2500	   2246.09	    0.0	    00000000     00000000	   1	[       ]
334   	0     	      2	      condition2	    660.8594	    609.38	    0.0	    00000000     00000000	   1	[       ]
335   	0     	     11	 NeutSmallBright	    662.4336	   1574.22	    0.0	    00000000     00000000	   1	[      8]
336   	0     	      8	   NeutLargeDark	    664.9062	   2472.66	    0.0	    00000000     00000000	   1	[      5]
337   	0     	      6	  NegLargeBright	    667.1289	   2222.66	    0.0	    00000000     00000000	   1	[      3]
338   	0     	      7	  NegSmallBright	    669.5859	   2457.03	    0.0	    00000000     00000000	   1	[      4]
339   	0     	      8	   NeutLargeDark	    671.8594	   2273.44	    0.0	    00000000     00000000	   1	[      5]
340   	0     	     15	     condition15	    674.1523	   2292.97	    0.0	    00000000     00000000	   1	[       ]
341   	0     	      2	      condition2	    674.8125	    660.16	    0.0	    00000000     00000000	   1	[       ]
342   	0     	      7	  NegSmallBright	    676.3086	   1496.09	    0.0	    00000000     00000000	   1	[      4]
343   	0     	      4	    NegLargeDark	    678.4688	   2160.16	    0.0	    00000000     00000000	   1	[      1]
344   	0     	     11	 NeutSmallBright	    680.5156	   2046.88	    0.0	    00000000     00000000	   1	[      8]
345   	0     	      8	   NeutLargeDark	    682.9570	   2441.41	    0.0	    00000000     00000000	   1	[      5]
346   	0     	      4	    NegLargeDark	    685.0703	   2113.28	    0.0	    00000000     00000000	   1	[      1]
347   	0     	      8	   NeutLargeDark	    687.3867	   2316.41	    0.0	    00000000     00000000	   1	[      5]
348   	0     	      7	  NegSmallBright	    689.5391	   2152.34	    0.0	    00000000     00000000	   1	[      4]
349   	0     	      7	  NegSmallBright	    691.8047	   2265.62	    0.0	    00000000     00000000	   1	[      4]
350   	0     	      5	    NegSmallDark	    693.8789	   2074.22	    0.0	    00000000     00000000	   1	[      2]
351   	0     	      4	    NegLargeDark	    696.0820	   2203.12	    0.0	    00000000     00000000	   1	[      1]
352   	0     	      9	   NeutSmallDark	    698.4062	   2324.22	    0.0	    00000000     00000000	   1	[      6]
353   	0     	      5	    NegSmallDark	    700.8789	   2472.66	    0.0	    00000000     00000000	   1	[      2]
354   	0     	      4	    NegLargeDark	    703.1250	   2246.09	    0.0	    00000000     00000000	   1	[      1]
355   	0     	     12	     condition12	    705.2773	   2152.34	    0.0	    00000000     00000000	   1	[       ]
356   	0     	      2	      condition2	    705.8320	    554.69	    0.0	    00000000     00000000	   1	[       ]
357   	0     	      5	    NegSmallDark	    707.5508	   1718.75	    0.0	    00000000     00000000	   1	[      2]
358   	0     	      5	    NegSmallDark	    709.8438	   2292.97	    0.0	    00000000     00000000	   1	[      2]
359   	0     	     11	 NeutSmallBright	    711.9688	   2125.00	    0.0	    00000000     00000000	   1	[      8]
360   	0     	     11	 NeutSmallBright	    714.3828	   2414.06	    0.0	    00000000     00000000	   1	[      8]
361   	0     	      6	  NegLargeBright	    716.6367	   2253.91	    0.0	    00000000     00000000	   1	[      3]
362   	0     	      8	   NeutLargeDark	    719.1523	   2515.62	    0.0	    00000000     00000000	   1	[      5]
363   	0     	      8	   NeutLargeDark	    721.5977	   2445.31	    0.0	    00000000     00000000	   1	[      5]
364   	0     	     11	 NeutSmallBright	    723.7891	   2191.41	    0.0	    00000000     00000000	   1	[      8]
365   	0     	      8	   NeutLargeDark	    725.8945	   2105.47	    0.0	    00000000     00000000	   1	[      5]
366   	0     	      4	    NegLargeDark	    728.4102	   2515.62	    0.0	    00000000     00000000	   1	[      1]
367   	0     	     10	 NeutLargeBright	    730.6523	   2242.19	    0.0	    00000000     00000000	   1	[      7]
368   	0     	      4	    NegLargeDark	    732.8555	   2203.12	    0.0	    00000000     00000000	   1	[      1]
369   	0     	      6	  NegLargeBright	    735.1992	   2343.75	    0.0	    00000000     00000000	   1	[      3]
370   	0     	     11	 NeutSmallBright	    737.3750	   2175.78	    0.0	    00000000     00000000	   1	[      8]
371   	0     	     11	 NeutSmallBright	    739.6289	   2253.91	    0.0	    00000000     00000000	   1	[      8]
372   	0     	     10	 NeutLargeBright	    741.9102	   2281.25	    0.0	    00000000     00000000	   1	[      7]
373   	0     	      8	   NeutLargeDark	    744.2070	   2296.88	    0.0	    00000000     00000000	   1	[      5]
374   	0     	      8	   NeutLargeDark	    746.2812	   2074.22	    0.0	    00000000     00000000	   1	[      5]
375   	0     	     11	 NeutSmallBright	    748.7930	   2511.72	    0.0	    00000000     00000000	   1	[      8]
376   	0     	      8	   NeutLargeDark	    751.0078	   2214.84	    0.0	    00000000     00000000	   1	[      5]
377   	0     	     14	     condition14	    753.2031	   2195.31	    0.0	    00000000     00000000	   1	[       ]
378   	0     	      2	      condition2	    753.7344	    531.25	    0.0	    00000000     00000000	   1	[       ]
379   	0     	      5	    NegSmallDark	    755.6875	   1953.12	    0.0	    00000000     00000000	   1	[      2]
380   	0     	      9	   NeutSmallDark	    757.9102	   2222.66	    0.0	    00000000     00000000	   1	[      6]
381   	0     	      6	  NegLargeBright	    760.1641	   2253.91	    0.0	    00000000     00000000	   1	[      3]
382   	0     	      5	    NegSmallDark	    762.5391	   2375.00	    0.0	    00000000     00000000	   1	[      2]
383   	0     	     15	     condition15	    764.8633	   2324.22	    0.0	    00000000     00000000	   1	[       ]
384   	0     	      2	      condition2	    765.6328	    769.53	    0.0	    00000000     00000000	   1	[       ]
385   	0     	      5	    NegSmallDark	    767.2656	   1632.81	    0.0	    00000000     00000000	   1	[      2]
386   	0     	     11	 NeutSmallBright	    769.7305	   2464.84	    0.0	    00000000     00000000	   1	[      8]
387   	0     	      8	   NeutLargeDark	    771.7930	   2062.50	    0.0	    00000000     00000000	   1	[      5]
388   	0     	      6	  NegLargeBright	    774.3086	   2515.62	    0.0	    00000000     00000000	   1	[      3]
389   	0     	      7	  NegSmallBright	    776.7148	   2406.25	    0.0	    00000000     00000000	   1	[      4]
390   	0     	     11	 NeutSmallBright	    779.0391	   2324.22	    0.0	    00000000     00000000	   1	[      8]
391   	0     	     10	 NeutLargeBright	    781.0703	   2031.25	    0.0	    00000000     00000000	   1	[      7]
392   	0     	      7	  NegSmallBright	    783.3750	   2304.69	    0.0	    00000000     00000000	   1	[      4]
393   	0     	      9	   NeutSmallDark	    785.4805	   2105.47	    0.0	    00000000     00000000	   1	[      6]
394   	0     	      5	    NegSmallDark	    787.9023	   2421.88	    0.0	    00000000     00000000	   1	[      2]
395   	0     	     14	     condition14	    790.1758	   2273.44	    0.0	    00000000     00000000	   1	[       ]
396   	0     	      2	      condition2	    790.7031	    527.34	    0.0	    00000000     00000000	   1	[       ]
397   	0     	      7	  NegSmallBright	    792.3711	   1667.97	    0.0	    00000000     00000000	   1	[      4]
398   	0     	     13	     condition13	    794.6250	   2253.91	    0.0	    00000000     00000000	   1	[       ]
399   	0     	      2	      condition2	    795.1367	    511.72	    0.0	    00000000     00000000	   1	[       ]
400   	0     	     10	 NeutLargeBright	    796.7695	   1632.81	    0.0	    00000000     00000000	   1	[      7]
401   	0     	    253	              ""	    798.1875	   1417.97	    0.0	    00000000     00000000	   1	[       ]
402   	0     	      4	    NegLargeDark	    799.1914	   1003.91	    0.0	    00000000     00000000	   1	[      1]
403   	0     	     11	 NeutSmallBright	    801.3867	   2195.31	    0.0	    00000000     00000000	   1	[      8]
404   	0     	      4	    NegLargeDark	    803.4688	   2082.03	    0.0	    00000000     00000000	   1	[      1]
405   	0     	     11	 NeutSmallBright	    805.7539	   2285.16	    0.0	    00000000     00000000	   1	[      8]
406   	0     	     10	 NeutLargeBright	    808.1562	   2402.34	    0.0	    00000000     00000000	   1	[      7]
407   	0     	      8	   NeutLargeDark	    810.6641	   2507.81	    0.0	    00000000     00000000	   1	[      5]
408   	0     	      6	  NegLargeBright	    812.9258	   2261.72	    0.0	    00000000     00000000	   1	[      3]
409   	0     	     12	     condition12	    815.3906	   2464.84	    0.0	    00000000     00000000	   1	[       ]
410   	0     	      2	      condition2	    815.9609	    570.31	    0.0	    00000000     00000000	   1	[       ]
411   	0     	     11	 NeutSmallBright	    817.7539	   1792.97	    0.0	    00000000     00000000	   1	[      8]
412   	0     	     14	     condition14	    820.1094	   2355.47	    0.0	    00000000     00000000	   1	[       ]
413   	0     	      2	      condition2	    820.7031	    593.75	    0.0	    00000000     00000000	   1	[       ]
414   	0     	      6	  NegLargeBright	    822.2422	   1539.06	    0.0	    00000000     00000000	   1	[      3]
415   	0     	     14	     condition14	    824.3555	   2113.28	    0.0	    00000000     00000000	   1	[       ]
416   	0     	      2	      condition2	    824.9766	    621.09	    0.0	    00000000     00000000	   1	[       ]
417   	0     	     11	 NeutSmallBright	    826.6406	   1664.06	    0.0	    00000000     00000000	   1	[      8]
418   	0     	      4	    NegLargeDark	    828.7344	   2093.75	    0.0	    00000000     00000000	   1	[      1]
419   	0     	     10	 NeutLargeBright	    831.1797	   2445.31	    0.0	    00000000     00000000	   1	[      7]
420   	0     	     13	     condition13	    833.3320	   2152.34	    0.0	    00000000     00000000	   1	[       ]
421   	0     	      2	      condition2	    833.8359	    503.91	    0.0	    00000000     00000000	   1	[       ]
422   	0     	      9	   NeutSmallDark	    835.4648	   1628.91	    0.0	    00000000     00000000	   1	[      6]
423   	0     	     10	 NeutLargeBright	    837.8086	   2343.75	    0.0	    00000000     00000000	   1	[      7]
424   	0     	     11	 NeutSmallBright	    840.1523	   2343.75	    0.0	    00000000     00000000	   1	[      8]
425   	0     	      9	   NeutSmallDark	    842.4570	   2304.69	    0.0	    00000000     00000000	   1	[      6]
426   	0     	      4	    NegLargeDark	    844.5312	   2074.22	    0.0	    00000000     00000000	   1	[      1]
427   	0     	     10	 NeutLargeBright	    846.8359	   2304.69	    0.0	    00000000     00000000	   1	[      7]
428   	0     	      5	    NegSmallDark	    849.1484	   2312.50	    0.0	    00000000     00000000	   1	[      2]
429   	0     	      7	  NegSmallBright	    851.3828	   2234.38	    0.0	    00000000     00000000	   1	[      4]
430   	0     	      7	  NegSmallBright	    853.8789	   2496.09	    0.0	    00000000     00000000	   1	[      4]
431   	0     	      5	    NegSmallDark	    856.1836	   2304.69	    0.0	    00000000     00000000	   1	[      2]
432   	0     	      5	    NegSmallDark	    858.4570	   2273.44	    0.0	    00000000     00000000	   1	[      2]
433   	0     	     10	 NeutLargeBright	    860.6719	   2214.84	    0.0	    00000000     00000000	   1	[      7]
434   	0     	      7	  NegSmallBright	    862.9648	   2292.97	    0.0	    00000000     00000000	   1	[      4]
435   	0     	      4	    NegLargeDark	    865.1680	   2203.12	    0.0	    00000000     00000000	   1	[      1]
436   	0     	     12	     condition12	    867.6836	   2515.62	    0.0	    00000000     00000000	   1	[       ]
437   	0     	      2	      condition2	    868.2188	    535.16	    0.0	    00000000     00000000	   1	[       ]
438   	0     	      8	   NeutLargeDark	    870.1172	   1898.44	    0.0	    00000000     00000000	   1	[      5]
439   	0     	     12	     condition12	    872.5391	   2421.88	    0.0	    00000000     00000000	   1	[       ]
440   	0     	      2	      condition2	    873.0039	    464.84	    0.0	    00000000     00000000	   1	[       ]
441   	0     	     12	     condition12	    875.0352	   2031.25	    0.0	    00000000     00000000	   1	[       ]
442   	0     	      2	      condition2	    875.6328	    597.66	    0.0	    00000000     00000000	   1	[       ]
443   	0     	      4	    NegLargeDark	    877.2773	   1644.53	    0.0	    00000000     00000000	   1	[      1]
444   	0     	      9	   NeutSmallDark	    879.3242	   2046.88	    0.0	    00000000     00000000	   1	[      6]
445   	0     	      6	  NegLargeBright	    881.4453	   2121.09	    0.0	    00000000     00000000	   1	[      3]
446   	0     	     11	 NeutSmallBright	    883.7891	   2343.75	    0.0	    00000000     00000000	   1	[      8]
447   	0     	      7	  NegSmallBright	    886.1758	   2386.72	    0.0	    00000000     00000000	   1	[      4]
448   	0     	      9	   NeutSmallDark	    888.6680	   2492.19	    0.0	    00000000     00000000	   1	[      6]
449   	0     	      4	    NegLargeDark	    890.9023	   2234.38	    0.0	    00000000     00000000	   1	[      1]
450   	0     	      6	  NegLargeBright	    893.3359	   2433.59	    0.0	    00000000     00000000	   1	[      3]
451   	0     	     10	 NeutLargeBright	    895.6211	   2285.16	    0.0	    00000000     00000000	   1	[      7]
452   	0     	      4	    NegLargeDark	    897.7461	   2125.00	    0.0	    00000000     00000000	   1	[      1]
453   	0     	      4	    NegLargeDark	    900.1484	   2402.34	    0.0	    00000000     00000000	   1	[      1]
454   	0     	      5	    NegSmallDark	    902.1719	   2023.44	    0.0	    00000000     00000000	   1	[      2]
455   	0     	      4	    NegLargeDark	    904.3477	   2175.78	    0.0	    00000000     00000000	   1	[      1]
456   	0     	      9	   NeutSmallDark	    906.4609	   2113.28	    0.0	    00000000     00000000	   1	[      6]
457   	0     	      5	    NegSmallDark	    908.8555	   2394.53	    0.0	    00000000     00000000	   1	[      2]
458   	0     	      9	   NeutSmallDark	    911.0469	   2191.41	    0.0	    00000000     00000000	   1	[      6]
459   	0     	     11	 NeutSmallBright	    913.2031	   2156.25	    0.0	    00000000     00000000	   1	[      8]
460   	0     	      6	  NegLargeBright	    915.5977	   2394.53	    0.0	    00000000     00000000	   1	[      3]
461   	0     	      6	  NegLargeBright	    918.1328	   2535.16	    0.0	    00000000     00000000	   1	[      3]
462   	0     	      5	    NegSmallDark	    920.3750	   2242.19	    0.0	    00000000     00000000	   1	[      2]
463   	0     	     12	     condition12	    922.7578	   2382.81	    0.0	    00000000     00000000	   1	[       ]
464   	0     	      2	      condition2	    923.2578	    500.00	    0.0	    00000000     00000000	   1	[       ]
465   	0     	      9	   NeutSmallDark	    924.8047	   1546.88	    0.0	    00000000     00000000	   1	[      6]
466   	0     	      9	   NeutSmallDark	    926.9180	   2113.28	    0.0	    00000000     00000000	   1	[      6]
467   	0     	     10	 NeutLargeBright	    929.1211	   2203.12	    0.0	    00000000     00000000	   1	[      7]
468   	0     	      7	  NegSmallBright	    931.4531	   2332.03	    0.0	    00000000     00000000	   1	[      4]
469   	0     	      8	   NeutLargeDark	    933.9688	   2515.62	    0.0	    00000000     00000000	   1	[      5]
470   	0     	     11	 NeutSmallBright	    936.0234	   2054.69	    0.0	    00000000     00000000	   1	[      8]
471   	0     	      5	    NegSmallDark	    938.4180	   2394.53	    0.0	    00000000     00000000	   1	[      2]
472   	0     	      5	    NegSmallDark	    940.6016	   2183.59	    0.0	    00000000     00000000	   1	[      2]
473   	0     	      8	   NeutLargeDark	    942.7461	   2144.53	    0.0	    00000000     00000000	   1	[      5]
474   	0     	      5	    NegSmallDark	    945.0586	   2312.50	    0.0	    00000000     00000000	   1	[      2]
475   	0     	      5	    NegSmallDark	    947.1211	   2062.50	    0.0	    00000000     00000000	   1	[      2]
476   	0     	      6	  NegLargeBright	    949.2852	   2164.06	    0.0	    00000000     00000000	   1	[      3]
477   	0     	     12	     condition12	    951.5508	   2265.62	    0.0	    00000000     00000000	   1	[       ]
478   	0     	      2	      condition2	    952.0703	    519.53	    0.0	    00000000     00000000	   1	[       ]
479   	0     	     12	     condition12	    953.6523	   1582.03	    0.0	    00000000     00000000	   1	[       ]
480   	0     	      2	      condition2	    954.0547	    402.34	    0.0	    00000000     00000000	   1	[       ]
481   	0     	      5	    NegSmallDark	    956.1797	   2125.00	    0.0	    00000000     00000000	   1	[      2]
482   	0     	     10	 NeutLargeBright	    959.9492	   3769.53	    0.0	    00000000     00000000	   1	[      7]
483   	0     	     15	     condition15	    962.0703	   2121.09	    0.0	    00000000     00000000	   1	[       ]
484   	0     	      2	      condition2	    963.9688	   1898.44	    0.0	    00000000     00000000	   1	[       ]
485   	0     	      7	  NegSmallBright	    964.5039	    535.16	    0.0	    00000000     00000000	   1	[      4]
486   	0     	      8	   NeutLargeDark	    966.5781	   2074.22	    0.0	    00000000     00000000	   1	[      5]
487   	0     	     10	 NeutLargeBright	    968.9336	   2355.47	    0.0	    00000000     00000000	   1	[      7]
488   	0     	      4	    NegLargeDark	    971.2656	   2332.03	    0.0	    00000000     00000000	   1	[      1]
489   	0     	      9	   NeutSmallDark	    973.6094	   2343.75	    0.0	    00000000     00000000	   1	[      6]
490   	0     	     10	 NeutLargeBright	    976.1172	   2507.81	    0.0	    00000000     00000000	   1	[      7]
491   	0     	      9	   NeutSmallDark	    978.3516	   2234.38	    0.0	    00000000     00000000	   1	[      6]
492   	0     	     14	     condition14	    980.7930	   2441.41	    0.0	    00000000     00000000	   1	[       ]
493   	0     	      2	      condition2	    981.3516	    558.59	    0.0	    00000000     00000000	   1	[       ]
494   	0     	      4	    NegLargeDark	    983.2891	   1937.50	    0.0	    00000000     00000000	   1	[      1]
495   	0     	      6	  NegLargeBright	    985.4023	   2113.28	    0.0	    00000000     00000000	   1	[      3]
496   	0     	      7	  NegSmallBright	    987.8164	   2414.06	    0.0	    00000000     00000000	   1	[      4]
497   	0     	      5	    NegSmallDark	    990.2109	   2394.53	    0.0	    00000000     00000000	   1	[      2]
498   	0     	      7	  NegSmallBright	    992.5156	   2304.69	    0.0	    00000000     00000000	   1	[      4]
499   	0     	      6	  NegLargeBright	    995.0078	   2492.19	    0.0	    00000000     00000000	   1	[      3]
500   	0     	      7	  NegSmallBright	    997.5117	   2503.91	    0.0	    00000000     00000000	   1	[      4]
501   	0     	     10	 NeutLargeBright	    999.6055	   2093.75	    0.0	    00000000     00000000	   1	[      7]
502   	0     	      5	    NegSmallDark	   1002.0195	   2414.06	    0.0	    00000000     00000000	   1	[      2]
503   	0     	     15	     condition15	   1004.3164	   2296.88	    0.0	    00000000     00000000	   1	[       ]
504   	0     	      2	      condition2	   1005.1250	    808.59	    0.0	    00000000     00000000	   1	[       ]
505   	0     	      4	    NegLargeDark	   1006.5195	   1394.53	    0.0	    00000000     00000000	   1	[      1]
506   	0     	      6	  NegLargeBright	   1008.9844	   2464.84	    0.0	    00000000     00000000	   1	[      3]
507   	0     	     10	 NeutLargeBright	   1011.5078	   2523.44	    0.0	    00000000     00000000	   1	[      7]
508   	0     	      4	    NegLargeDark	   1013.7305	   2222.66	    0.0	    00000000     00000000	   1	[      1]
509   	0     	      9	   NeutSmallDark	   1016.0273	   2296.88	    0.0	    00000000     00000000	   1	[      6]
510   	0     	      8	   NeutLargeDark	   1018.3906	   2363.28	    0.0	    00000000     00000000	   1	[      5]
511   	0     	     10	 NeutLargeBright	   1020.4727	   2082.03	    0.0	    00000000     00000000	   1	[      7]
512   	0     	     10	 NeutLargeBright	   1022.6758	   2203.12	    0.0	    00000000     00000000	   1	[      7]
513   	0     	     15	     condition15	   1025.1719	   2496.09	    0.0	    00000000     00000000	   1	[       ]
514   	0     	      2	      condition2	   1025.8906	    718.75	    0.0	    00000000     00000000	   1	[       ]
515   	0     	      6	  NegLargeBright	   1027.6250	   1734.38	    0.0	    00000000     00000000	   1	[      3]
516   	0     	      9	   NeutSmallDark	   1029.9219	   2296.88	    0.0	    00000000     00000000	   1	[      6]
517   	0     	      7	  NegSmallBright	   1032.2461	   2324.22	    0.0	    00000000     00000000	   1	[      4]
518   	0     	     12	     condition12	   1034.6172	   2371.09	    0.0	    00000000     00000000	   1	[       ]
519   	0     	      2	      condition2	   1035.1875	    570.31	    0.0	    00000000     00000000	   1	[       ]
520   	0     	     15	     condition15	   1037.0742	   1886.72	    0.0	    00000000     00000000	   1	[       ]
521   	0     	      2	      condition2	   1037.6680	    593.75	    0.0	    00000000     00000000	   1	[       ]
522   	0     	      7	  NegSmallBright	   1039.4062	   1738.28	    0.0	    00000000     00000000	   1	[      4]
523   	0     	      9	   NeutSmallDark	   1041.9297	   2523.44	    0.0	    00000000     00000000	   1	[      6]
524   	0     	      7	  NegSmallBright	   1044.3555	   2425.78	    0.0	    00000000     00000000	   1	[      4]
525   	0     	      7	  NegSmallBright	   1046.8594	   2503.91	    0.0	    00000000     00000000	   1	[      4]
526   	0     	     11	 NeutSmallBright	   1048.8945	   2035.16	    0.0	    00000000     00000000	   1	[      8]
527   	0     	      8	   NeutLargeDark	   1051.3594	   2464.84	    0.0	    00000000     00000000	   1	[      5]
528   	0     	     12	     condition12	   1053.6719	   2312.50	    0.0	    00000000     00000000	   1	[       ]
529   	0     	      2	      condition2	   1054.1367	    464.84	    0.0	    00000000     00000000	   1	[       ]
530   	0     	      6	  NegLargeBright	   1055.7656	   1628.91	    0.0	    00000000     00000000	   1	[      3]
531   	0     	     11	 NeutSmallBright	   1058.2383	   2472.66	    0.0	    00000000     00000000	   1	[      8]
532   	0     	      9	   NeutSmallDark	   1060.6250	   2386.72	    0.0	    00000000     00000000	   1	[      6]
533   	0     	      7	  NegSmallBright	   1063.0391	   2414.06	    0.0	    00000000     00000000	   1	[      4]
534   	0     	     15	     condition15	   1065.5234	   2484.38	    0.0	    00000000     00000000	   1	[       ]
535   	0     	      2	      condition2	   1066.1680	    644.53	    0.0	    00000000     00000000	   1	[       ]
536   	0     	     10	 NeutLargeBright	   1067.6680	   1500.00	    0.0	    00000000     00000000	   1	[      7]
537   	0     	      4	    NegLargeDark	   1070.1094	   2441.41	    0.0	    00000000     00000000	   1	[      1]
538   	0     	     10	 NeutLargeBright	   1072.4844	   2375.00	    0.0	    00000000     00000000	   1	[      7]
539   	0     	      5	    NegSmallDark	   1074.5898	   2105.47	    0.0	    00000000     00000000	   1	[      2]
540   	0     	     10	 NeutLargeBright	   1076.8242	   2234.38	    0.0	    00000000     00000000	   1	[      7]
541   	0     	      4	    NegLargeDark	   1079.0156	   2191.41	    0.0	    00000000     00000000	   1	[      1]
542   	0     	      9	   NeutSmallDark	   1081.3086	   2292.97	    0.0	    00000000     00000000	   1	[      6]
543   	0     	      6	  NegLargeBright	   1083.4844	   2175.78	    0.0	    00000000     00000000	   1	[      3]
544   	0     	     14	     condition14	   1086.0195	   2535.16	    0.0	    00000000     00000000	   1	[       ]
545   	0     	      2	      condition2	   1086.6055	    585.94	    0.0	    00000000     00000000	   1	[       ]
546   	0     	     11	 NeutSmallBright	   1088.5312	   1925.78	    0.0	    00000000     00000000	   1	[      8]
547   	0     	     14	     condition14	   1091.0586	   2527.34	    0.0	    00000000     00000000	   1	[       ]
548   	0     	      2	      condition2	   1091.5742	    515.62	    0.0	    00000000     00000000	   1	[       ]
549   	0     	      8	   NeutLargeDark	   1093.5703	   1996.09	    0.0	    00000000     00000000	   1	[      5]
550   	0     	      4	    NegLargeDark	   1096.0781	   2507.81	    0.0	    00000000     00000000	   1	[      1]
551   	0     	      8	   NeutLargeDark	   1098.3008	   2222.66	    0.0	    00000000     00000000	   1	[      5]
552   	0     	     11	 NeutSmallBright	   1100.6250	   2324.22	    0.0	    00000000     00000000	   1	[      8]
553   	0     	     14	     condition14	   1102.6992	   2074.22	    0.0	    00000000     00000000	   1	[       ]
554   	0     	      2	      condition2	   1103.2109	    511.72	    0.0	    00000000     00000000	   1	[       ]
555   	0     	      5	    NegSmallDark	   1105.0703	   1859.38	    0.0	    00000000     00000000	   1	[      2]
556   	0     	     10	 NeutLargeBright	   1107.3750	   2304.69	    0.0	    00000000     00000000	   1	[      7]
557   	0     	     11	 NeutSmallBright	   1109.7500	   2375.00	    0.0	    00000000     00000000	   1	[      8]
558   	0     	      6	  NegLargeBright	   1112.1445	   2394.53	    0.0	    00000000     00000000	   1	[      3]
559   	0     	     12	     condition12	   1114.1992	   2054.69	    0.0	    00000000     00000000	   1	[       ]
560   	0     	      2	      condition2	   1114.8711	    671.88	    0.0	    00000000     00000000	   1	[       ]
561   	0     	      7	  NegSmallBright	   1116.4609	   1589.84	    0.0	    00000000     00000000	   1	[      4]
562   	0     	      8	   NeutLargeDark	   1118.9883	   2527.34	    0.0	    00000000     00000000	   1	[      5]
563   	0     	     12	     condition12	   1121.2305	   2242.19	    0.0	    00000000     00000000	   1	[       ]
564   	0     	      2	      condition2	   1121.8398	    609.38	    0.0	    00000000     00000000	   1	[       ]
565   	0     	      9	   NeutSmallDark	   1124.3555	   2515.62	    0.0	    00000000     00000000	   1	[      6]
566   	0     	      7	  NegSmallBright	   1126.5703	   2214.84	    0.0	    00000000     00000000	   1	[      4]
567   	0     	     14	     condition14	   1128.9961	   2425.78	    0.0	    00000000     00000000	   1	[       ]
568   	0     	      2	      condition2	   1129.5508	    554.69	    0.0	    00000000     00000000	   1	[       ]
569   	0     	      7	  NegSmallBright	   1131.2578	   1707.03	    0.0	    00000000     00000000	   1	[      4]
570   	0     	     14	     condition14	   1133.5039	   2246.09	    0.0	    00000000     00000000	   1	[       ]
571   	0     	      2	      condition2	   1134.1016	    597.66	    0.0	    00000000     00000000	   1	[       ]
572   	0     	     11	 NeutSmallBright	   1135.5977	   1496.09	    0.0	    00000000     00000000	   1	[      8]
573   	0     	     13	     condition13	   1137.9805	   2382.81	    0.0	    00000000     00000000	   1	[       ]
574   	0     	      2	      condition2	   1138.4883	    507.81	    0.0	    00000000     00000000	   1	[       ]
575   	0     	      4	    NegLargeDark	   1140.1250	   1636.72	    0.0	    00000000     00000000	   1	[      1]
576   	0     	      4	    NegLargeDark	   1142.4688	   2343.75	    0.0	    00000000     00000000	   1	[      1]
577   	0     	      4	    NegLargeDark	   1144.6016	   2132.81	    0.0	    00000000     00000000	   1	[      1]
578   	0     	     10	 NeutLargeBright	   1146.9375	   2335.94	    0.0	    00000000     00000000	   1	[      7]
579   	0     	      7	  NegSmallBright	   1149.1289	   2191.41	    0.0	    00000000     00000000	   1	[      4]
580   	0     	     15	     condition15	   1151.2930	   2164.06	    0.0	    00000000     00000000	   1	[       ]
581   	0     	      2	      condition2	   1151.9609	    667.97	    0.0	    00000000     00000000	   1	[       ]
582   	0     	      6	  NegLargeBright	   1153.6797	   1718.75	    0.0	    00000000     00000000	   1	[      3]
583   	0     	     10	 NeutLargeBright	   1156.1523	   2472.66	    0.0	    00000000     00000000	   1	[      7]
584   	0     	      9	   NeutSmallDark	   1158.5859	   2433.59	    0.0	    00000000     00000000	   1	[      6]
585   	0     	      8	   NeutLargeDark	   1161.0430	   2457.03	    0.0	    00000000     00000000	   1	[      5]
586   	0     	     13	     condition13	   1163.4570	   2414.06	    0.0	    00000000     00000000	   1	[       ]
587   	0     	      2	      condition2	   1164.2656	    808.59	    0.0	    00000000     00000000	   1	[       ]
588   	0     	      9	   NeutSmallDark	   1165.5000	   1234.38	    0.0	    00000000     00000000	   1	[      6]
589   	0     	      5	    NegSmallDark	   1167.9219	   2421.88	    0.0	    00000000     00000000	   1	[      2]
590   	0     	     14	     condition14	   1170.1484	   2226.56	    0.0	    00000000     00000000	   1	[       ]
591   	0     	      2	      condition2	   1170.6797	    531.25	    0.0	    00000000     00000000	   1	[       ]
592   	0     	      7	  NegSmallBright	   1172.6328	   1953.12	    0.0	    00000000     00000000	   1	[      4]
593   	0     	     13	     condition13	   1174.7656	   2132.81	    0.0	    00000000     00000000	   1	[       ]
594   	0     	      2	      condition2	   1175.2500	    484.38	    0.0	    00000000     00000000	   1	[       ]
595   	0     	      5	    NegSmallDark	   1177.2812	   2031.25	    0.0	    00000000     00000000	   1	[      2]
596   	0     	     15	     condition15	   1179.5742	   2292.97	    0.0	    00000000     00000000	   1	[       ]
597   	0     	      2	      condition2	   1180.2383	    664.06	    0.0	    00000000     00000000	   1	[       ]
598   	0     	      6	  NegLargeBright	   1182.0977	   1859.38	    0.0	    00000000     00000000	   1	[      3]
599   	0     	      6	  NegLargeBright	   1184.2422	   2144.53	    0.0	    00000000     00000000	   1	[      3]
600   	0     	      8	   NeutLargeDark	   1186.3945	   2152.34	    0.0	    00000000     00000000	   1	[      5]
601   	0     	      7	  NegSmallBright	   1188.5117	   2117.19	    0.0	    00000000     00000000	   1	[      4]
602   	0     	      4	    NegLargeDark	   1190.9531	   2441.41	    0.0	    00000000     00000000	   1	[      1]
603   	0     	      8	   NeutLargeDark	   1193.1875	   2234.38	    0.0	    00000000     00000000	   1	[      5]
604   	0     	      6	  NegLargeBright	   1195.3633	   2175.78	    0.0	    00000000     00000000	   1	[      3]
605   	0     	     11	 NeutSmallBright	   1197.4141	   2050.78	    0.0	    00000000     00000000	   1	[      8]
606   	0     	      8	   NeutLargeDark	   1199.7500	   2335.94	    0.0	    00000000     00000000	   1	[      5]
607   	0     	      7	  NegSmallBright	   1202.0547	   2304.69	    0.0	    00000000     00000000	   1	[      4]
608   	0     	      9	   NeutSmallDark	   1204.3164	   2261.72	    0.0	    00000000     00000000	   1	[      6]
609   	0     	      7	  NegSmallBright	   1206.6836	   2367.19	    0.0	    00000000     00000000	   1	[      4]
610   	0     	      5	    NegSmallDark	   1208.7266	   2042.97	    0.0	    00000000     00000000	   1	[      2]
611   	0     	     10	 NeutLargeBright	   1210.8281	   2101.56	    0.0	    00000000     00000000	   1	[      7]
612   	0     	      4	    NegLargeDark	   1213.1914	   2363.28	    0.0	    00000000     00000000	   1	[      1]
613   	0     	      5	    NegSmallDark	   1215.3789	   2187.50	    0.0	    00000000     00000000	   1	[      2]
614   	0     	     14	     condition14	   1217.4297	   2050.78	    0.0	    00000000     00000000	   1	[       ]
615   	0     	      2	      condition2	   1217.9766	    546.88	    0.0	    00000000     00000000	   1	[       ]
616   	0     	      6	  NegLargeBright	   1219.5352	   1558.59	    0.0	    00000000     00000000	   1	[      3]
617   	0     	     11	 NeutSmallBright	   1221.7500	   2214.84	    0.0	    00000000     00000000	   1	[      8]
618   	0     	     11	 NeutSmallBright	   1224.1133	   2363.28	    0.0	    00000000     00000000	   1	[      8]
619   	0     	      9	   NeutSmallDark	   1226.4453	   2332.03	    0.0	    00000000     00000000	   1	[      6]
620   	0     	     11	 NeutSmallBright	   1228.9219	   2476.56	    0.0	    00000000     00000000	   1	[      8]
621   	0     	      6	  NegLargeBright	   1231.1367	   2214.84	    0.0	    00000000     00000000	   1	[      3]
622   	0     	      7	  NegSmallBright	   1233.6406	   2503.91	    0.0	    00000000     00000000	   1	[      4]
623   	0     	      2	      condition2	   1234.2070	    566.41	    0.0	    00000000     00000000	   1	[       ]
624   	0     	     11	 NeutSmallBright	   1235.9844	   1777.34	    0.0	    00000000     00000000	   1	[      8]
625   	0     	      6	  NegLargeBright	   1238.3789	   2394.53	    0.0	    00000000     00000000	   1	[      3]
626   	0     	      4	    NegLargeDark	   1240.8008	   2421.88	    0.0	    00000000     00000000	   1	[      1]
627   	0     	      6	  NegLargeBright	   1243.1953	   2394.53	    0.0	    00000000     00000000	   1	[      3]
628   	0     	     10	 NeutLargeBright	   1245.6719	   2476.56	    0.0	    00000000     00000000	   1	[      7]
629   	0     	      9	   NeutSmallDark	   1247.8242	   2152.34	    0.0	    00000000     00000000	   1	[      6]
630   	0     	      7	  NegSmallBright	   1250.0078	   2183.59	    0.0	    00000000     00000000	   1	[      4]
631   	0     	     10	 NeutLargeBright	   1252.1133	   2105.47	    0.0	    00000000     00000000	   1	[      7]
632   	0     	      7	  NegSmallBright	   1254.5039	   2390.62	    0.0	    00000000     00000000	   1	[      4]
633   	0     	     15	     condition15	   1256.5586	   2054.69	    0.0	    00000000     00000000	   1	[       ]
634   	0     	      2	      condition2	   1257.4883	    929.69	    0.0	    00000000     00000000	   1	[       ]
635   	0     	      7	  NegSmallBright	   1258.8945	   1406.25	    0.0	    00000000     00000000	   1	[      4]
636   	0     	      9	   NeutSmallDark	   1261.2695	   2375.00	    0.0	    00000000     00000000	   1	[      6]
637   	0     	     12	     condition12	   1263.7227	   2453.12	    0.0	    00000000     00000000	   1	[       ]
638   	0     	      2	      condition2	   1264.4453	    722.66	    0.0	    00000000     00000000	   1	[       ]
639   	0     	     11	 NeutSmallBright	   1266.1875	   1742.19	    0.0	    00000000     00000000	   1	[      8]
640   	0     	      8	   NeutLargeDark	   1268.4492	   2261.72	    0.0	    00000000     00000000	   1	[      5]
641   	0     	      9	   NeutSmallDark	   1270.6641	   2214.84	    0.0	    00000000     00000000	   1	[      6]
642   	0     	      5	    NegSmallDark	   1273.0078	   2343.75	    0.0	    00000000     00000000	   1	[      2]
643   	0     	      8	   NeutLargeDark	   1275.1836	   2175.78	    0.0	    00000000     00000000	   1	[      5]
644   	0     	      8	   NeutLargeDark	   1277.5156	   2332.03	    0.0	    00000000     00000000	   1	[      5]
645   	0     	     10	 NeutLargeBright	   1279.5586	   2042.97	    0.0	    00000000     00000000	   1	[      7]
646   	0     	     11	 NeutSmallBright	   1282.0742	   2515.62	    0.0	    00000000     00000000	   1	[      8]
