#  Non-editable header begin --------------------------------------------------------------------------------
# 
#  data format...............: continuous
#  setname...................: BDF file
#  filename..................: none_specified
#  filepath..................: none_specified
#  nchan.....................: 64
#  pnts......................: 327424
#  srate.....................: 256
#  nevents...................: 645
#  generated by (bdf)........: 
#  generated by (set)........: BDF file
#  reported in ..............: 
#  prog Version..............: 8.02
#  creation date.............: 16-Nov-2020 14:48:03
#  user Account..............: 
# 
#  Non-editable header end --------------------------------------------------------------------------------

	bin 1,	# 60,	NegLargeDark
	bin 2,	# 60,	NegSmallDark
	bin 3,	# 60,	NegLargeBright
	bin 4,	# 60,	NegSmallBright
	bin 5,	# 60,	NeutLargeDark
	bin 6,	# 60,	NeutSmallDark
	bin 7,	# 60,	NeutLargeBright
	bin 8,	# 60,	NeutSmallBright



# item	 bepoch	  ecode	            label	      onset	          diff	     dura	b_flags	   a_flags	  enable	    bin
#                                                 (sec)           (msec)     (msec)    (binary)   (binary)


1     	0     	    253	              ""	      0.4219	      0.00	    0.0	    00000000     00000000	   1	[       ]
2     	0     	      5	    NegSmallDark	      1.4141	    992.19	    0.0	    00000000     00000000	   1	[      2]
3     	0     	     13	     condition13	      3.7852	   2371.09	    0.0	    00000000     00000000	   1	[       ]
4     	0     	      2	      condition2	      4.4688	    683.59	    0.0	    00000000     00000000	   1	[       ]
5     	0     	      9	   NeutSmallDark	      6.1602	   1691.41	    0.0	    00000000     00000000	   1	[      6]
6     	0     	      6	  NegLargeBright	      8.5859	   2425.78	    0.0	    00000000     00000000	   1	[      3]
7     	0     	      7	  NegSmallBright	     11.0781	   2492.19	    0.0	    00000000     00000000	   1	[      4]
8     	0     	      9	   NeutSmallDark	     13.3555	   2277.34	    0.0	    00000000     00000000	   1	[      6]
9     	0     	      4	    NegLargeDark	     15.7461	   2390.62	    0.0	    00000000     00000000	   1	[      1]
10    	0     	      4	    NegLargeDark	     17.8203	   2074.22	    0.0	    00000000     00000000	   1	[      1]
11    	0     	      6	  NegLargeBright	     20.1758	   2355.47	    0.0	    00000000     00000000	   1	[      3]
12    	0     	      7	  NegSmallBright	     22.3008	   2125.00	    0.0	    00000000     00000000	   1	[      4]
13    	0     	      5	    NegSmallDark	     24.4023	   2101.56	    0.0	    00000000     00000000	   1	[      2]
14    	0     	      4	    NegLargeDark	     26.8789	   2476.56	    0.0	    00000000     00000000	   1	[      1]
15    	0     	     12	     condition12	     29.2500	   2371.09	    0.0	    00000000     00000000	   1	[       ]
16    	0     	      2	      condition2	     29.8398	    589.84	    0.0	    00000000     00000000	   1	[       ]
17    	0     	      7	  NegSmallBright	     31.3867	   1546.88	    0.0	    00000000     00000000	   1	[      4]
18    	0     	      4	    NegLargeDark	     33.5781	   2191.41	    0.0	    00000000     00000000	   1	[      1]
19    	0     	     15	     condition15	     36.0742	   2496.09	    0.0	    00000000     00000000	   1	[       ]
20    	0     	      2	      condition2	     36.7422	    667.97	    0.0	    00000000     00000000	   1	[       ]
21    	0     	      4	    NegLargeDark	     38.4492	   1707.03	    0.0	    00000000     00000000	   1	[      1]
22    	0     	     10	 NeutLargeBright	     40.9609	   2511.72	    0.0	    00000000     00000000	   1	[      7]
23    	0     	      4	    NegLargeDark	     43.0977	   2136.72	    0.0	    00000000     00000000	   1	[      1]
24    	0     	      8	   NeutLargeDark	     45.1484	   2050.78	    0.0	    00000000     00000000	   1	[      5]
25    	0     	      6	  NegLargeBright	     47.5352	   2386.72	    0.0	    00000000     00000000	   1	[      3]
26    	0     	      6	  NegLargeBright	     49.9297	   2394.53	    0.0	    00000000     00000000	   1	[      3]
27    	0     	      7	  NegSmallBright	     52.2305	   2300.78	    0.0	    00000000     00000000	   1	[      4]
28    	0     	      9	   NeutSmallDark	     54.6250	   2394.53	    0.0	    00000000     00000000	   1	[      6]
29    	0     	      9	   NeutSmallDark	     56.7188	   2093.75	    0.0	    00000000     00000000	   1	[      6]
30    	0     	      8	   NeutLargeDark	     59.2031	   2484.38	    0.0	    00000000     00000000	   1	[      5]
31    	0     	      9	   NeutSmallDark	     61.3086	   2105.47	    0.0	    00000000     00000000	   1	[      6]
32    	0     	     11	 NeutSmallBright	     63.5430	   2234.38	    0.0	    00000000     00000000	   1	[      8]
33    	0     	     10	 NeutLargeBright	     65.7852	   2242.19	    0.0	    00000000     00000000	   1	[      7]
34    	0     	      4	    NegLargeDark	     68.1094	   2324.22	    0.0	    00000000     00000000	   1	[      1]
35    	0     	      7	  NegSmallBright	     70.4531	   2343.75	    0.0	    00000000     00000000	   1	[      4]
36    	0     	      7	  NegSmallBright	     72.5078	   2054.69	    0.0	    00000000     00000000	   1	[      4]
37    	0     	      5	    NegSmallDark	     74.8516	   2343.75	    0.0	    00000000     00000000	   1	[      2]
38    	0     	     14	     condition14	     76.9570	   2105.47	    0.0	    00000000     00000000	   1	[       ]
39    	0     	      2	      condition2	     77.7266	    769.53	    0.0	    00000000     00000000	   1	[       ]
40    	0     	     15	     condition15	     78.9883	   1261.72	    0.0	    00000000     00000000	   1	[       ]
41    	0     	      2	      condition2	     79.8633	    875.00	    0.0	    00000000     00000000	   1	[       ]
42    	0     	     14	     condition14	     81.1719	   1308.59	    0.0	    00000000     00000000	   1	[       ]
43    	0     	      2	      condition2	     81.7188	    546.88	    0.0	    00000000     00000000	   1	[       ]
44    	0     	      6	  NegLargeBright	     83.4062	   1687.50	    0.0	    00000000     00000000	   1	[      3]
45    	0     	     12	     condition12	     85.6797	   2273.44	    0.0	    00000000     00000000	   1	[       ]
46    	0     	      2	      condition2	     86.2539	    574.22	    0.0	    00000000     00000000	   1	[       ]
47    	0     	     11	 NeutSmallBright	     87.9844	   1730.47	    0.0	    00000000     00000000	   1	[      8]
48    	0     	      9	   NeutSmallDark	     90.1875	   2203.12	    0.0	    00000000     00000000	   1	[      6]
49    	0     	      9	   NeutSmallDark	     92.4336	   2246.09	    0.0	    00000000     00000000	   1	[      6]
50    	0     	     11	 NeutSmallBright	     94.6758	   2242.19	    0.0	    00000000     00000000	   1	[      8]
51    	0     	      5	    NegSmallDark	     96.8398	   2164.06	    0.0	    00000000     00000000	   1	[      2]
52    	0     	      4	    NegLargeDark	     99.0234	   2183.59	    0.0	    00000000     00000000	   1	[      1]
53    	0     	      7	  NegSmallBright	    101.2773	   2253.91	    0.0	    00000000     00000000	   1	[      4]
54    	0     	      8	   NeutLargeDark	    103.8008	   2523.44	    0.0	    00000000     00000000	   1	[      5]
55    	0     	      7	  NegSmallBright	    105.8750	   2074.22	    0.0	    00000000     00000000	   1	[      4]
56    	0     	      4	    NegLargeDark	    107.9688	   2093.75	    0.0	    00000000     00000000	   1	[      1]
57    	0     	      8	   NeutLargeDark	    110.4258	   2457.03	    0.0	    00000000     00000000	   1	[      5]
58    	0     	      9	   NeutSmallDark	    112.9297	   2503.91	    0.0	    00000000     00000000	   1	[      6]
59    	0     	      9	   NeutSmallDark	    115.1133	   2183.59	    0.0	    00000000     00000000	   1	[      6]
60    	0     	     13	     condition13	    117.5664	   2453.12	    0.0	    00000000     00000000	   1	[       ]
61    	0     	      2	      condition2	    118.1562	    589.84	    0.0	    00000000     00000000	   1	[       ]
62    	0     	     11	 NeutSmallBright	    120.0508	   1894.53	    0.0	    00000000     00000000	   1	[      8]
63    	0     	      4	    NegLargeDark	    122.4258	   2375.00	    0.0	    00000000     00000000	   1	[      1]
64    	0     	      5	    NegSmallDark	    124.6094	   2183.59	    0.0	    00000000     00000000	   1	[      2]
65    	0     	      7	  NegSmallBright	    126.9648	   2355.47	    0.0	    00000000     00000000	   1	[      4]
66    	0     	      8	   NeutLargeDark	    129.4180	   2453.12	    0.0	    00000000     00000000	   1	[      5]
67    	0     	     12	     condition12	    131.6836	   2265.62	    0.0	    00000000     00000000	   1	[       ]
68    	0     	      2	      condition2	    132.3203	    636.72	    0.0	    00000000     00000000	   1	[       ]
69    	0     	      4	    NegLargeDark	    133.8438	   1523.44	    0.0	    00000000     00000000	   1	[      1]
70    	0     	      4	    NegLargeDark	    136.2695	   2425.78	    0.0	    00000000     00000000	   1	[      1]
71    	0     	      8	   NeutLargeDark	    138.3750	   2105.47	    0.0	    00000000     00000000	   1	[      5]
72    	0     	      7	  NegSmallBright	    140.4688	   2093.75	    0.0	    00000000     00000000	   1	[      4]
73    	0     	     10	 NeutLargeBright	    142.5820	   2113.28	    0.0	    00000000     00000000	   1	[      7]
74    	0     	     14	     condition14	    144.6562	   2074.22	    0.0	    00000000     00000000	   1	[       ]
75    	0     	      2	      condition2	    145.2109	    554.69	    0.0	    00000000     00000000	   1	[       ]
76    	0     	     10	 NeutLargeBright	    147.1602	   1949.22	    0.0	    00000000     00000000	   1	[      7]
77    	0     	      9	   NeutSmallDark	    149.5039	   2343.75	    0.0	    00000000     00000000	   1	[      6]
78    	0     	      6	  NegLargeBright	    151.7656	   2261.72	    0.0	    00000000     00000000	   1	[      3]
79    	0     	      8	   NeutLargeDark	    153.9023	   2136.72	    0.0	    00000000     00000000	   1	[      5]
80    	0     	      9	   NeutSmallDark	    155.9336	   2031.25	    0.0	    00000000     00000000	   1	[      6]
81    	0     	     10	 NeutLargeBright	    158.1602	   2226.56	    0.0	    00000000     00000000	   1	[      7]
82    	0     	      9	   NeutSmallDark	    161.6289	   3468.75	    0.0	    00000000     00000000	   1	[      6]
83    	0     	      9	   NeutSmallDark	    163.8906	   2261.72	    0.0	    00000000     00000000	   1	[      6]
84    	0     	      4	    NegLargeDark	    166.0352	   2144.53	    0.0	    00000000     00000000	   1	[      1]
85    	0     	      6	  NegLargeBright	    168.3086	   2273.44	    0.0	    00000000     00000000	   1	[      3]
86    	0     	      7	  NegSmallBright	    170.7422	   2433.59	    0.0	    00000000     00000000	   1	[      4]
87    	0     	      5	    NegSmallDark	    172.9375	   2195.31	    0.0	    00000000     00000000	   1	[      2]
88    	0     	     11	 NeutSmallBright	    175.2422	   2304.69	    0.0	    00000000     00000000	   1	[      8]
89    	0     	     11	 NeutSmallBright	    177.2656	   2023.44	    0.0	    00000000     00000000	   1	[      8]
90    	0     	      8	   NeutLargeDark	    179.4180	   2152.34	    0.0	    00000000     00000000	   1	[      5]
91    	0     	      7	  NegSmallBright	    181.5312	   2113.28	    0.0	    00000000     00000000	   1	[      4]
92    	0     	      7	  NegSmallBright	    183.8945	   2363.28	    0.0	    00000000     00000000	   1	[      4]
93    	0     	      6	  NegLargeBright	    186.3594	   2464.84	    0.0	    00000000     00000000	   1	[      3]
94    	0     	      7	  NegSmallBright	    188.7031	   2343.75	    0.0	    00000000     00000000	   1	[      4]
95    	0     	      4	    NegLargeDark	    190.9492	   2246.09	    0.0	    00000000     00000000	   1	[      1]
96    	0     	      8	   NeutLargeDark	    193.3945	   2445.31	    0.0	    00000000     00000000	   1	[      5]
97    	0     	     11	 NeutSmallBright	    195.8086	   2414.06	    0.0	    00000000     00000000	   1	[      8]
98    	0     	      9	   NeutSmallDark	    198.1016	   2292.97	    0.0	    00000000     00000000	   1	[      6]
99    	0     	      7	  NegSmallBright	    200.2539	   2152.34	    0.0	    00000000     00000000	   1	[      4]
100   	0     	      9	   NeutSmallDark	    202.5195	   2265.62	    0.0	    00000000     00000000	   1	[      6]
101   	0     	      6	  NegLargeBright	    204.7812	   2261.72	    0.0	    00000000     00000000	   1	[      3]
102   	0     	      7	  NegSmallBright	    207.1289	   2347.66	    0.0	    00000000     00000000	   1	[      4]
103   	0     	      4	    NegLargeDark	    209.3828	   2253.91	    0.0	    00000000     00000000	   1	[      1]
104   	0     	     14	     condition14	    211.5156	   2132.81	    0.0	    00000000     00000000	   1	[       ]
105   	0     	      2	      condition2	    212.2930	    777.34	    0.0	    00000000     00000000	   1	[       ]
106   	0     	      6	  NegLargeBright	    213.8008	   1507.81	    0.0	    00000000     00000000	   1	[      3]
107   	0     	     13	     condition13	    216.0117	   2210.94	    0.0	    00000000     00000000	   1	[       ]
108   	0     	      2	      condition2	    216.5977	    585.94	    0.0	    00000000     00000000	   1	[       ]
109   	0     	      7	  NegSmallBright	    218.4883	   1890.62	    0.0	    00000000     00000000	   1	[      4]
110   	0     	     11	 NeutSmallBright	    220.5391	   2050.78	    0.0	    00000000     00000000	   1	[      8]
111   	0     	     15	     condition15	    222.9961	   2457.03	    0.0	    00000000     00000000	   1	[       ]
112   	0     	      2	      condition2	    223.6562	    660.16	    0.0	    00000000     00000000	   1	[       ]
113   	0     	      6	  NegLargeBright	    225.0469	   1390.62	    0.0	    00000000     00000000	   1	[      3]
114   	0     	     10	 NeutLargeBright	    227.3516	   2304.69	    0.0	    00000000     00000000	   1	[      7]
115   	0     	      9	   NeutSmallDark	    229.5547	   2203.12	    0.0	    00000000     00000000	   1	[      6]
116   	0     	      7	  NegSmallBright	    232.0703	   2515.62	    0.0	    00000000     00000000	   1	[      4]
117   	0     	      9	   NeutSmallDark	    234.3164	   2246.09	    0.0	    00000000     00000000	   1	[      6]
118   	0     	      5	    NegSmallDark	    236.6289	   2312.50	    0.0	    00000000     00000000	   1	[      2]
119   	0     	      5	    NegSmallDark	    238.9531	   2324.22	    0.0	    00000000     00000000	   1	[      2]
120   	0     	      7	  NegSmallBright	    241.2773	   2324.22	    0.0	    00000000     00000000	   1	[      4]
121   	0     	      8	   NeutLargeDark	    243.6797	   2402.34	    0.0	    00000000     00000000	   1	[      5]
122   	0     	     13	     condition13	    245.7266	   2046.88	    0.0	    00000000     00000000	   1	[       ]
123   	0     	      2	      condition2	    246.4062	    679.69	    0.0	    00000000     00000000	   1	[       ]
124   	0     	     11	 NeutSmallBright	    248.0508	   1644.53	    0.0	    00000000     00000000	   1	[      8]
125   	0     	     11	 NeutSmallBright	    250.2422	   2191.41	    0.0	    00000000     00000000	   1	[      8]
126   	0     	      9	   NeutSmallDark	    252.5664	   2324.22	    0.0	    00000000     00000000	   1	[      6]
127   	0     	      9	   NeutSmallDark	    254.9922	   2425.78	    0.0	    00000000     00000000	   1	[      6]
128   	0     	     12	     condition12	    257.3359	   2343.75	    0.0	    00000000     00000000	   1	[       ]
129   	0     	      2	      condition2	    257.8633	    527.34	    0.0	    00000000     00000000	   1	[       ]
130   	0     	      5	    NegSmallDark	    259.4102	   1546.88	    0.0	    00000000     00000000	   1	[      2]
131   	0     	     11	 NeutSmallBright	    261.7344	   2324.22	    0.0	    00000000     00000000	   1	[      8]
132   	0     	      4	    NegLargeDark	    263.9375	   2203.12	    0.0	    00000000     00000000	   1	[      1]
133   	0     	     11	 NeutSmallBright	    266.4023	   2464.84	    0.0	    00000000     00000000	   1	[      8]
134   	0     	      4	    NegLargeDark	    268.7148	   2312.50	    0.0	    00000000     00000000	   1	[      1]
135   	0     	      7	  NegSmallBright	    270.9492	   2234.38	    0.0	    00000000     00000000	   1	[      4]
136   	0     	     14	     condition14	    273.3828	   2433.59	    0.0	    00000000     00000000	   1	[       ]
137   	0     	      2	      condition2	    274.0703	    687.50	    0.0	    00000000     00000000	   1	[       ]
138   	0     	      9	   NeutSmallDark	    275.5664	   1496.09	    0.0	    00000000     00000000	   1	[      6]
139   	0     	      7	  NegSmallBright	    278.0820	   2515.62	    0.0	    00000000     00000000	   1	[      4]
140   	0     	     10	 NeutLargeBright	    280.2344	   2152.34	    0.0	    00000000     00000000	   1	[      7]
141   	0     	      7	  NegSmallBright	    282.4180	   2183.59	    0.0	    00000000     00000000	   1	[      4]
142   	0     	     13	     condition13	    284.5039	   2085.94	    0.0	    00000000     00000000	   1	[       ]
143   	0     	      2	      condition2	    285.0508	    546.88	    0.0	    00000000     00000000	   1	[       ]
144   	0     	      5	    NegSmallDark	    286.6953	   1644.53	    0.0	    00000000     00000000	   1	[      2]
145   	0     	     13	     condition13	    288.8398	   2144.53	    0.0	    00000000     00000000	   1	[       ]
146   	0     	      2	      condition2	    289.4414	    601.56	    0.0	    00000000     00000000	   1	[       ]
147   	0     	     12	     condition12	    291.1758	   1734.38	    0.0	    00000000     00000000	   1	[       ]
148   	0     	      2	      condition2	    291.7305	    554.69	    0.0	    00000000     00000000	   1	[       ]
149   	0     	      7	  NegSmallBright	    293.2500	   1519.53	    0.0	    00000000     00000000	   1	[      4]
150   	0     	     10	 NeutLargeBright	    295.3320	   2082.03	    0.0	    00000000     00000000	   1	[      7]
151   	0     	     13	     condition13	    297.6680	   2335.94	    0.0	    00000000     00000000	   1	[       ]
152   	0     	      2	      condition2	    298.2188	    550.78	    0.0	    00000000     00000000	   1	[       ]
153   	0     	     11	 NeutSmallBright	    299.8008	   1582.03	    0.0	    00000000     00000000	   1	[      8]
154   	0     	      4	    NegLargeDark	    302.1055	   2304.69	    0.0	    00000000     00000000	   1	[      1]
155   	0     	      8	   NeutLargeDark	    304.5391	   2433.59	    0.0	    00000000     00000000	   1	[      5]
156   	0     	     11	 NeutSmallBright	    306.8516	   2312.50	    0.0	    00000000     00000000	   1	[      8]
157   	0     	      5	    NegSmallDark	    309.0156	   2164.06	    0.0	    00000000     00000000	   1	[      2]
158   	0     	      9	   NeutSmallDark	    311.1289	   2113.28	    0.0	    00000000     00000000	   1	[      6]
159   	0     	      5	    NegSmallDark	    313.4961	   2367.19	    0.0	    00000000     00000000	   1	[      2]
160   	0     	      4	    NegLargeDark	    315.8789	   2382.81	    0.0	    00000000     00000000	   1	[      1]
161   	0     	      8	   NeutLargeDark	    318.1836	   2304.69	    0.0	    00000000     00000000	   1	[      5]
162   	0     	    253	              ""	    320.8125	   2628.91	    0.0	    00000000     00000000	   1	[       ]
163   	0     	      6	  NegLargeBright	    321.8164	   1003.91	    0.0	    00000000     00000000	   1	[      3]
164   	0     	      7	  NegSmallBright	    324.0195	   2203.12	    0.0	    00000000     00000000	   1	[      4]
165   	0     	     12	     condition12	    326.0859	   2066.41	    0.0	    00000000     00000000	   1	[       ]
166   	0     	      2	      condition2	    326.6680	    582.03	    0.0	    00000000     00000000	   1	[       ]
167   	0     	      8	   NeutLargeDark	    328.4102	   1742.19	    0.0	    00000000     00000000	   1	[      5]
168   	0     	      5	    NegSmallDark	    330.6328	   2222.66	    0.0	    00000000     00000000	   1	[      2]
169   	0     	     11	 NeutSmallBright	    333.0664	   2433.59	    0.0	    00000000     00000000	   1	[      8]
170   	0     	      5	    NegSmallDark	    335.5000	   2433.59	    0.0	    00000000     00000000	   1	[      2]
171   	0     	      9	   NeutSmallDark	    337.5547	   2054.69	    0.0	    00000000     00000000	   1	[      6]
172   	0     	      7	  NegSmallBright	    339.6094	   2054.69	    0.0	    00000000     00000000	   1	[      4]
173   	0     	      6	  NegLargeBright	    341.7812	   2171.88	    0.0	    00000000     00000000	   1	[      3]
174   	0     	      4	    NegLargeDark	    344.2656	   2484.38	    0.0	    00000000     00000000	   1	[      1]
175   	0     	      4	    NegLargeDark	    346.4492	   2183.59	    0.0	    00000000     00000000	   1	[      1]
176   	0     	      8	   NeutLargeDark	    348.5625	   2113.28	    0.0	    00000000     00000000	   1	[      5]
177   	0     	      8	   NeutLargeDark	    350.8477	   2285.16	    0.0	    00000000     00000000	   1	[      5]
178   	0     	      8	   NeutLargeDark	    353.3242	   2476.56	    0.0	    00000000     00000000	   1	[      5]
179   	0     	     15	     condition15	    355.6953	   2371.09	    0.0	    00000000     00000000	   1	[       ]
180   	0     	      2	      condition2	    356.3633	    667.97	    0.0	    00000000     00000000	   1	[       ]
181   	0     	      5	    NegSmallDark	    358.1797	   1816.41	    0.0	    00000000     00000000	   1	[      2]
182   	0     	      9	   NeutSmallDark	    360.6562	   2476.56	    0.0	    00000000     00000000	   1	[      6]
183   	0     	      5	    NegSmallDark	    363.0391	   2382.81	    0.0	    00000000     00000000	   1	[      2]
184   	0     	      6	  NegLargeBright	    365.1211	   2082.03	    0.0	    00000000     00000000	   1	[      3]
185   	0     	     11	 NeutSmallBright	    367.4180	   2296.88	    0.0	    00000000     00000000	   1	[      8]
186   	0     	      5	    NegSmallDark	    369.4922	   2074.22	    0.0	    00000000     00000000	   1	[      2]
187   	0     	      7	  NegSmallBright	    371.6953	   2203.12	    0.0	    00000000     00000000	   1	[      4]
188   	0     	      8	   NeutLargeDark	    373.8398	   2144.53	    0.0	    00000000     00000000	   1	[      5]
189   	0     	      6	  NegLargeBright	    376.2031	   2363.28	    0.0	    00000000     00000000	   1	[      3]
190   	0     	     14	     condition14	    378.5977	   2394.53	    0.0	    00000000     00000000	   1	[       ]
191   	0     	      2	      condition2	    379.2578	    660.16	    0.0	    00000000     00000000	   1	[       ]
192   	0     	      7	  NegSmallBright	    380.9609	   1703.12	    0.0	    00000000     00000000	   1	[      4]
193   	0     	      5	    NegSmallDark	    383.4570	   2496.09	    0.0	    00000000     00000000	   1	[      2]
194   	0     	      8	   NeutLargeDark	    385.5977	   2140.62	    0.0	    00000000     00000000	   1	[      5]
195   	0     	      7	  NegSmallBright	    387.7422	   2144.53	    0.0	    00000000     00000000	   1	[      4]
196   	0     	      6	  NegLargeBright	    390.1055	   2363.28	    0.0	    00000000     00000000	   1	[      3]
197   	0     	     13	     condition13	    392.5430	   2437.50	    0.0	    00000000     00000000	   1	[       ]
198   	0     	      2	      condition2	    393.1836	    640.62	    0.0	    00000000     00000000	   1	[       ]
199   	0     	      5	    NegSmallDark	    394.6250	   1441.41	    0.0	    00000000     00000000	   1	[      2]
200   	0     	     11	 NeutSmallBright	    397.0391	   2414.06	    0.0	    00000000     00000000	   1	[      8]
201   	0     	     15	     condition15	    399.4844	   2445.31	    0.0	    00000000     00000000	   1	[       ]
202   	0     	      2	      condition2	    400.1641	    679.69	    0.0	    00000000     00000000	   1	[       ]
203   	0     	      6	  NegLargeBright	    401.9492	   1785.16	    0.0	    00000000     00000000	   1	[      3]
204   	0     	     13	     condition13	    404.1016	   2152.34	    0.0	    00000000     00000000	   1	[       ]
205   	0     	      2	      condition2	    404.7539	    652.34	    0.0	    00000000     00000000	   1	[       ]
206   	0     	      8	   NeutLargeDark	    406.4766	   1722.66	    0.0	    00000000     00000000	   1	[      5]
207   	0     	      6	  NegLargeBright	    408.5508	   2074.22	    0.0	    00000000     00000000	   1	[      3]
208   	0     	      5	    NegSmallDark	    410.8828	   2332.03	    0.0	    00000000     00000000	   1	[      2]
209   	0     	      9	   NeutSmallDark	    413.2695	   2386.72	    0.0	    00000000     00000000	   1	[      6]
210   	0     	     14	     condition14	    415.3008	   2031.25	    0.0	    00000000     00000000	   1	[       ]
211   	0     	      2	      condition2	    415.8789	    578.12	    0.0	    00000000     00000000	   1	[       ]
212   	0     	      7	  NegSmallBright	    417.6055	   1726.56	    0.0	    00000000     00000000	   1	[      4]
213   	0     	      5	    NegSmallDark	    419.8203	   2214.84	    0.0	    00000000     00000000	   1	[      2]
214   	0     	      4	    NegLargeDark	    421.8711	   2050.78	    0.0	    00000000     00000000	   1	[      1]
215   	0     	     11	 NeutSmallBright	    424.3672	   2496.09	    0.0	    00000000     00000000	   1	[      8]
216   	0     	     10	 NeutLargeBright	    426.6211	   2253.91	    0.0	    00000000     00000000	   1	[      7]
217   	0     	     11	 NeutSmallBright	    429.0352	   2414.06	    0.0	    00000000     00000000	   1	[      8]
218   	0     	      4	    NegLargeDark	    431.2500	   2214.84	    0.0	    00000000     00000000	   1	[      1]
219   	0     	     13	     condition13	    433.4023	   2152.34	    0.0	    00000000     00000000	   1	[       ]
220   	0     	      2	      condition2	    433.9805	    578.12	    0.0	    00000000     00000000	   1	[       ]
221   	0     	     12	     condition12	    435.7188	   1738.28	    0.0	    00000000     00000000	   1	[       ]
222   	0     	      2	      condition2	    436.2617	    542.97	    0.0	    00000000     00000000	   1	[       ]
223   	0     	      8	   NeutLargeDark	    437.9414	   1679.69	    0.0	    00000000     00000000	   1	[      5]
224   	0     	     11	 NeutSmallBright	    440.4570	   2515.62	    0.0	    00000000     00000000	   1	[      8]
225   	0     	     10	 NeutLargeBright	    442.6992	   2242.19	    0.0	    00000000     00000000	   1	[      7]
226   	0     	      4	    NegLargeDark	    444.8438	   2144.53	    0.0	    00000000     00000000	   1	[      1]
227   	0     	      5	    NegSmallDark	    447.1680	   2324.22	    0.0	    00000000     00000000	   1	[      2]
228   	0     	      6	  NegLargeBright	    449.3516	   2183.59	    0.0	    00000000     00000000	   1	[      3]
229   	0     	      5	    NegSmallDark	    451.7148	   2363.28	    0.0	    00000000     00000000	   1	[      2]
230   	0     	      9	   NeutSmallDark	    454.1992	   2484.38	    0.0	    00000000     00000000	   1	[      6]
231   	0     	      9	   NeutSmallDark	    456.2930	   2093.75	    0.0	    00000000     00000000	   1	[      6]
232   	0     	      5	    NegSmallDark	    458.3477	   2054.69	    0.0	    00000000     00000000	   1	[      2]
233   	0     	      8	   NeutLargeDark	    460.7227	   2375.00	    0.0	    00000000     00000000	   1	[      5]
234   	0     	      6	  NegLargeBright	    462.7656	   2042.97	    0.0	    00000000     00000000	   1	[      3]
235   	0     	     11	 NeutSmallBright	    465.0195	   2253.91	    0.0	    00000000     00000000	   1	[      8]
236   	0     	      7	  NegSmallBright	    467.1406	   2121.09	    0.0	    00000000     00000000	   1	[      4]
237   	0     	      8	   NeutLargeDark	    469.3672	   2226.56	    0.0	    00000000     00000000	   1	[      5]
238   	0     	      7	  NegSmallBright	    471.8320	   2464.84	    0.0	    00000000     00000000	   1	[      4]
239   	0     	     11	 NeutSmallBright	    474.2656	   2433.59	    0.0	    00000000     00000000	   1	[      8]
240   	0     	     12	     condition12	    476.4883	   2222.66	    0.0	    00000000     00000000	   1	[       ]
241   	0     	      2	      condition2	    477.0312	    542.97	    0.0	    00000000     00000000	   1	[       ]
242   	0     	      6	  NegLargeBright	    478.8125	   1781.25	    0.0	    00000000     00000000	   1	[      3]
243   	0     	    253	              ""	    480.7031	   1890.62	    0.0	    00000000     00000000	   1	[       ]
244   	0     	      7	  NegSmallBright	    481.7031	   1000.00	    0.0	    00000000     00000000	   1	[      4]
245   	0     	      8	   NeutLargeDark	    484.0859	   2382.81	    0.0	    00000000     00000000	   1	[      5]
246   	0     	      6	  NegLargeBright	    486.4688	   2382.81	    0.0	    00000000     00000000	   1	[      3]
247   	0     	     12	     condition12	    488.6133	   2144.53	    0.0	    00000000     00000000	   1	[       ]
248   	0     	      2	      condition2	    489.1797	    566.41	    0.0	    00000000     00000000	   1	[       ]
249   	0     	     12	     condition12	    491.0078	   1828.12	    0.0	    00000000     00000000	   1	[       ]
250   	0     	      2	      condition2	    491.5352	    527.34	    0.0	    00000000     00000000	   1	[       ]
251   	0     	      8	   NeutLargeDark	    493.0898	   1554.69	    0.0	    00000000     00000000	   1	[      5]
252   	0     	     12	     condition12	    495.2344	   2144.53	    0.0	    00000000     00000000	   1	[       ]
253   	0     	      2	      condition2	    495.7773	    542.97	    0.0	    00000000     00000000	   1	[       ]
254   	0     	      6	  NegLargeBright	    497.5000	   1722.66	    0.0	    00000000     00000000	   1	[      3]
255   	0     	      9	   NeutSmallDark	    499.7422	   2242.19	    0.0	    00000000     00000000	   1	[      6]
256   	0     	      6	  NegLargeBright	    501.9453	   2203.12	    0.0	    00000000     00000000	   1	[      3]
257   	0     	      8	   NeutLargeDark	    504.0703	   2125.00	    0.0	    00000000     00000000	   1	[      5]
258   	0     	     11	 NeutSmallBright	    506.4141	   2343.75	    0.0	    00000000     00000000	   1	[      8]
259   	0     	      8	   NeutLargeDark	    508.5586	   2144.53	    0.0	    00000000     00000000	   1	[      5]
260   	0     	      8	   NeutLargeDark	    511.0117	   2453.12	    0.0	    00000000     00000000	   1	[      5]
261   	0     	     10	 NeutLargeBright	    513.0547	   2042.97	    0.0	    00000000     00000000	   1	[      7]
262   	0     	      8	   NeutLargeDark	    515.2500	   2195.31	    0.0	    00000000     00000000	   1	[      5]
263   	0     	      7	  NegSmallBright	    517.7344	   2484.38	    0.0	    00000000     00000000	   1	[      4]
264   	0     	      7	  NegSmallBright	    520.1797	   2445.31	    0.0	    00000000     00000000	   1	[      4]
265   	0     	     11	 NeutSmallBright	    522.4219	   2242.19	    0.0	    00000000     00000000	   1	[      8]
266   	0     	      6	  NegLargeBright	    524.6484	   2226.56	    0.0	    00000000     00000000	   1	[      3]
267   	0     	      8	   NeutLargeDark	    527.0000	   2351.56	    0.0	    00000000     00000000	   1	[      5]
268   	0     	     11	 NeutSmallBright	    529.3555	   2355.47	    0.0	    00000000     00000000	   1	[      8]
269   	0     	     11	 NeutSmallBright	    531.8711	   2515.62	    0.0	    00000000     00000000	   1	[      8]
270   	0     	     10	 NeutLargeBright	    534.1953	   2324.22	    0.0	    00000000     00000000	   1	[      7]
271   	0     	     13	     condition13	    536.5469	   2351.56	    0.0	    00000000     00000000	   1	[       ]
272   	0     	      2	      condition2	    537.1289	    582.03	    0.0	    00000000     00000000	   1	[       ]
273   	0     	      5	    NegSmallDark	    538.8633	   1734.38	    0.0	    00000000     00000000	   1	[      2]
274   	0     	      5	    NegSmallDark	    541.2656	   2402.34	    0.0	    00000000     00000000	   1	[      2]
275   	0     	      5	    NegSmallDark	    543.7422	   2476.56	    0.0	    00000000     00000000	   1	[      2]
276   	0     	      6	  NegLargeBright	    545.8359	   2093.75	    0.0	    00000000     00000000	   1	[      3]
277   	0     	      8	   NeutLargeDark	    548.2773	   2441.41	    0.0	    00000000     00000000	   1	[      5]
278   	0     	      4	    NegLargeDark	    550.5938	   2316.41	    0.0	    00000000     00000000	   1	[      1]
279   	0     	      8	   NeutLargeDark	    552.9961	   2402.34	    0.0	    00000000     00000000	   1	[      5]
280   	0     	      6	  NegLargeBright	    555.0508	   2054.69	    0.0	    00000000     00000000	   1	[      3]
281   	0     	      5	    NegSmallDark	    557.1250	   2074.22	    0.0	    00000000     00000000	   1	[      2]
282   	0     	      9	   NeutSmallDark	    559.6172	   2492.19	    0.0	    00000000     00000000	   1	[      6]
283   	0     	      6	  NegLargeBright	    562.0039	   2386.72	    0.0	    00000000     00000000	   1	[      3]
284   	0     	      9	   NeutSmallDark	    564.3477	   2343.75	    0.0	    00000000     00000000	   1	[      6]
285   	0     	     10	 NeutLargeBright	    566.5586	   2210.94	    0.0	    00000000     00000000	   1	[      7]
286   	0     	      6	  NegLargeBright	    568.6523	   2093.75	    0.0	    00000000     00000000	   1	[      3]
287   	0     	      8	   NeutLargeDark	    571.0000	   2347.66	    0.0	    00000000     00000000	   1	[      5]
288   	0     	     15	     condition15	    573.2930	   2292.97	    0.0	    00000000     00000000	   1	[       ]
289   	0     	      2	      condition2	    573.9609	    667.97	    0.0	    00000000     00000000	   1	[       ]
290   	0     	     15	     condition15	    575.4961	   1535.16	    0.0	    00000000     00000000	   1	[       ]
291   	0     	      2	      condition2	    576.2461	    750.00	    0.0	    00000000     00000000	   1	[       ]
292   	0     	     11	 NeutSmallBright	    577.6992	   1453.12	    0.0	    00000000     00000000	   1	[      8]
293   	0     	      9	   NeutSmallDark	    580.0859	   2386.72	    0.0	    00000000     00000000	   1	[      6]
294   	0     	     10	 NeutLargeBright	    582.1367	   2050.78	    0.0	    00000000     00000000	   1	[      7]
295   	0     	     14	     condition14	    584.2930	   2156.25	    0.0	    00000000     00000000	   1	[       ]
296   	0     	      2	      condition2	    584.9414	    648.44	    0.0	    00000000     00000000	   1	[       ]
297   	0     	      4	    NegLargeDark	    586.5469	   1605.47	    0.0	    00000000     00000000	   1	[      1]
298   	0     	     10	 NeutLargeBright	    588.6602	   2113.28	    0.0	    00000000     00000000	   1	[      7]
299   	0     	      4	    NegLargeDark	    590.7812	   2121.09	    0.0	    00000000     00000000	   1	[      1]
300   	0     	      9	   NeutSmallDark	    593.2383	   2457.03	    0.0	    00000000     00000000	   1	[      6]
301   	0     	      9	   NeutSmallDark	    595.2695	   2031.25	    0.0	    00000000     00000000	   1	[      6]
302   	0     	     10	 NeutLargeBright	    597.5234	   2253.91	    0.0	    00000000     00000000	   1	[      7]
303   	0     	      4	    NegLargeDark	    599.6875	   2164.06	    0.0	    00000000     00000000	   1	[      1]
304   	0     	      9	   NeutSmallDark	    602.1016	   2414.06	    0.0	    00000000     00000000	   1	[      6]
305   	0     	     12	     condition12	    604.3984	   2296.88	    0.0	    00000000     00000000	   1	[       ]
306   	0     	      2	      condition2	    605.0469	    648.44	    0.0	    00000000     00000000	   1	[       ]
307   	0     	      4	    NegLargeDark	    606.7422	   1695.31	    0.0	    00000000     00000000	   1	[      1]
308   	0     	     15	     condition15	    608.8945	   2152.34	    0.0	    00000000     00000000	   1	[       ]
309   	0     	      2	      condition2	    609.6914	    796.88	    0.0	    00000000     00000000	   1	[       ]
310   	0     	      8	   NeutLargeDark	    610.9766	   1285.16	    0.0	    00000000     00000000	   1	[      5]
311   	0     	     11	 NeutSmallBright	    613.1016	   2125.00	    0.0	    00000000     00000000	   1	[      8]
312   	0     	      5	    NegSmallDark	    615.4453	   2343.75	    0.0	    00000000     00000000	   1	[      2]
313   	0     	      9	   NeutSmallDark	    617.8398	   2394.53	    0.0	    00000000     00000000	   1	[      6]
314   	0     	      4	    NegLargeDark	    620.0664	   2226.56	    0.0	    00000000     00000000	   1	[      1]
315   	0     	      7	  NegSmallBright	    622.5586	   2492.19	    0.0	    00000000     00000000	   1	[      4]
316   	0     	      8	   NeutLargeDark	    624.7109	   2152.34	    0.0	    00000000     00000000	   1	[      5]
317   	0     	      5	    NegSmallDark	    626.8672	   2156.25	    0.0	    00000000     00000000	   1	[      2]
318   	0     	     13	     condition13	    629.2891	   2421.88	    0.0	    00000000     00000000	   1	[       ]
319   	0     	      2	      condition2	    629.8008	    511.72	    0.0	    00000000     00000000	   1	[       ]
320   	0     	      9	   NeutSmallDark	    631.4062	   1605.47	    0.0	    00000000     00000000	   1	[      6]
321   	0     	      9	   NeutSmallDark	    633.7891	   2382.81	    0.0	    00000000     00000000	   1	[      6]
322   	0     	     13	     condition13	    636.2539	   2464.84	    0.0	    00000000     00000000	   1	[       ]
323   	0     	      2	      condition2	    636.9062	    652.34	    0.0	    00000000     00000000	   1	[       ]
324   	0     	     15	     condition15	    638.3750	   1468.75	    0.0	    00000000     00000000	   1	[       ]
325   	0     	      2	      condition2	    639.1445	    769.53	    0.0	    00000000     00000000	   1	[       ]
326   	0     	      4	    NegLargeDark	    641.5820	   2437.50	    0.0	    00000000     00000000	   1	[      1]
327   	0     	      7	  NegSmallBright	    643.7148	   2132.81	    0.0	    00000000     00000000	   1	[      4]
328   	0     	     10	 NeutLargeBright	    646.0391	   2324.22	    0.0	    00000000     00000000	   1	[      7]
329   	0     	     11	 NeutSmallBright	    648.1445	   2105.47	    0.0	    00000000     00000000	   1	[      8]
330   	0     	      4	    NegLargeDark	    650.2188	   2074.22	    0.0	    00000000     00000000	   1	[      1]
331   	0     	     10	 NeutLargeBright	    652.5117	   2292.97	    0.0	    00000000     00000000	   1	[      7]
332   	0     	      8	   NeutLargeDark	    655.0273	   2515.62	    0.0	    00000000     00000000	   1	[      5]
333   	0     	      6	  NegLargeBright	    657.3281	   2300.78	    0.0	    00000000     00000000	   1	[      3]
334   	0     	     11	 NeutSmallBright	    659.6641	   2335.94	    0.0	    00000000     00000000	   1	[      8]
335   	0     	     11	 NeutSmallBright	    661.7773	   2113.28	    0.0	    00000000     00000000	   1	[      8]
336   	0     	     11	 NeutSmallBright	    663.9219	   2144.53	    0.0	    00000000     00000000	   1	[      8]
337   	0     	      4	    NegLargeDark	    666.0938	   2171.88	    0.0	    00000000     00000000	   1	[      1]
338   	0     	     10	 NeutLargeBright	    668.2773	   2183.59	    0.0	    00000000     00000000	   1	[      7]
339   	0     	      8	   NeutLargeDark	    670.5820	   2304.69	    0.0	    00000000     00000000	   1	[      5]
340   	0     	      6	  NegLargeBright	    672.6758	   2093.75	    0.0	    00000000     00000000	   1	[      3]
341   	0     	      6	  NegLargeBright	    675.1211	   2445.31	    0.0	    00000000     00000000	   1	[      3]
342   	0     	      7	  NegSmallBright	    677.5742	   2453.12	    0.0	    00000000     00000000	   1	[      4]
343   	0     	      5	    NegSmallDark	    679.5977	   2023.44	    0.0	    00000000     00000000	   1	[      2]
344   	0     	      6	  NegLargeBright	    681.9648	   2367.19	    0.0	    00000000     00000000	   1	[      3]
345   	0     	      5	    NegSmallDark	    684.3789	   2414.06	    0.0	    00000000     00000000	   1	[      2]
346   	0     	      7	  NegSmallBright	    686.7109	   2332.03	    0.0	    00000000     00000000	   1	[      4]
347   	0     	      9	   NeutSmallDark	    689.0039	   2292.97	    0.0	    00000000     00000000	   1	[      6]
348   	0     	     10	 NeutLargeBright	    691.2109	   2207.03	    0.0	    00000000     00000000	   1	[      7]
349   	0     	     11	 NeutSmallBright	    693.5117	   2300.78	    0.0	    00000000     00000000	   1	[      8]
350   	0     	      4	    NegLargeDark	    695.8594	   2347.66	    0.0	    00000000     00000000	   1	[      1]
351   	0     	     14	     condition14	    698.0430	   2183.59	    0.0	    00000000     00000000	   1	[       ]
352   	0     	      2	      condition2	    698.6523	    609.38	    0.0	    00000000     00000000	   1	[       ]
353   	0     	      6	  NegLargeBright	    700.2070	   1554.69	    0.0	    00000000     00000000	   1	[      3]
354   	0     	      6	  NegLargeBright	    702.3789	   2171.88	    0.0	    00000000     00000000	   1	[      3]
355   	0     	      9	   NeutSmallDark	    704.6328	   2253.91	    0.0	    00000000     00000000	   1	[      6]
356   	0     	      6	  NegLargeBright	    707.0078	   2375.00	    0.0	    00000000     00000000	   1	[      3]
357   	0     	      9	   NeutSmallDark	    709.4219	   2414.06	    0.0	    00000000     00000000	   1	[      6]
358   	0     	     10	 NeutLargeBright	    711.5664	   2144.53	    0.0	    00000000     00000000	   1	[      7]
359   	0     	      8	   NeutLargeDark	    714.0977	   2531.25	    0.0	    00000000     00000000	   1	[      5]
360   	0     	      9	   NeutSmallDark	    716.2227	   2125.00	    0.0	    00000000     00000000	   1	[      6]
361   	0     	      5	    NegSmallDark	    718.7383	   2515.62	    0.0	    00000000     00000000	   1	[      2]
362   	0     	      6	  NegLargeBright	    721.0820	   2343.75	    0.0	    00000000     00000000	   1	[      3]
363   	0     	      5	    NegSmallDark	    723.4766	   2394.53	    0.0	    00000000     00000000	   1	[      2]
364   	0     	     10	 NeutLargeBright	    725.9688	   2492.19	    0.0	    00000000     00000000	   1	[      7]
365   	0     	     10	 NeutLargeBright	    728.0859	   2117.19	    0.0	    00000000     00000000	   1	[      7]
366   	0     	      9	   NeutSmallDark	    730.3164	   2230.47	    0.0	    00000000     00000000	   1	[      6]
367   	0     	     10	 NeutLargeBright	    732.6211	   2304.69	    0.0	    00000000     00000000	   1	[      7]
368   	0     	     10	 NeutLargeBright	    734.9453	   2324.22	    0.0	    00000000     00000000	   1	[      7]
369   	0     	      6	  NegLargeBright	    737.2109	   2265.62	    0.0	    00000000     00000000	   1	[      3]
370   	0     	     10	 NeutLargeBright	    739.6250	   2414.06	    0.0	    00000000     00000000	   1	[      7]
371   	0     	      8	   NeutLargeDark	    741.7070	   2082.03	    0.0	    00000000     00000000	   1	[      5]
372   	0     	      5	    NegSmallDark	    744.0117	   2304.69	    0.0	    00000000     00000000	   1	[      2]
373   	0     	      6	  NegLargeBright	    746.2344	   2222.66	    0.0	    00000000     00000000	   1	[      3]
374   	0     	      7	  NegSmallBright	    748.3008	   2066.41	    0.0	    00000000     00000000	   1	[      4]
375   	0     	      6	  NegLargeBright	    750.5625	   2261.72	    0.0	    00000000     00000000	   1	[      3]
376   	0     	     10	 NeutLargeBright	    752.9062	   2343.75	    0.0	    00000000     00000000	   1	[      7]
377   	0     	      8	   NeutLargeDark	    755.3633	   2457.03	    0.0	    00000000     00000000	   1	[      5]
378   	0     	      8	   NeutLargeDark	    757.8477	   2484.38	    0.0	    00000000     00000000	   1	[      5]
379   	0     	      4	    NegLargeDark	    760.2305	   2382.81	    0.0	    00000000     00000000	   1	[      1]
380   	0     	      6	  NegLargeBright	    762.4453	   2214.84	    0.0	    00000000     00000000	   1	[      3]
381   	0     	      9	   NeutSmallDark	    764.5469	   2101.56	    0.0	    00000000     00000000	   1	[      6]
382   	0     	      7	  NegSmallBright	    766.7734	   2226.56	    0.0	    00000000     00000000	   1	[      4]
383   	0     	      9	   NeutSmallDark	    769.0859	   2312.50	    0.0	    00000000     00000000	   1	[      6]
384   	0     	     15	     condition15	    771.3984	   2312.50	    0.0	    00000000     00000000	   1	[       ]
385   	0     	      2	      condition2	    772.1641	    765.62	    0.0	    00000000     00000000	   1	[       ]
386   	0     	     10	 NeutLargeBright	    773.5742	   1410.16	    0.0	    00000000     00000000	   1	[      7]
387   	0     	      6	  NegLargeBright	    775.8984	   2324.22	    0.0	    00000000     00000000	   1	[      3]
388   	0     	      6	  NegLargeBright	    777.9609	   2062.50	    0.0	    00000000     00000000	   1	[      3]
389   	0     	      8	   NeutLargeDark	    780.2266	   2265.62	    0.0	    00000000     00000000	   1	[      5]
390   	0     	     11	 NeutSmallBright	    782.5898	   2363.28	    0.0	    00000000     00000000	   1	[      8]
391   	0     	     10	 NeutLargeBright	    785.0625	   2472.66	    0.0	    00000000     00000000	   1	[      7]
392   	0     	      9	   NeutSmallDark	    787.3398	   2277.34	    0.0	    00000000     00000000	   1	[      6]
393   	0     	     14	     condition14	    789.3906	   2050.78	    0.0	    00000000     00000000	   1	[       ]
394   	0     	      2	      condition2	    790.0547	    664.06	    0.0	    00000000     00000000	   1	[       ]
395   	0     	      4	    NegLargeDark	    791.5352	   1480.47	    0.0	    00000000     00000000	   1	[      1]
396   	0     	     10	 NeutLargeBright	    794.0391	   2503.91	    0.0	    00000000     00000000	   1	[      7]
397   	0     	      5	    NegSmallDark	    796.3438	   2304.69	    0.0	    00000000     00000000	   1	[      2]
398   	0     	      4	    NegLargeDark	    798.3984	   2054.69	    0.0	    00000000     00000000	   1	[      1]
399   	0     	    253	              ""	    800.6719	   2273.44	    0.0	    00000000     00000000	   1	[       ]
400   	0     	     15	     condition15	    801.6641	    992.19	    0.0	    00000000     00000000	   1	[       ]
401   	0     	      2	      condition2	    802.2695	    605.47	    0.0	    00000000     00000000	   1	[       ]
402   	0     	      9	   NeutSmallDark	    804.1484	   1878.91	    0.0	    00000000     00000000	   1	[      6]
403   	0     	     11	 NeutSmallBright	    806.5430	   2394.53	    0.0	    00000000     00000000	   1	[      8]
404   	0     	     15	     condition15	    808.9844	   2441.41	    0.0	    00000000     00000000	   1	[       ]
405   	0     	      2	      condition2	    809.5977	    613.28	    0.0	    00000000     00000000	   1	[       ]
406   	0     	     10	 NeutLargeBright	    811.3398	   1742.19	    0.0	    00000000     00000000	   1	[      7]
407   	0     	     10	 NeutLargeBright	    813.6133	   2273.44	    0.0	    00000000     00000000	   1	[      7]
408   	0     	      7	  NegSmallBright	    816.0195	   2406.25	    0.0	    00000000     00000000	   1	[      4]
409   	0     	      7	  NegSmallBright	    818.5312	   2511.72	    0.0	    00000000     00000000	   1	[      4]
410   	0     	     11	 NeutSmallBright	    820.8477	   2316.41	    0.0	    00000000     00000000	   1	[      8]
411   	0     	      8	   NeutLargeDark	    823.0898	   2242.19	    0.0	    00000000     00000000	   1	[      5]
412   	0     	     12	     condition12	    825.4141	   2324.22	    0.0	    00000000     00000000	   1	[       ]
413   	0     	      2	      condition2	    826.1406	    726.56	    0.0	    00000000     00000000	   1	[       ]
414   	0     	      7	  NegSmallBright	    827.6094	   1468.75	    0.0	    00000000     00000000	   1	[      4]
415   	0     	      6	  NegLargeBright	    829.9805	   2371.09	    0.0	    00000000     00000000	   1	[      3]
416   	0     	      8	   NeutLargeDark	    832.4375	   2457.03	    0.0	    00000000     00000000	   1	[      5]
417   	0     	      4	    NegLargeDark	    834.5703	   2132.81	    0.0	    00000000     00000000	   1	[      1]
418   	0     	     10	 NeutLargeBright	    836.6641	   2093.75	    0.0	    00000000     00000000	   1	[      7]
419   	0     	      6	  NegLargeBright	    838.9883	   2324.22	    0.0	    00000000     00000000	   1	[      3]
420   	0     	     11	 NeutSmallBright	    841.1602	   2171.88	    0.0	    00000000     00000000	   1	[      8]
421   	0     	     10	 NeutLargeBright	    843.5469	   2386.72	    0.0	    00000000     00000000	   1	[      7]
422   	0     	      8	   NeutLargeDark	    845.9609	   2414.06	    0.0	    00000000     00000000	   1	[      5]
423   	0     	     10	 NeutLargeBright	    848.1328	   2171.88	    0.0	    00000000     00000000	   1	[      7]
424   	0     	     10	 NeutLargeBright	    850.4883	   2355.47	    0.0	    00000000     00000000	   1	[      7]
425   	0     	      4	    NegLargeDark	    852.8633	   2375.00	    0.0	    00000000     00000000	   1	[      1]
426   	0     	      7	  NegSmallBright	    854.9648	   2101.56	    0.0	    00000000     00000000	   1	[      4]
427   	0     	      5	    NegSmallDark	    857.1914	   2226.56	    0.0	    00000000     00000000	   1	[      2]
428   	0     	      4	    NegLargeDark	    859.6133	   2421.88	    0.0	    00000000     00000000	   1	[      1]
429   	0     	     13	     condition13	    861.8281	   2214.84	    0.0	    00000000     00000000	   1	[       ]
430   	0     	      2	      condition2	    862.5000	    671.88	    0.0	    00000000     00000000	   1	[       ]
431   	0     	      4	    NegLargeDark	    864.1328	   1632.81	    0.0	    00000000     00000000	   1	[      1]
432   	0     	      4	    NegLargeDark	    866.6680	   2535.16	    0.0	    00000000     00000000	   1	[      1]
433   	0     	      9	   NeutSmallDark	    868.7188	   2050.78	    0.0	    00000000     00000000	   1	[      6]
434   	0     	      9	   NeutSmallDark	    870.8047	   2085.94	    0.0	    00000000     00000000	   1	[      6]
435   	0     	      4	    NegLargeDark	    873.3203	   2515.62	    0.0	    00000000     00000000	   1	[      1]
436   	0     	      7	  NegSmallBright	    875.4531	   2132.81	    0.0	    00000000     00000000	   1	[      4]
437   	0     	     10	 NeutLargeBright	    877.5664	   2113.28	    0.0	    00000000     00000000	   1	[      7]
438   	0     	     14	     condition14	    879.7812	   2214.84	    0.0	    00000000     00000000	   1	[       ]
439   	0     	      2	      condition2	    880.3398	    558.59	    0.0	    00000000     00000000	   1	[       ]
440   	0     	      9	   NeutSmallDark	    881.8438	   1503.91	    0.0	    00000000     00000000	   1	[      6]
441   	0     	     10	 NeutLargeBright	    884.2070	   2363.28	    0.0	    00000000     00000000	   1	[      7]
442   	0     	     11	 NeutSmallBright	    886.6602	   2453.12	    0.0	    00000000     00000000	   1	[      8]
443   	0     	      7	  NegSmallBright	    888.8672	   2207.03	    0.0	    00000000     00000000	   1	[      4]
444   	0     	      6	  NegLargeBright	    891.3594	   2492.19	    0.0	    00000000     00000000	   1	[      3]
445   	0     	      4	    NegLargeDark	    893.7148	   2355.47	    0.0	    00000000     00000000	   1	[      1]
446   	0     	     10	 NeutLargeBright	    896.0586	   2343.75	    0.0	    00000000     00000000	   1	[      7]
447   	0     	     14	     condition14	    898.3828	   2324.22	    0.0	    00000000     00000000	   1	[       ]
448   	0     	      2	      condition2	    898.9062	    523.44	    0.0	    00000000     00000000	   1	[       ]
449   	0     	     14	     condition14	    900.5859	   1679.69	    0.0	    00000000     00000000	   1	[       ]
450   	0     	      2	      condition2	    901.2539	    667.97	    0.0	    00000000     00000000	   1	[       ]
451   	0     	     10	 NeutLargeBright	    902.6602	   1406.25	    0.0	    00000000     00000000	   1	[      7]
452   	0     	     13	     condition13	    904.8438	   2183.59	    0.0	    00000000     00000000	   1	[       ]
453   	0     	      2	      condition2	    905.3711	    527.34	    0.0	    00000000     00000000	   1	[       ]
454   	0     	     11	 NeutSmallBright	    907.2695	   1898.44	    0.0	    00000000     00000000	   1	[      8]
455   	0     	      6	  NegLargeBright	    909.6406	   2371.09	    0.0	    00000000     00000000	   1	[      3]
456   	0     	      8	   NeutLargeDark	    911.6875	   2046.88	    0.0	    00000000     00000000	   1	[      5]
457   	0     	     11	 NeutSmallBright	    914.0508	   2363.28	    0.0	    00000000     00000000	   1	[      8]
458   	0     	      9	   NeutSmallDark	    916.4531	   2402.34	    0.0	    00000000     00000000	   1	[      6]
459   	0     	      9	   NeutSmallDark	    918.9102	   2457.03	    0.0	    00000000     00000000	   1	[      6]
460   	0     	      9	   NeutSmallDark	    921.4023	   2492.19	    0.0	    00000000     00000000	   1	[      6]
461   	0     	      6	  NegLargeBright	    923.7969	   2394.53	    0.0	    00000000     00000000	   1	[      3]
462   	0     	      5	    NegSmallDark	    925.9609	   2164.06	    0.0	    00000000     00000000	   1	[      2]
463   	0     	      7	  NegSmallBright	    928.0742	   2113.28	    0.0	    00000000     00000000	   1	[      4]
464   	0     	      6	  NegLargeBright	    930.2305	   2156.25	    0.0	    00000000     00000000	   1	[      3]
465   	0     	      9	   NeutSmallDark	    932.5508	   2320.31	    0.0	    00000000     00000000	   1	[      6]
466   	0     	     11	 NeutSmallBright	    934.6562	   2105.47	    0.0	    00000000     00000000	   1	[      8]
467   	0     	      8	   NeutLargeDark	    937.0117	   2355.47	    0.0	    00000000     00000000	   1	[      5]
468   	0     	      5	    NegSmallDark	    939.2344	   2222.66	    0.0	    00000000     00000000	   1	[      2]
469   	0     	      5	    NegSmallDark	    941.4883	   2253.91	    0.0	    00000000     00000000	   1	[      2]
470   	0     	      5	    NegSmallDark	    943.7227	   2234.38	    0.0	    00000000     00000000	   1	[      2]
471   	0     	      7	  NegSmallBright	    945.9844	   2261.72	    0.0	    00000000     00000000	   1	[      4]
472   	0     	      6	  NegLargeBright	    948.3789	   2394.53	    0.0	    00000000     00000000	   1	[      3]
473   	0     	      4	    NegLargeDark	    950.7227	   2343.75	    0.0	    00000000     00000000	   1	[      1]
474   	0     	     11	 NeutSmallBright	    953.1406	   2417.97	    0.0	    00000000     00000000	   1	[      8]
475   	0     	     11	 NeutSmallBright	    955.3125	   2171.88	    0.0	    00000000     00000000	   1	[      8]
476   	0     	     14	     condition14	    957.5078	   2195.31	    0.0	    00000000     00000000	   1	[       ]
477   	0     	      2	      condition2	    958.1758	    667.97	    0.0	    00000000     00000000	   1	[       ]
478   	0     	      7	  NegSmallBright	    959.5391	   1363.28	    0.0	    00000000     00000000	   1	[      4]
479   	0     	      6	  NegLargeBright	    962.3008	   2761.72	    0.0	    00000000     00000000	   1	[      3]
480   	0     	      8	   NeutLargeDark	    964.4648	   2164.06	    0.0	    00000000     00000000	   1	[      5]
481   	0     	      6	  NegLargeBright	    966.7578	   2292.97	    0.0	    00000000     00000000	   1	[      3]
482   	0     	      9	   NeutSmallDark	    968.8320	   2074.22	    0.0	    00000000     00000000	   1	[      6]
483   	0     	     11	 NeutSmallBright	    970.9570	   2125.00	    0.0	    00000000     00000000	   1	[      8]
484   	0     	     11	 NeutSmallBright	    973.3008	   2343.75	    0.0	    00000000     00000000	   1	[      8]
485   	0     	     13	     condition13	    975.4453	   2144.53	    0.0	    00000000     00000000	   1	[       ]
486   	0     	      2	      condition2	    976.2773	    832.03	    0.0	    00000000     00000000	   1	[       ]
487   	0     	      4	    NegLargeDark	    977.8203	   1542.97	    0.0	    00000000     00000000	   1	[      1]
488   	0     	     10	 NeutLargeBright	    980.2148	   2394.53	    0.0	    00000000     00000000	   1	[      7]
489   	0     	     15	     condition15	    982.5859	   2371.09	    0.0	    00000000     00000000	   1	[       ]
490   	0     	      2	      condition2	    983.1992	    613.28	    0.0	    00000000     00000000	   1	[       ]
491   	0     	      5	    NegSmallDark	    985.0000	   1800.78	    0.0	    00000000     00000000	   1	[      2]
492   	0     	     10	 NeutLargeBright	    987.2773	   2277.34	    0.0	    00000000     00000000	   1	[      7]
493   	0     	     15	     condition15	    989.6992	   2421.88	    0.0	    00000000     00000000	   1	[       ]
494   	0     	      2	      condition2	    990.3164	    617.19	    0.0	    00000000     00000000	   1	[       ]
495   	0     	      5	    NegSmallDark	    991.8633	   1546.88	    0.0	    00000000     00000000	   1	[      2]
496   	0     	      8	   NeutLargeDark	    994.2266	   2363.28	    0.0	    00000000     00000000	   1	[      5]
497   	0     	     10	 NeutLargeBright	    996.7422	   2515.62	    0.0	    00000000     00000000	   1	[      7]
498   	0     	     11	 NeutSmallBright	    998.8945	   2152.34	    0.0	    00000000     00000000	   1	[      8]
499   	0     	      4	    NegLargeDark	   1001.0703	   2175.78	    0.0	    00000000     00000000	   1	[      1]
500   	0     	      4	    NegLargeDark	   1003.4961	   2425.78	    0.0	    00000000     00000000	   1	[      1]
501   	0     	      8	   NeutLargeDark	   1005.6680	   2171.88	    0.0	    00000000     00000000	   1	[      5]
502   	0     	      5	    NegSmallDark	   1007.9102	   2242.19	    0.0	    00000000     00000000	   1	[      2]
503   	0     	      6	  NegLargeBright	   1010.3555	   2445.31	    0.0	    00000000     00000000	   1	[      3]
504   	0     	      5	    NegSmallDark	   1012.4180	   2062.50	    0.0	    00000000     00000000	   1	[      2]
505   	0     	      4	    NegLargeDark	   1014.4922	   2074.22	    0.0	    00000000     00000000	   1	[      1]
506   	0     	     15	     condition15	   1016.8789	   2386.72	    0.0	    00000000     00000000	   1	[       ]
507   	0     	      2	      condition2	   1018.0117	   1132.81	    0.0	    00000000     00000000	   1	[       ]
508   	0     	      6	  NegLargeBright	   1019.1211	   1109.38	    0.0	    00000000     00000000	   1	[      3]
509   	0     	     15	     condition15	   1021.2539	   2132.81	    0.0	    00000000     00000000	   1	[       ]
510   	0     	      2	      condition2	   1021.8008	    546.88	    0.0	    00000000     00000000	   1	[       ]
511   	0     	      7	  NegSmallBright	   1023.6797	   1878.91	    0.0	    00000000     00000000	   1	[      4]
512   	0     	     14	     condition14	   1025.7617	   2082.03	    0.0	    00000000     00000000	   1	[       ]
513   	0     	      2	      condition2	   1026.3672	    605.47	    0.0	    00000000     00000000	   1	[       ]
514   	0     	      4	    NegLargeDark	   1028.0156	   1648.44	    0.0	    00000000     00000000	   1	[      1]
515   	0     	     14	     condition14	   1030.5234	   2507.81	    0.0	    00000000     00000000	   1	[       ]
516   	0     	      2	      condition2	   1031.1133	    589.84	    0.0	    00000000     00000000	   1	[       ]
517   	0     	     13	     condition13	   1032.7461	   1632.81	    0.0	    00000000     00000000	   1	[       ]
518   	0     	      2	      condition2	   1033.3086	    562.50	    0.0	    00000000     00000000	   1	[       ]
519   	0     	      8	   NeutLargeDark	   1034.9688	   1660.16	    0.0	    00000000     00000000	   1	[      5]
520   	0     	     11	 NeutSmallBright	   1037.1719	   2203.12	    0.0	    00000000     00000000	   1	[      8]
521   	0     	      7	  NegSmallBright	   1039.6758	   2503.91	    0.0	    00000000     00000000	   1	[      4]
522   	0     	     10	 NeutLargeBright	   1042.1602	   2484.38	    0.0	    00000000     00000000	   1	[      7]
523   	0     	      5	    NegSmallDark	   1044.2656	   2105.47	    0.0	    00000000     00000000	   1	[      2]
524   	0     	      6	  NegLargeBright	   1046.4883	   2222.66	    0.0	    00000000     00000000	   1	[      3]
525   	0     	      7	  NegSmallBright	   1048.9258	   2437.50	    0.0	    00000000     00000000	   1	[      4]
526   	0     	     13	     condition13	   1051.1875	   2261.72	    0.0	    00000000     00000000	   1	[       ]
527   	0     	      2	      condition2	   1051.8320	    644.53	    0.0	    00000000     00000000	   1	[       ]
528   	0     	     11	 NeutSmallBright	   1053.2500	   1417.97	    0.0	    00000000     00000000	   1	[      8]
529   	0     	     15	     condition15	   1055.4766	   2226.56	    0.0	    00000000     00000000	   1	[       ]
530   	0     	      2	      condition2	   1056.1758	    699.22	    0.0	    00000000     00000000	   1	[       ]
531   	0     	      9	   NeutSmallDark	   1057.6797	   1503.91	    0.0	    00000000     00000000	   1	[      6]
532   	0     	      9	   NeutSmallDark	   1059.9922	   2312.50	    0.0	    00000000     00000000	   1	[      6]
533   	0     	      7	  NegSmallBright	   1062.3984	   2406.25	    0.0	    00000000     00000000	   1	[      4]
534   	0     	     10	 NeutLargeBright	   1064.7109	   2312.50	    0.0	    00000000     00000000	   1	[      7]
535   	0     	     12	     condition12	   1066.8555	   2144.53	    0.0	    00000000     00000000	   1	[       ]
536   	0     	      2	      condition2	   1067.4922	    636.72	    0.0	    00000000     00000000	   1	[       ]
537   	0     	      8	   NeutLargeDark	   1069.0312	   1539.06	    0.0	    00000000     00000000	   1	[      5]
538   	0     	      8	   NeutLargeDark	   1071.2031	   2171.88	    0.0	    00000000     00000000	   1	[      5]
539   	0     	      4	    NegLargeDark	   1073.3477	   2144.53	    0.0	    00000000     00000000	   1	[      1]
540   	0     	     13	     condition13	   1075.7500	   2402.34	    0.0	    00000000     00000000	   1	[       ]
541   	0     	      2	      condition2	   1076.3828	    632.81	    0.0	    00000000     00000000	   1	[       ]
542   	0     	      7	  NegSmallBright	   1077.8164	   1433.59	    0.0	    00000000     00000000	   1	[      4]
543   	0     	     11	 NeutSmallBright	   1080.0977	   2281.25	    0.0	    00000000     00000000	   1	[      8]
544   	0     	      4	    NegLargeDark	   1082.4922	   2394.53	    0.0	    00000000     00000000	   1	[      1]
545   	0     	     10	 NeutLargeBright	   1084.7188	   2226.56	    0.0	    00000000     00000000	   1	[      7]
546   	0     	      7	  NegSmallBright	   1086.7617	   2042.97	    0.0	    00000000     00000000	   1	[      4]
547   	0     	      9	   NeutSmallDark	   1089.0547	   2292.97	    0.0	    00000000     00000000	   1	[      6]
548   	0     	     14	     condition14	   1091.4180	   2363.28	    0.0	    00000000     00000000	   1	[       ]
549   	0     	      2	      condition2	   1091.9844	    566.41	    0.0	    00000000     00000000	   1	[       ]
550   	0     	     10	 NeutLargeBright	   1093.6719	   1687.50	    0.0	    00000000     00000000	   1	[      7]
551   	0     	     10	 NeutLargeBright	   1095.7773	   2105.47	    0.0	    00000000     00000000	   1	[      7]
552   	0     	     14	     condition14	   1097.8984	   2121.09	    0.0	    00000000     00000000	   1	[       ]
553   	0     	      2	      condition2	   1098.4805	    582.03	    0.0	    00000000     00000000	   1	[       ]
554   	0     	     10	 NeutLargeBright	   1100.4258	   1945.31	    0.0	    00000000     00000000	   1	[      7]
555   	0     	     10	 NeutLargeBright	   1102.4883	   2062.50	    0.0	    00000000     00000000	   1	[      7]
556   	0     	     10	 NeutLargeBright	   1104.5820	   2093.75	    0.0	    00000000     00000000	   1	[      7]
557   	0     	      5	    NegSmallDark	   1106.7461	   2164.06	    0.0	    00000000     00000000	   1	[      2]
558   	0     	      5	    NegSmallDark	   1108.8984	   2152.34	    0.0	    00000000     00000000	   1	[      2]
559   	0     	      5	    NegSmallDark	   1111.4023	   2503.91	    0.0	    00000000     00000000	   1	[      2]
560   	0     	     12	     condition12	   1113.5469	   2144.53	    0.0	    00000000     00000000	   1	[       ]
561   	0     	      2	      condition2	   1114.1445	    597.66	    0.0	    00000000     00000000	   1	[       ]
562   	0     	     15	     condition15	   1115.6094	   1464.84	    0.0	    00000000     00000000	   1	[       ]
563   	0     	      2	      condition2	   1116.3438	    734.38	    0.0	    00000000     00000000	   1	[       ]
564   	0     	      5	    NegSmallDark	   1117.7266	   1382.81	    0.0	    00000000     00000000	   1	[      2]
565   	0     	    253	              ""	   1119.4531	   1726.56	    0.0	    00000000     00000000	   1	[       ]
566   	0     	     10	 NeutLargeBright	   1120.4609	   1007.81	    0.0	    00000000     00000000	   1	[      7]
567   	0     	     10	 NeutLargeBright	   1122.5156	   2054.69	    0.0	    00000000     00000000	   1	[      7]
568   	0     	     11	 NeutSmallBright	   1124.7188	   2203.12	    0.0	    00000000     00000000	   1	[      8]
569   	0     	      4	    NegLargeDark	   1127.0742	   2355.47	    0.0	    00000000     00000000	   1	[      1]
570   	0     	      8	   NeutLargeDark	   1129.1250	   2050.78	    0.0	    00000000     00000000	   1	[      5]
571   	0     	     10	 NeutLargeBright	   1131.6328	   2507.81	    0.0	    00000000     00000000	   1	[      7]
572   	0     	      5	    NegSmallDark	   1133.9336	   2300.78	    0.0	    00000000     00000000	   1	[      2]
573   	0     	      7	  NegSmallBright	   1136.3711	   2437.50	    0.0	    00000000     00000000	   1	[      4]
574   	0     	      9	   NeutSmallDark	   1138.5430	   2171.88	    0.0	    00000000     00000000	   1	[      6]
575   	0     	      9	   NeutSmallDark	   1140.7852	   2242.19	    0.0	    00000000     00000000	   1	[      6]
576   	0     	     11	 NeutSmallBright	   1143.0312	   2246.09	    0.0	    00000000     00000000	   1	[      8]
577   	0     	      4	    NegLargeDark	   1145.4453	   2414.06	    0.0	    00000000     00000000	   1	[      1]
578   	0     	     10	 NeutLargeBright	   1147.9609	   2515.62	    0.0	    00000000     00000000	   1	[      7]
579   	0     	     13	     condition13	   1150.0117	   2050.78	    0.0	    00000000     00000000	   1	[       ]
580   	0     	      2	      condition2	   1150.5234	    511.72	    0.0	    00000000     00000000	   1	[       ]
581   	0     	     11	 NeutSmallBright	   1152.2188	   1695.31	    0.0	    00000000     00000000	   1	[      8]
582   	0     	      9	   NeutSmallDark	   1154.3398	   2121.09	    0.0	    00000000     00000000	   1	[      6]
583   	0     	      4	    NegLargeDark	   1156.5352	   2195.31	    0.0	    00000000     00000000	   1	[      1]
584   	0     	      5	    NegSmallDark	   1158.7773	   2242.19	    0.0	    00000000     00000000	   1	[      2]
585   	0     	     11	 NeutSmallBright	   1161.3047	   2527.34	    0.0	    00000000     00000000	   1	[      8]
586   	0     	      4	    NegLargeDark	   1163.8281	   2523.44	    0.0	    00000000     00000000	   1	[      1]
587   	0     	      7	  NegSmallBright	   1166.0117	   2183.59	    0.0	    00000000     00000000	   1	[      4]
588   	0     	      5	    NegSmallDark	   1168.2070	   2195.31	    0.0	    00000000     00000000	   1	[      2]
589   	0     	     10	 NeutLargeBright	   1170.6602	   2453.12	    0.0	    00000000     00000000	   1	[      7]
590   	0     	     11	 NeutSmallBright	   1172.7227	   2062.50	    0.0	    00000000     00000000	   1	[      8]
591   	0     	     10	 NeutLargeBright	   1175.0156	   2292.97	    0.0	    00000000     00000000	   1	[      7]
592   	0     	      6	  NegLargeBright	   1177.3711	   2355.47	    0.0	    00000000     00000000	   1	[      3]
593   	0     	     11	 NeutSmallBright	   1179.4062	   2035.16	    0.0	    00000000     00000000	   1	[      8]
594   	0     	      8	   NeutLargeDark	   1181.4766	   2070.31	    0.0	    00000000     00000000	   1	[      5]
595   	0     	     12	     condition12	   1183.6641	   2187.50	    0.0	    00000000     00000000	   1	[       ]
596   	0     	      2	      condition2	   1184.1875	    523.44	    0.0	    00000000     00000000	   1	[       ]
597   	0     	      5	    NegSmallDark	   1185.7852	   1597.66	    0.0	    00000000     00000000	   1	[      2]
598   	0     	     12	     condition12	   1188.0586	   2273.44	    0.0	    00000000     00000000	   1	[       ]
599   	0     	      2	      condition2	   1188.5234	    464.84	    0.0	    00000000     00000000	   1	[       ]
600   	0     	      4	    NegLargeDark	   1190.4258	   1902.34	    0.0	    00000000     00000000	   1	[      1]
601   	0     	      4	    NegLargeDark	   1192.6289	   2203.12	    0.0	    00000000     00000000	   1	[      1]
602   	0     	      5	    NegSmallDark	   1194.6914	   2062.50	    0.0	    00000000     00000000	   1	[      2]
603   	0     	      8	   NeutLargeDark	   1197.0156	   2324.22	    0.0	    00000000     00000000	   1	[      5]
604   	0     	      9	   NeutSmallDark	   1199.5312	   2515.62	    0.0	    00000000     00000000	   1	[      6]
605   	0     	      4	    NegLargeDark	   1201.8750	   2343.75	    0.0	    00000000     00000000	   1	[      1]
606   	0     	      8	   NeutLargeDark	   1203.9766	   2101.56	    0.0	    00000000     00000000	   1	[      5]
607   	0     	      5	    NegSmallDark	   1206.4922	   2515.62	    0.0	    00000000     00000000	   1	[      2]
608   	0     	      4	    NegLargeDark	   1209.0078	   2515.62	    0.0	    00000000     00000000	   1	[      1]
609   	0     	     11	 NeutSmallBright	   1211.4023	   2394.53	    0.0	    00000000     00000000	   1	[      8]
610   	0     	     10	 NeutLargeBright	   1213.7852	   2382.81	    0.0	    00000000     00000000	   1	[      7]
611   	0     	     11	 NeutSmallBright	   1215.9102	   2125.00	    0.0	    00000000     00000000	   1	[      8]
612   	0     	      5	    NegSmallDark	   1217.9727	   2062.50	    0.0	    00000000     00000000	   1	[      2]
613   	0     	     11	 NeutSmallBright	   1220.0156	   2042.97	    0.0	    00000000     00000000	   1	[      8]
614   	0     	      6	  NegLargeBright	   1222.2383	   2222.66	    0.0	    00000000     00000000	   1	[      3]
615   	0     	     10	 NeutLargeBright	   1224.6055	   2367.19	    0.0	    00000000     00000000	   1	[      7]
616   	0     	     11	 NeutSmallBright	   1226.6875	   2082.03	    0.0	    00000000     00000000	   1	[      8]
617   	0     	     15	     condition15	   1229.1211	   2433.59	    0.0	    00000000     00000000	   1	[       ]
618   	0     	      2	      condition2	   1230.0859	    964.84	    0.0	    00000000     00000000	   1	[       ]
619   	0     	      8	   NeutLargeDark	   1231.4648	   1378.91	    0.0	    00000000     00000000	   1	[      5]
620   	0     	     12	     condition12	   1233.7695	   2304.69	    0.0	    00000000     00000000	   1	[       ]
621   	0     	      2	      condition2	   1234.2930	    523.44	    0.0	    00000000     00000000	   1	[       ]
622   	0     	      5	    NegSmallDark	   1235.9844	   1691.41	    0.0	    00000000     00000000	   1	[      2]
623   	0     	     15	     condition15	   1238.1289	   2144.53	    0.0	    00000000     00000000	   1	[       ]
624   	0     	      2	      condition2	   1238.8516	    722.66	    0.0	    00000000     00000000	   1	[       ]
625   	0     	     10	 NeutLargeBright	   1240.4922	   1640.62	    0.0	    00000000     00000000	   1	[      7]
626   	0     	     14	     condition14	   1242.9570	   2464.84	    0.0	    00000000     00000000	   1	[       ]
627   	0     	      2	      condition2	   1243.4688	    511.72	    0.0	    00000000     00000000	   1	[       ]
628   	0     	      8	   NeutLargeDark	   1245.2891	   1820.31	    0.0	    00000000     00000000	   1	[      5]
629   	0     	     14	     condition14	   1247.6641	   2375.00	    0.0	    00000000     00000000	   1	[       ]
630   	0     	      2	      condition2	   1248.1680	    503.91	    0.0	    00000000     00000000	   1	[       ]
631   	0     	      7	  NegSmallBright	   1249.8867	   1718.75	    0.0	    00000000     00000000	   1	[      4]
632   	0     	     12	     condition12	   1252.2734	   2386.72	    0.0	    00000000     00000000	   1	[       ]
633   	0     	      2	      condition2	   1252.8594	    585.94	    0.0	    00000000     00000000	   1	[       ]
634   	0     	      7	  NegSmallBright	   1254.3555	   1496.09	    0.0	    00000000     00000000	   1	[      4]
635   	0     	      8	   NeutLargeDark	   1256.8516	   2496.09	    0.0	    00000000     00000000	   1	[      5]
636   	0     	     12	     condition12	   1259.1133	   2261.72	    0.0	    00000000     00000000	   1	[       ]
637   	0     	      2	      condition2	   1259.6953	    582.03	    0.0	    00000000     00000000	   1	[       ]
638   	0     	      8	   NeutLargeDark	   1261.4180	   1722.66	    0.0	    00000000     00000000	   1	[      5]
639   	0     	     11	 NeutSmallBright	   1263.7930	   2375.00	    0.0	    00000000     00000000	   1	[      8]
640   	0     	      5	    NegSmallDark	   1265.9570	   2164.06	    0.0	    00000000     00000000	   1	[      2]
641   	0     	      6	  NegLargeBright	   1268.2812	   2324.22	    0.0	    00000000     00000000	   1	[      3]
642   	0     	      6	  NegLargeBright	   1270.3555	   2074.22	    0.0	    00000000     00000000	   1	[      3]
643   	0     	      7	  NegSmallBright	   1272.5000	   2144.53	    0.0	    00000000     00000000	   1	[      4]
644   	0     	      6	  NegLargeBright	   1274.7227	   2222.66	    0.0	    00000000     00000000	   1	[      3]
645   	0     	      5	    NegSmallDark	   1276.9180	   2195.31	    0.0	    00000000     00000000	   1	[      2]
