#  Non-editable header begin --------------------------------------------------------------------------------
# 
#  data format...............: continuous
#  setname...................: BDF file
#  filename..................: none_specified
#  filepath..................: none_specified
#  nchan.....................: 64
#  pnts......................: 328704
#  srate.....................: 256
#  nevents...................: 647
#  generated by (bdf)........: 
#  generated by (set)........: BDF file
#  reported in ..............: 
#  prog Version..............: 8.02
#  creation date.............: 16-Nov-2020 14:49:35
#  user Account..............: 
# 
#  Non-editable header end --------------------------------------------------------------------------------

	bin 1,	# 60,	NegLargeDark
	bin 2,	# 60,	NegSmallDark
	bin 3,	# 60,	NegLargeBright
	bin 4,	# 60,	NegSmallBright
	bin 5,	# 60,	NeutLargeDark
	bin 6,	# 60,	NeutSmallDark
	bin 7,	# 60,	NeutLargeBright
	bin 8,	# 60,	NeutSmallBright



# item	 bepoch	  ecode	            label	      onset	          diff	     dura	b_flags	   a_flags	  enable	    bin
#                                                 (sec)           (msec)     (msec)    (binary)   (binary)


1     	0     	    253	              ""	      0.5312	      0.00	    0.0	    00000000     00000000	   1	[       ]
2     	0     	      7	  NegSmallBright	      1.5234	    992.19	    0.0	    00000000     00000000	   1	[      4]
3     	0     	      4	    NegLargeDark	      3.9883	   2464.84	    0.0	    00000000     00000000	   1	[      1]
4     	0     	      9	   NeutSmallDark	      6.0312	   2042.97	    0.0	    00000000     00000000	   1	[      6]
5     	0     	      9	   NeutSmallDark	      8.3438	   2312.50	    0.0	    00000000     00000000	   1	[      6]
6     	0     	      5	    NegSmallDark	     10.4805	   2136.72	    0.0	    00000000     00000000	   1	[      2]
7     	0     	      5	    NegSmallDark	     12.7734	   2292.97	    0.0	    00000000     00000000	   1	[      2]
8     	0     	     10	 NeutLargeBright	     15.0977	   2324.22	    0.0	    00000000     00000000	   1	[      7]
9     	0     	      5	    NegSmallDark	     17.2109	   2113.28	    0.0	    00000000     00000000	   1	[      2]
10    	0     	      8	   NeutLargeDark	     19.5352	   2324.22	    0.0	    00000000     00000000	   1	[      5]
11    	0     	      9	   NeutSmallDark	     21.9688	   2433.59	    0.0	    00000000     00000000	   1	[      6]
12    	0     	      6	  NegLargeBright	     24.1328	   2164.06	    0.0	    00000000     00000000	   1	[      3]
13    	0     	      9	   NeutSmallDark	     26.5586	   2425.78	    0.0	    00000000     00000000	   1	[      6]
14    	0     	     10	 NeutLargeBright	     28.8828	   2324.22	    0.0	    00000000     00000000	   1	[      7]
15    	0     	      8	   NeutLargeDark	     31.0039	   2121.09	    0.0	    00000000     00000000	   1	[      5]
16    	0     	      5	    NegSmallDark	     33.4883	   2484.38	    0.0	    00000000     00000000	   1	[      2]
17    	0     	      7	  NegSmallBright	     35.7539	   2265.62	    0.0	    00000000     00000000	   1	[      4]
18    	0     	      6	  NegLargeBright	     37.9961	   2242.19	    0.0	    00000000     00000000	   1	[      3]
19    	0     	      4	    NegLargeDark	     40.3125	   2316.41	    0.0	    00000000     00000000	   1	[      1]
20    	0     	      8	   NeutLargeDark	     42.5938	   2281.25	    0.0	    00000000     00000000	   1	[      5]
21    	0     	     12	     condition12	     45.0781	   2484.38	    0.0	    00000000     00000000	   1	[       ]
22    	0     	      2	      condition2	     45.6758	    597.66	    0.0	    00000000     00000000	   1	[       ]
23    	0     	      8	   NeutLargeDark	     47.4648	   1789.06	    0.0	    00000000     00000000	   1	[      5]
24    	0     	      9	   NeutSmallDark	     49.5586	   2093.75	    0.0	    00000000     00000000	   1	[      6]
25    	0     	      9	   NeutSmallDark	     51.9336	   2375.00	    0.0	    00000000     00000000	   1	[      6]
26    	0     	      8	   NeutLargeDark	     54.1367	   2203.12	    0.0	    00000000     00000000	   1	[      5]
27    	0     	      8	   NeutLargeDark	     56.1992	   2062.50	    0.0	    00000000     00000000	   1	[      5]
28    	0     	      9	   NeutSmallDark	     58.5234	   2324.22	    0.0	    00000000     00000000	   1	[      6]
29    	0     	      9	   NeutSmallDark	     60.7969	   2273.44	    0.0	    00000000     00000000	   1	[      6]
30    	0     	     11	 NeutSmallBright	     62.8711	   2074.22	    0.0	    00000000     00000000	   1	[      8]
31    	0     	      9	   NeutSmallDark	     64.9258	   2054.69	    0.0	    00000000     00000000	   1	[      6]
32    	0     	      6	  NegLargeBright	     67.2578	   2332.03	    0.0	    00000000     00000000	   1	[      3]
33    	0     	      5	    NegSmallDark	     69.6641	   2406.25	    0.0	    00000000     00000000	   1	[      2]
34    	0     	     10	 NeutLargeBright	     72.1758	   2511.72	    0.0	    00000000     00000000	   1	[      7]
35    	0     	      8	   NeutLargeDark	     74.2930	   2117.19	    0.0	    00000000     00000000	   1	[      5]
36    	0     	     10	 NeutLargeBright	     76.7539	   2460.94	    0.0	    00000000     00000000	   1	[      7]
37    	0     	     15	     condition15	     79.1406	   2386.72	    0.0	    00000000     00000000	   1	[       ]
38    	0     	      2	      condition2	     79.7656	    625.00	    0.0	    00000000     00000000	   1	[       ]
39    	0     	      6	  NegLargeBright	     81.2734	   1507.81	    0.0	    00000000     00000000	   1	[      3]
40    	0     	      8	   NeutLargeDark	     83.4062	   2132.81	    0.0	    00000000     00000000	   1	[      5]
41    	0     	      4	    NegLargeDark	     85.6797	   2273.44	    0.0	    00000000     00000000	   1	[      1]
42    	0     	      4	    NegLargeDark	     87.8359	   2156.25	    0.0	    00000000     00000000	   1	[      1]
43    	0     	      9	   NeutSmallDark	     89.9570	   2121.09	    0.0	    00000000     00000000	   1	[      6]
44    	0     	     10	 NeutLargeBright	     92.3438	   2386.72	    0.0	    00000000     00000000	   1	[      7]
45    	0     	      8	   NeutLargeDark	     94.6680	   2324.22	    0.0	    00000000     00000000	   1	[      5]
46    	0     	     10	 NeutLargeBright	     97.1016	   2433.59	    0.0	    00000000     00000000	   1	[      7]
47    	0     	      5	    NegSmallDark	     99.2344	   2132.81	    0.0	    00000000     00000000	   1	[      2]
48    	0     	      8	   NeutLargeDark	    101.3008	   2066.41	    0.0	    00000000     00000000	   1	[      5]
49    	0     	     11	 NeutSmallBright	    103.5938	   2292.97	    0.0	    00000000     00000000	   1	[      8]
50    	0     	     11	 NeutSmallBright	    105.8672	   2273.44	    0.0	    00000000     00000000	   1	[      8]
51    	0     	     10	 NeutLargeBright	    108.1992	   2332.03	    0.0	    00000000     00000000	   1	[      7]
52    	0     	      8	   NeutLargeDark	    110.5938	   2394.53	    0.0	    00000000     00000000	   1	[      5]
53    	0     	     11	 NeutSmallBright	    112.9102	   2316.41	    0.0	    00000000     00000000	   1	[      8]
54    	0     	      7	  NegSmallBright	    115.3125	   2402.34	    0.0	    00000000     00000000	   1	[      4]
55    	0     	      7	  NegSmallBright	    117.4375	   2125.00	    0.0	    00000000     00000000	   1	[      4]
56    	0     	      4	    NegLargeDark	    119.7812	   2343.75	    0.0	    00000000     00000000	   1	[      1]
57    	0     	      9	   NeutSmallDark	    122.0352	   2253.91	    0.0	    00000000     00000000	   1	[      6]
58    	0     	     12	     condition12	    124.3398	   2304.69	    0.0	    00000000     00000000	   1	[       ]
59    	0     	      2	      condition2	    125.0195	    679.69	    0.0	    00000000     00000000	   1	[       ]
60    	0     	      5	    NegSmallDark	    126.4141	   1394.53	    0.0	    00000000     00000000	   1	[      2]
61    	0     	      5	    NegSmallDark	    128.5273	   2113.28	    0.0	    00000000     00000000	   1	[      2]
62    	0     	      6	  NegLargeBright	    130.6406	   2113.28	    0.0	    00000000     00000000	   1	[      3]
63    	0     	     10	 NeutLargeBright	    132.6836	   2042.97	    0.0	    00000000     00000000	   1	[      7]
64    	0     	     10	 NeutLargeBright	    134.7383	   2054.69	    0.0	    00000000     00000000	   1	[      7]
65    	0     	      7	  NegSmallBright	    136.7695	   2031.25	    0.0	    00000000     00000000	   1	[      4]
66    	0     	     14	     condition14	    139.1641	   2394.53	    0.0	    00000000     00000000	   1	[       ]
67    	0     	      2	      condition2	    139.7617	    597.66	    0.0	    00000000     00000000	   1	[       ]
68    	0     	     13	     condition13	    141.4180	   1656.25	    0.0	    00000000     00000000	   1	[       ]
69    	0     	      2	      condition2	    141.9219	    503.91	    0.0	    00000000     00000000	   1	[       ]
70    	0     	     11	 NeutSmallBright	    143.8242	   1902.34	    0.0	    00000000     00000000	   1	[      8]
71    	0     	      7	  NegSmallBright	    146.2773	   2453.12	    0.0	    00000000     00000000	   1	[      4]
72    	0     	      7	  NegSmallBright	    148.4531	   2175.78	    0.0	    00000000     00000000	   1	[      4]
73    	0     	     11	 NeutSmallBright	    150.5469	   2093.75	    0.0	    00000000     00000000	   1	[      8]
74    	0     	     10	 NeutLargeBright	    152.8711	   2324.22	    0.0	    00000000     00000000	   1	[      7]
75    	0     	     10	 NeutLargeBright	    154.9336	   2062.50	    0.0	    00000000     00000000	   1	[      7]
76    	0     	     11	 NeutSmallBright	    157.1758	   2242.19	    0.0	    00000000     00000000	   1	[      8]
77    	0     	    253	              ""	    159.7812	   2605.47	    0.0	    00000000     00000000	   1	[       ]
78    	0     	      6	  NegLargeBright	    160.7852	   1003.91	    0.0	    00000000     00000000	   1	[      3]
79    	0     	      7	  NegSmallBright	    163.0195	   2234.38	    0.0	    00000000     00000000	   1	[      4]
80    	0     	      8	   NeutLargeDark	    165.4141	   2394.53	    0.0	    00000000     00000000	   1	[      5]
81    	0     	     12	     condition12	    167.6875	   2273.44	    0.0	    00000000     00000000	   1	[       ]
82    	0     	      2	      condition2	    168.4336	    746.09	    0.0	    00000000     00000000	   1	[       ]
83    	0     	      6	  NegLargeBright	    169.9531	   1519.53	    0.0	    00000000     00000000	   1	[      3]
84    	0     	     10	 NeutLargeBright	    172.2148	   2261.72	    0.0	    00000000     00000000	   1	[      7]
85    	0     	      6	  NegLargeBright	    174.6992	   2484.38	    0.0	    00000000     00000000	   1	[      3]
86    	0     	      9	   NeutSmallDark	    176.7930	   2093.75	    0.0	    00000000     00000000	   1	[      6]
87    	0     	     10	 NeutLargeBright	    179.1992	   2406.25	    0.0	    00000000     00000000	   1	[      7]
88    	0     	      5	    NegSmallDark	    181.3320	   2132.81	    0.0	    00000000     00000000	   1	[      2]
89    	0     	      8	   NeutLargeDark	    183.7969	   2464.84	    0.0	    00000000     00000000	   1	[      5]
90    	0     	     15	     condition15	    186.3125	   2515.62	    0.0	    00000000     00000000	   1	[       ]
91    	0     	      2	      condition2	    187.0586	    746.09	    0.0	    00000000     00000000	   1	[       ]
92    	0     	     11	 NeutSmallBright	    188.7969	   1738.28	    0.0	    00000000     00000000	   1	[      8]
93    	0     	      4	    NegLargeDark	    190.8398	   2042.97	    0.0	    00000000     00000000	   1	[      1]
94    	0     	      4	    NegLargeDark	    193.2734	   2433.59	    0.0	    00000000     00000000	   1	[      1]
95    	0     	     10	 NeutLargeBright	    195.3789	   2105.47	    0.0	    00000000     00000000	   1	[      7]
96    	0     	      5	    NegSmallDark	    197.5000	   2121.09	    0.0	    00000000     00000000	   1	[      2]
97    	0     	     13	     condition13	    199.8750	   2375.00	    0.0	    00000000     00000000	   1	[       ]
98    	0     	      2	      condition2	    200.5039	    628.91	    0.0	    00000000     00000000	   1	[       ]
99    	0     	     10	 NeutLargeBright	    202.2383	   1734.38	    0.0	    00000000     00000000	   1	[      7]
100   	0     	     13	     condition13	    204.6445	   2406.25	    0.0	    00000000     00000000	   1	[       ]
101   	0     	      2	      condition2	    205.1016	    457.03	    0.0	    00000000     00000000	   1	[       ]
102   	0     	      9	   NeutSmallDark	    207.1562	   2054.69	    0.0	    00000000     00000000	   1	[      6]
103   	0     	      4	    NegLargeDark	    209.4805	   2324.22	    0.0	    00000000     00000000	   1	[      1]
104   	0     	      8	   NeutLargeDark	    211.7148	   2234.38	    0.0	    00000000     00000000	   1	[      5]
105   	0     	      8	   NeutLargeDark	    213.7578	   2042.97	    0.0	    00000000     00000000	   1	[      5]
106   	0     	      5	    NegSmallDark	    216.1523	   2394.53	    0.0	    00000000     00000000	   1	[      2]
107   	0     	     15	     condition15	    218.2969	   2144.53	    0.0	    00000000     00000000	   1	[       ]
108   	0     	      6	  NegLargeBright	    220.5312	   2234.38	    0.0	    00000000     00000000	   1	[      3]
109   	0     	     10	 NeutLargeBright	    222.6953	   2164.06	    0.0	    00000000     00000000	   1	[      7]
110   	0     	      8	   NeutLargeDark	    224.8203	   2125.00	    0.0	    00000000     00000000	   1	[      5]
111   	0     	     14	     condition14	    227.1641	   2343.75	    0.0	    00000000     00000000	   1	[       ]
112   	0     	      2	      condition2	    228.1016	    937.50	    0.0	    00000000     00000000	   1	[       ]
113   	0     	     10	 NeutLargeBright	    229.4883	   1386.72	    0.0	    00000000     00000000	   1	[      7]
114   	0     	      5	    NegSmallDark	    231.5391	   2050.78	    0.0	    00000000     00000000	   1	[      2]
115   	0     	      7	  NegSmallBright	    234.0156	   2476.56	    0.0	    00000000     00000000	   1	[      4]
116   	0     	      4	    NegLargeDark	    236.3281	   2312.50	    0.0	    00000000     00000000	   1	[      1]
117   	0     	      7	  NegSmallBright	    238.8438	   2515.62	    0.0	    00000000     00000000	   1	[      4]
118   	0     	      9	   NeutSmallDark	    241.2461	   2402.34	    0.0	    00000000     00000000	   1	[      6]
119   	0     	     13	     condition13	    243.4414	   2195.31	    0.0	    00000000     00000000	   1	[       ]
120   	0     	      2	      condition2	    243.9922	    550.78	    0.0	    00000000     00000000	   1	[       ]
121   	0     	     11	 NeutSmallBright	    245.7773	   1785.16	    0.0	    00000000     00000000	   1	[      8]
122   	0     	      9	   NeutSmallDark	    248.0312	   2253.91	    0.0	    00000000     00000000	   1	[      6]
123   	0     	      6	  NegLargeBright	    250.1523	   2121.09	    0.0	    00000000     00000000	   1	[      3]
124   	0     	      5	    NegSmallDark	    252.5664	   2414.06	    0.0	    00000000     00000000	   1	[      2]
125   	0     	     15	     condition15	    254.6719	   2105.47	    0.0	    00000000     00000000	   1	[       ]
126   	0     	      2	      condition2	    255.2852	    613.28	    0.0	    00000000     00000000	   1	[       ]
127   	0     	     12	     condition12	    256.7656	   1480.47	    0.0	    00000000     00000000	   1	[       ]
128   	0     	      2	      condition2	    257.2227	    457.03	    0.0	    00000000     00000000	   1	[       ]
129   	0     	     12	     condition12	    259.2695	   2046.88	    0.0	    00000000     00000000	   1	[       ]
130   	0     	      2	      condition2	    259.7773	    507.81	    0.0	    00000000     00000000	   1	[       ]
131   	0     	     10	 NeutLargeBright	    261.6953	   1917.97	    0.0	    00000000     00000000	   1	[      7]
132   	0     	      4	    NegLargeDark	    264.0781	   2382.81	    0.0	    00000000     00000000	   1	[      1]
133   	0     	      4	    NegLargeDark	    266.5625	   2484.38	    0.0	    00000000     00000000	   1	[      1]
134   	0     	      9	   NeutSmallDark	    268.9961	   2433.59	    0.0	    00000000     00000000	   1	[      6]
135   	0     	      8	   NeutLargeDark	    271.2188	   2222.66	    0.0	    00000000     00000000	   1	[      5]
136   	0     	     14	     condition14	    273.4258	   2207.03	    0.0	    00000000     00000000	   1	[       ]
137   	0     	      2	      condition2	    273.9766	    550.78	    0.0	    00000000     00000000	   1	[       ]
138   	0     	      9	   NeutSmallDark	    275.9102	   1933.59	    0.0	    00000000     00000000	   1	[      6]
139   	0     	     11	 NeutSmallBright	    278.2344	   2324.22	    0.0	    00000000     00000000	   1	[      8]
140   	0     	      7	  NegSmallBright	    280.6758	   2441.41	    0.0	    00000000     00000000	   1	[      4]
141   	0     	      8	   NeutLargeDark	    283.1602	   2484.38	    0.0	    00000000     00000000	   1	[      5]
142   	0     	      8	   NeutLargeDark	    285.3945	   2234.38	    0.0	    00000000     00000000	   1	[      5]
143   	0     	      8	   NeutLargeDark	    287.6406	   2246.09	    0.0	    00000000     00000000	   1	[      5]
144   	0     	      6	  NegLargeBright	    290.0820	   2441.41	    0.0	    00000000     00000000	   1	[      3]
145   	0     	      8	   NeutLargeDark	    292.1680	   2085.94	    0.0	    00000000     00000000	   1	[      5]
146   	0     	     11	 NeutSmallBright	    294.2812	   2113.28	    0.0	    00000000     00000000	   1	[      8]
147   	0     	     11	 NeutSmallBright	    296.7969	   2515.62	    0.0	    00000000     00000000	   1	[      8]
148   	0     	     10	 NeutLargeBright	    299.0703	   2273.44	    0.0	    00000000     00000000	   1	[      7]
149   	0     	      7	  NegSmallBright	    301.1445	   2074.22	    0.0	    00000000     00000000	   1	[      4]
150   	0     	      5	    NegSmallDark	    303.6289	   2484.38	    0.0	    00000000     00000000	   1	[      2]
151   	0     	     13	     condition13	    305.8828	   2253.91	    0.0	    00000000     00000000	   1	[       ]
152   	0     	      2	      condition2	    306.3711	    488.28	    0.0	    00000000     00000000	   1	[       ]
153   	0     	     11	 NeutSmallBright	    308.2969	   1925.78	    0.0	    00000000     00000000	   1	[      8]
154   	0     	      6	  NegLargeBright	    310.5000	   2203.12	    0.0	    00000000     00000000	   1	[      3]
155   	0     	     14	     condition14	    312.8828	   2382.81	    0.0	    00000000     00000000	   1	[       ]
156   	0     	      2	      condition2	    313.3906	    507.81	    0.0	    00000000     00000000	   1	[       ]
157   	0     	      5	    NegSmallDark	    314.9766	   1585.94	    0.0	    00000000     00000000	   1	[      2]
158   	0     	      4	    NegLargeDark	    317.2812	   2304.69	    0.0	    00000000     00000000	   1	[      1]
159   	0     	     13	     condition13	    319.4766	   2195.31	    0.0	    00000000     00000000	   1	[       ]
160   	0     	      2	      condition2	    320.1250	    648.44	    0.0	    00000000     00000000	   1	[       ]
161   	0     	    253	              ""	    322.4219	   2296.88	    0.0	    00000000     00000000	   1	[       ]
162   	0     	     11	 NeutSmallBright	    323.4180	    996.09	    0.0	    00000000     00000000	   1	[      8]
163   	0     	      4	    NegLargeDark	    325.6719	   2253.91	    0.0	    00000000     00000000	   1	[      1]
164   	0     	      5	    NegSmallDark	    328.0078	   2335.94	    0.0	    00000000     00000000	   1	[      2]
165   	0     	      7	  NegSmallBright	    330.0820	   2074.22	    0.0	    00000000     00000000	   1	[      4]
166   	0     	      9	   NeutSmallDark	    332.5547	   2472.66	    0.0	    00000000     00000000	   1	[      6]
167   	0     	      5	    NegSmallDark	    334.5898	   2035.16	    0.0	    00000000     00000000	   1	[      2]
168   	0     	      7	  NegSmallBright	    336.9531	   2363.28	    0.0	    00000000     00000000	   1	[      4]
169   	0     	      9	   NeutSmallDark	    339.3281	   2375.00	    0.0	    00000000     00000000	   1	[      6]
170   	0     	      9	   NeutSmallDark	    341.5234	   2195.31	    0.0	    00000000     00000000	   1	[      6]
171   	0     	     11	 NeutSmallBright	    343.7148	   2191.41	    0.0	    00000000     00000000	   1	[      8]
172   	0     	      9	   NeutSmallDark	    345.9492	   2234.38	    0.0	    00000000     00000000	   1	[      6]
173   	0     	     10	 NeutLargeBright	    348.0820	   2132.81	    0.0	    00000000     00000000	   1	[      7]
174   	0     	      4	    NegLargeDark	    350.1250	   2042.97	    0.0	    00000000     00000000	   1	[      1]
175   	0     	      8	   NeutLargeDark	    352.1914	   2066.41	    0.0	    00000000     00000000	   1	[      5]
176   	0     	     10	 NeutLargeBright	    354.6953	   2503.91	    0.0	    00000000     00000000	   1	[      7]
177   	0     	      4	    NegLargeDark	    356.7500	   2054.69	    0.0	    00000000     00000000	   1	[      1]
178   	0     	     13	     condition13	    359.1836	   2433.59	    0.0	    00000000     00000000	   1	[       ]
179   	0     	      2	      condition2	    359.7109	    527.34	    0.0	    00000000     00000000	   1	[       ]
180   	0     	      7	  NegSmallBright	    361.2461	   1535.16	    0.0	    00000000     00000000	   1	[      4]
181   	0     	      6	  NegLargeBright	    363.3398	   2093.75	    0.0	    00000000     00000000	   1	[      3]
182   	0     	      8	   NeutLargeDark	    365.7539	   2414.06	    0.0	    00000000     00000000	   1	[      5]
183   	0     	      9	   NeutSmallDark	    367.8086	   2054.69	    0.0	    00000000     00000000	   1	[      6]
184   	0     	      6	  NegLargeBright	    370.2031	   2394.53	    0.0	    00000000     00000000	   1	[      3]
185   	0     	      9	   NeutSmallDark	    372.4648	   2261.72	    0.0	    00000000     00000000	   1	[      6]
186   	0     	      6	  NegLargeBright	    374.5586	   2093.75	    0.0	    00000000     00000000	   1	[      3]
187   	0     	     13	     condition13	    376.6836	   2125.00	    0.0	    00000000     00000000	   1	[       ]
188   	0     	      2	      condition2	    377.1680	    484.38	    0.0	    00000000     00000000	   1	[       ]
189   	0     	     12	     condition12	    378.9180	   1750.00	    0.0	    00000000     00000000	   1	[       ]
190   	0     	      2	      condition2	    379.4180	    500.00	    0.0	    00000000     00000000	   1	[       ]
191   	0     	      5	    NegSmallDark	    380.9727	   1554.69	    0.0	    00000000     00000000	   1	[      2]
192   	0     	     12	     condition12	    383.2969	   2324.22	    0.0	    00000000     00000000	   1	[       ]
193   	0     	      2	      condition2	    383.8516	    554.69	    0.0	    00000000     00000000	   1	[       ]
194   	0     	      4	    NegLargeDark	    385.5195	   1667.97	    0.0	    00000000     00000000	   1	[      1]
195   	0     	      8	   NeutLargeDark	    387.8438	   2324.22	    0.0	    00000000     00000000	   1	[      5]
196   	0     	     13	     condition13	    389.9062	   2062.50	    0.0	    00000000     00000000	   1	[       ]
197   	0     	      2	      condition2	    390.3828	    476.56	    0.0	    00000000     00000000	   1	[       ]
198   	0     	      4	    NegLargeDark	    392.3203	   1937.50	    0.0	    00000000     00000000	   1	[      1]
199   	0     	     11	 NeutSmallBright	    394.5664	   2246.09	    0.0	    00000000     00000000	   1	[      8]
200   	0     	      6	  NegLargeBright	    396.8789	   2312.50	    0.0	    00000000     00000000	   1	[      3]
201   	0     	      5	    NegSmallDark	    399.2344	   2355.47	    0.0	    00000000     00000000	   1	[      2]
202   	0     	      7	  NegSmallBright	    401.6992	   2464.84	    0.0	    00000000     00000000	   1	[      4]
203   	0     	     12	     condition12	    404.1523	   2453.12	    0.0	    00000000     00000000	   1	[       ]
204   	0     	      2	      condition2	    404.7070	    554.69	    0.0	    00000000     00000000	   1	[       ]
205   	0     	      7	  NegSmallBright	    406.2266	   1519.53	    0.0	    00000000     00000000	   1	[      4]
206   	0     	     10	 NeutLargeBright	    408.4688	   2242.19	    0.0	    00000000     00000000	   1	[      7]
207   	0     	      4	    NegLargeDark	    410.6250	   2156.25	    0.0	    00000000     00000000	   1	[      1]
208   	0     	      5	    NegSmallDark	    412.8086	   2183.59	    0.0	    00000000     00000000	   1	[      2]
209   	0     	      8	   NeutLargeDark	    414.8516	   2042.97	    0.0	    00000000     00000000	   1	[      5]
210   	0     	      6	  NegLargeBright	    417.1250	   2273.44	    0.0	    00000000     00000000	   1	[      3]
211   	0     	      5	    NegSmallDark	    419.4688	   2343.75	    0.0	    00000000     00000000	   1	[      2]
212   	0     	      4	    NegLargeDark	    421.5430	   2074.22	    0.0	    00000000     00000000	   1	[      1]
213   	0     	      5	    NegSmallDark	    423.8555	   2312.50	    0.0	    00000000     00000000	   1	[      2]
214   	0     	     11	 NeutSmallBright	    425.9688	   2113.28	    0.0	    00000000     00000000	   1	[      8]
215   	0     	     12	     condition12	    428.3555	   2386.72	    0.0	    00000000     00000000	   1	[       ]
216   	0     	      2	      condition2	    428.8242	    468.75	    0.0	    00000000     00000000	   1	[       ]
217   	0     	      4	    NegLargeDark	    430.8281	   2003.91	    0.0	    00000000     00000000	   1	[      1]
218   	0     	     10	 NeutLargeBright	    432.9609	   2132.81	    0.0	    00000000     00000000	   1	[      7]
219   	0     	      6	  NegLargeBright	    435.0547	   2093.75	    0.0	    00000000     00000000	   1	[      3]
220   	0     	     15	     condition15	    437.2891	   2234.38	    0.0	    00000000     00000000	   1	[       ]
221   	0     	      2	      condition2	    437.8398	    550.78	    0.0	    00000000     00000000	   1	[       ]
222   	0     	     11	 NeutSmallBright	    439.4023	   1562.50	    0.0	    00000000     00000000	   1	[      8]
223   	0     	      9	   NeutSmallDark	    441.5781	   2175.78	    0.0	    00000000     00000000	   1	[      6]
224   	0     	      6	  NegLargeBright	    443.7227	   2144.53	    0.0	    00000000     00000000	   1	[      3]
225   	0     	      7	  NegSmallBright	    445.8359	   2113.28	    0.0	    00000000     00000000	   1	[      4]
226   	0     	     11	 NeutSmallBright	    448.1992	   2363.28	    0.0	    00000000     00000000	   1	[      8]
227   	0     	      8	   NeutLargeDark	    450.3438	   2144.53	    0.0	    00000000     00000000	   1	[      5]
228   	0     	      6	  NegLargeBright	    452.4062	   2062.50	    0.0	    00000000     00000000	   1	[      3]
229   	0     	     14	     condition14	    454.9297	   2523.44	    0.0	    00000000     00000000	   1	[       ]
230   	0     	      2	      condition2	    455.4375	    507.81	    0.0	    00000000     00000000	   1	[       ]
231   	0     	      9	   NeutSmallDark	    457.1953	   1757.81	    0.0	    00000000     00000000	   1	[      6]
232   	0     	      6	  NegLargeBright	    459.3984	   2203.12	    0.0	    00000000     00000000	   1	[      3]
233   	0     	     11	 NeutSmallBright	    461.8828	   2484.38	    0.0	    00000000     00000000	   1	[      8]
234   	0     	     11	 NeutSmallBright	    464.3789	   2496.09	    0.0	    00000000     00000000	   1	[      8]
235   	0     	     14	     condition14	    466.7305	   2351.56	    0.0	    00000000     00000000	   1	[       ]
236   	0     	      2	      condition2	    467.2539	    523.44	    0.0	    00000000     00000000	   1	[       ]
237   	0     	      8	   NeutLargeDark	    468.7734	   1519.53	    0.0	    00000000     00000000	   1	[      5]
238   	0     	      8	   NeutLargeDark	    471.2695	   2496.09	    0.0	    00000000     00000000	   1	[      5]
239   	0     	     11	 NeutSmallBright	    473.5820	   2312.50	    0.0	    00000000     00000000	   1	[      8]
240   	0     	      9	   NeutSmallDark	    475.7266	   2144.53	    0.0	    00000000     00000000	   1	[      6]
241   	0     	      6	  NegLargeBright	    477.9023	   2175.78	    0.0	    00000000     00000000	   1	[      3]
242   	0     	    253	              ""	    480.4375	   2535.16	    0.0	    00000000     00000000	   1	[       ]
243   	0     	      9	   NeutSmallDark	    481.4375	   1000.00	    0.0	    00000000     00000000	   1	[      6]
244   	0     	     15	     condition15	    483.5898	   2152.34	    0.0	    00000000     00000000	   1	[       ]
245   	0     	      2	      condition2	    484.6094	   1019.53	    0.0	    00000000     00000000	   1	[       ]
246   	0     	      8	   NeutLargeDark	    486.0469	   1437.50	    0.0	    00000000     00000000	   1	[      5]
247   	0     	     11	 NeutSmallBright	    488.1875	   2140.62	    0.0	    00000000     00000000	   1	[      8]
248   	0     	      7	  NegSmallBright	    490.3945	   2207.03	    0.0	    00000000     00000000	   1	[      4]
249   	0     	      7	  NegSmallBright	    492.7578	   2363.28	    0.0	    00000000     00000000	   1	[      4]
250   	0     	     15	     condition15	    494.9805	   2222.66	    0.0	    00000000     00000000	   1	[       ]
251   	0     	      2	      condition2	    495.5508	    570.31	    0.0	    00000000     00000000	   1	[       ]
252   	0     	      5	    NegSmallDark	    497.1562	   1605.47	    0.0	    00000000     00000000	   1	[      2]
253   	0     	     11	 NeutSmallBright	    499.3203	   2164.06	    0.0	    00000000     00000000	   1	[      8]
254   	0     	      9	   NeutSmallDark	    501.8242	   2503.91	    0.0	    00000000     00000000	   1	[      6]
255   	0     	      7	  NegSmallBright	    503.9258	   2101.56	    0.0	    00000000     00000000	   1	[      4]
256   	0     	      5	    NegSmallDark	    506.0820	   2156.25	    0.0	    00000000     00000000	   1	[      2]
257   	0     	     15	     condition15	    508.4727	   2390.62	    0.0	    00000000     00000000	   1	[       ]
258   	0     	      2	      condition2	    509.3047	    832.03	    0.0	    00000000     00000000	   1	[       ]
259   	0     	     15	     condition15	    510.5195	   1214.84	    0.0	    00000000     00000000	   1	[       ]
260   	0     	      2	      condition2	    511.0000	    480.47	    0.0	    00000000     00000000	   1	[       ]
261   	0     	      9	   NeutSmallDark	    513.0312	   2031.25	    0.0	    00000000     00000000	   1	[      6]
262   	0     	      4	    NegLargeDark	    515.5586	   2527.34	    0.0	    00000000     00000000	   1	[      1]
263   	0     	     13	     condition13	    517.9219	   2363.28	    0.0	    00000000     00000000	   1	[       ]
264   	0     	      2	      condition2	    518.4414	    519.53	    0.0	    00000000     00000000	   1	[       ]
265   	0     	      5	    NegSmallDark	    519.9453	   1503.91	    0.0	    00000000     00000000	   1	[      2]
266   	0     	     11	 NeutSmallBright	    522.1992	   2253.91	    0.0	    00000000     00000000	   1	[      8]
267   	0     	      7	  NegSmallBright	    524.2305	   2031.25	    0.0	    00000000     00000000	   1	[      4]
268   	0     	      5	    NegSmallDark	    526.3164	   2085.94	    0.0	    00000000     00000000	   1	[      2]
269   	0     	     10	 NeutLargeBright	    528.6992	   2382.81	    0.0	    00000000     00000000	   1	[      7]
270   	0     	      4	    NegLargeDark	    531.0039	   2304.69	    0.0	    00000000     00000000	   1	[      1]
271   	0     	      8	   NeutLargeDark	    533.2891	   2285.16	    0.0	    00000000     00000000	   1	[      5]
272   	0     	     10	 NeutLargeBright	    535.7422	   2453.12	    0.0	    00000000     00000000	   1	[      7]
273   	0     	     10	 NeutLargeBright	    537.8477	   2105.47	    0.0	    00000000     00000000	   1	[      7]
274   	0     	      4	    NegLargeDark	    540.0508	   2203.12	    0.0	    00000000     00000000	   1	[      1]
275   	0     	     15	     condition15	    542.4727	   2421.88	    0.0	    00000000     00000000	   1	[       ]
276   	0     	      2	      condition2	    542.9805	    507.81	    0.0	    00000000     00000000	   1	[       ]
277   	0     	      8	   NeutLargeDark	    544.9180	   1937.50	    0.0	    00000000     00000000	   1	[      5]
278   	0     	      6	  NegLargeBright	    547.3125	   2394.53	    0.0	    00000000     00000000	   1	[      3]
279   	0     	     10	 NeutLargeBright	    549.5859	   2273.44	    0.0	    00000000     00000000	   1	[      7]
280   	0     	     14	     condition14	    551.6289	   2042.97	    0.0	    00000000     00000000	   1	[       ]
281   	0     	      2	      condition2	    552.1094	    480.47	    0.0	    00000000     00000000	   1	[       ]
282   	0     	     14	     condition14	    554.0156	   1906.25	    0.0	    00000000     00000000	   1	[       ]
283   	0     	      2	      condition2	    554.4297	    414.06	    0.0	    00000000     00000000	   1	[       ]
284   	0     	      5	    NegSmallDark	    556.5391	   2109.38	    0.0	    00000000     00000000	   1	[      2]
285   	0     	      5	    NegSmallDark	    558.9922	   2453.12	    0.0	    00000000     00000000	   1	[      2]
286   	0     	      5	    NegSmallDark	    561.4492	   2457.03	    0.0	    00000000     00000000	   1	[      2]
287   	0     	      7	  NegSmallBright	    563.8828	   2433.59	    0.0	    00000000     00000000	   1	[      4]
288   	0     	     15	     condition15	    566.1562	   2273.44	    0.0	    00000000     00000000	   1	[       ]
289   	0     	      2	      condition2	    566.6562	    500.00	    0.0	    00000000     00000000	   1	[       ]
290   	0     	      4	    NegLargeDark	    568.6797	   2023.44	    0.0	    00000000     00000000	   1	[      1]
291   	0     	      5	    NegSmallDark	    570.9844	   2304.69	    0.0	    00000000     00000000	   1	[      2]
292   	0     	      6	  NegLargeBright	    573.0898	   2105.47	    0.0	    00000000     00000000	   1	[      3]
293   	0     	     11	 NeutSmallBright	    575.5742	   2484.38	    0.0	    00000000     00000000	   1	[      8]
294   	0     	     10	 NeutLargeBright	    577.7070	   2132.81	    0.0	    00000000     00000000	   1	[      7]
295   	0     	      7	  NegSmallBright	    580.1797	   2472.66	    0.0	    00000000     00000000	   1	[      4]
296   	0     	      5	    NegSmallDark	    582.6953	   2515.62	    0.0	    00000000     00000000	   1	[      2]
297   	0     	     15	     condition15	    585.2109	   2515.62	    0.0	    00000000     00000000	   1	[       ]
298   	0     	      2	      condition2	    585.7656	    554.69	    0.0	    00000000     00000000	   1	[       ]
299   	0     	     11	 NeutSmallBright	    587.7344	   1968.75	    0.0	    00000000     00000000	   1	[      8]
300   	0     	     12	     condition12	    589.7891	   2054.69	    0.0	    00000000     00000000	   1	[       ]
301   	0     	      2	      condition2	    590.2383	    449.22	    0.0	    00000000     00000000	   1	[       ]
302   	0     	     11	 NeutSmallBright	    592.2500	   2011.72	    0.0	    00000000     00000000	   1	[      8]
303   	0     	     10	 NeutLargeBright	    594.3242	   2074.22	    0.0	    00000000     00000000	   1	[      7]
304   	0     	      8	   NeutLargeDark	    596.4492	   2125.00	    0.0	    00000000     00000000	   1	[      5]
305   	0     	      6	  NegLargeBright	    598.9219	   2472.66	    0.0	    00000000     00000000	   1	[      3]
306   	0     	     15	     condition15	    601.3164	   2394.53	    0.0	    00000000     00000000	   1	[       ]
307   	0     	      2	      condition2	    601.7891	    472.66	    0.0	    00000000     00000000	   1	[       ]
308   	0     	     10	 NeutLargeBright	    603.7422	   1953.12	    0.0	    00000000     00000000	   1	[      7]
309   	0     	     10	 NeutLargeBright	    606.1875	   2445.31	    0.0	    00000000     00000000	   1	[      7]
310   	0     	      4	    NegLargeDark	    608.4219	   2234.38	    0.0	    00000000     00000000	   1	[      1]
311   	0     	      7	  NegSmallBright	    610.9336	   2511.72	    0.0	    00000000     00000000	   1	[      4]
312   	0     	     11	 NeutSmallBright	    613.2305	   2296.88	    0.0	    00000000     00000000	   1	[      8]
313   	0     	     11	 NeutSmallBright	    615.6133	   2382.81	    0.0	    00000000     00000000	   1	[      8]
314   	0     	      5	    NegSmallDark	    617.6367	   2023.44	    0.0	    00000000     00000000	   1	[      2]
315   	0     	      8	   NeutLargeDark	    619.7383	   2101.56	    0.0	    00000000     00000000	   1	[      5]
316   	0     	      7	  NegSmallBright	    622.2227	   2484.38	    0.0	    00000000     00000000	   1	[      4]
317   	0     	      4	    NegLargeDark	    624.7578	   2535.16	    0.0	    00000000     00000000	   1	[      1]
318   	0     	      5	    NegSmallDark	    626.9922	   2234.38	    0.0	    00000000     00000000	   1	[      2]
319   	0     	      6	  NegLargeBright	    629.3164	   2324.22	    0.0	    00000000     00000000	   1	[      3]
320   	0     	     13	     condition13	    631.5703	   2253.91	    0.0	    00000000     00000000	   1	[       ]
321   	0     	      2	      condition2	    632.0938	    523.44	    0.0	    00000000     00000000	   1	[       ]
322   	0     	      7	  NegSmallBright	    633.8438	   1750.00	    0.0	    00000000     00000000	   1	[      4]
323   	0     	     10	 NeutLargeBright	    636.1680	   2324.22	    0.0	    00000000     00000000	   1	[      7]
324   	0     	      6	  NegLargeBright	    638.4336	   2265.62	    0.0	    00000000     00000000	   1	[      3]
325   	0     	     11	 NeutSmallBright	    640.6484	   2214.84	    0.0	    00000000     00000000	   1	[      8]
326   	0     	    253	              ""	    642.0938	   1445.31	    0.0	    00000000     00000000	   1	[       ]
327   	0     	      9	   NeutSmallDark	    643.0977	   1003.91	    0.0	    00000000     00000000	   1	[      6]
328   	0     	      6	  NegLargeBright	    645.6328	   2535.16	    0.0	    00000000     00000000	   1	[      3]
329   	0     	      8	   NeutLargeDark	    648.0859	   2453.12	    0.0	    00000000     00000000	   1	[      5]
330   	0     	      8	   NeutLargeDark	    650.3633	   2277.34	    0.0	    00000000     00000000	   1	[      5]
331   	0     	     11	 NeutSmallBright	    652.4648	   2101.56	    0.0	    00000000     00000000	   1	[      8]
332   	0     	     13	     condition13	    654.8008	   2335.94	    0.0	    00000000     00000000	   1	[       ]
333   	0     	      2	      condition2	    655.2344	    433.59	    0.0	    00000000     00000000	   1	[       ]
334   	0     	      5	    NegSmallDark	    656.8711	   1636.72	    0.0	    00000000     00000000	   1	[      2]
335   	0     	      8	   NeutLargeDark	    659.1680	   2296.88	    0.0	    00000000     00000000	   1	[      5]
336   	0     	      6	  NegLargeBright	    661.5625	   2394.53	    0.0	    00000000     00000000	   1	[      3]
337   	0     	      4	    NegLargeDark	    663.7734	   2210.94	    0.0	    00000000     00000000	   1	[      1]
338   	0     	     14	     condition14	    666.1680	   2394.53	    0.0	    00000000     00000000	   1	[       ]
339   	0     	      2	      condition2	    666.6484	    480.47	    0.0	    00000000     00000000	   1	[       ]
340   	0     	      8	   NeutLargeDark	    668.5234	   1875.00	    0.0	    00000000     00000000	   1	[      5]
341   	0     	      5	    NegSmallDark	    670.6367	   2113.28	    0.0	    00000000     00000000	   1	[      2]
342   	0     	     10	 NeutLargeBright	    673.0000	   2363.28	    0.0	    00000000     00000000	   1	[      7]
343   	0     	     10	 NeutLargeBright	    675.2969	   2296.88	    0.0	    00000000     00000000	   1	[      7]
344   	0     	      5	    NegSmallDark	    677.6602	   2363.28	    0.0	    00000000     00000000	   1	[      2]
345   	0     	      4	    NegLargeDark	    679.9023	   2242.19	    0.0	    00000000     00000000	   1	[      1]
346   	0     	      7	  NegSmallBright	    682.0664	   2164.06	    0.0	    00000000     00000000	   1	[      4]
347   	0     	      4	    NegLargeDark	    684.1914	   2125.00	    0.0	    00000000     00000000	   1	[      1]
348   	0     	      5	    NegSmallDark	    686.2656	   2074.22	    0.0	    00000000     00000000	   1	[      2]
349   	0     	     11	 NeutSmallBright	    688.6406	   2375.00	    0.0	    00000000     00000000	   1	[      8]
350   	0     	      5	    NegSmallDark	    691.1016	   2460.94	    0.0	    00000000     00000000	   1	[      2]
351   	0     	     10	 NeutLargeBright	    693.5469	   2445.31	    0.0	    00000000     00000000	   1	[      7]
352   	0     	      9	   NeutSmallDark	    695.7500	   2203.12	    0.0	    00000000     00000000	   1	[      6]
353   	0     	      7	  NegSmallBright	    697.8047	   2054.69	    0.0	    00000000     00000000	   1	[      4]
354   	0     	      8	   NeutLargeDark	    699.8867	   2082.03	    0.0	    00000000     00000000	   1	[      5]
355   	0     	      7	  NegSmallBright	    701.9414	   2054.69	    0.0	    00000000     00000000	   1	[      4]
356   	0     	      2	      condition2	    702.3750	    433.59	    0.0	    00000000     00000000	   1	[       ]
357   	0     	      8	   NeutLargeDark	    704.0977	   1722.66	    0.0	    00000000     00000000	   1	[      5]
358   	0     	      8	   NeutLargeDark	    706.4297	   2332.03	    0.0	    00000000     00000000	   1	[      5]
359   	0     	      7	  NegSmallBright	    708.7031	   2273.44	    0.0	    00000000     00000000	   1	[      4]
360   	0     	      5	    NegSmallDark	    710.7891	   2085.94	    0.0	    00000000     00000000	   1	[      2]
361   	0     	      4	    NegLargeDark	    712.9414	   2152.34	    0.0	    00000000     00000000	   1	[      1]
362   	0     	      6	  NegLargeBright	    715.0039	   2062.50	    0.0	    00000000     00000000	   1	[      3]
363   	0     	      8	   NeutLargeDark	    717.3789	   2375.00	    0.0	    00000000     00000000	   1	[      5]
364   	0     	      4	    NegLargeDark	    719.5625	   2183.59	    0.0	    00000000     00000000	   1	[      1]
365   	0     	      9	   NeutSmallDark	    721.9453	   2382.81	    0.0	    00000000     00000000	   1	[      6]
366   	0     	     14	     condition14	    724.3633	   2417.97	    0.0	    00000000     00000000	   1	[       ]
367   	0     	      2	      condition2	    724.8672	    503.91	    0.0	    00000000     00000000	   1	[       ]
368   	0     	      6	  NegLargeBright	    726.8359	   1968.75	    0.0	    00000000     00000000	   1	[      3]
369   	0     	      6	  NegLargeBright	    729.3086	   2472.66	    0.0	    00000000     00000000	   1	[      3]
370   	0     	      6	  NegLargeBright	    731.4727	   2164.06	    0.0	    00000000     00000000	   1	[      3]
371   	0     	      9	   NeutSmallDark	    733.5391	   2066.41	    0.0	    00000000     00000000	   1	[      6]
372   	0     	     10	 NeutLargeBright	    735.6094	   2070.31	    0.0	    00000000     00000000	   1	[      7]
373   	0     	      9	   NeutSmallDark	    737.7031	   2093.75	    0.0	    00000000     00000000	   1	[      6]
374   	0     	      9	   NeutSmallDark	    740.0508	   2347.66	    0.0	    00000000     00000000	   1	[      6]
375   	0     	     11	 NeutSmallBright	    742.3633	   2312.50	    0.0	    00000000     00000000	   1	[      8]
376   	0     	      4	    NegLargeDark	    744.4258	   2062.50	    0.0	    00000000     00000000	   1	[      1]
377   	0     	      9	   NeutSmallDark	    746.9297	   2503.91	    0.0	    00000000     00000000	   1	[      6]
378   	0     	      4	    NegLargeDark	    749.2969	   2367.19	    0.0	    00000000     00000000	   1	[      1]
379   	0     	     10	 NeutLargeBright	    751.6992	   2402.34	    0.0	    00000000     00000000	   1	[      7]
380   	0     	      5	    NegSmallDark	    753.9648	   2265.62	    0.0	    00000000     00000000	   1	[      2]
381   	0     	     10	 NeutLargeBright	    756.0781	   2113.28	    0.0	    00000000     00000000	   1	[      7]
382   	0     	     14	     condition14	    758.2695	   2191.41	    0.0	    00000000     00000000	   1	[       ]
383   	0     	      2	      condition2	    758.7969	    527.34	    0.0	    00000000     00000000	   1	[       ]
384   	0     	      4	    NegLargeDark	    760.6133	   1816.41	    0.0	    00000000     00000000	   1	[      1]
385   	0     	      6	  NegLargeBright	    763.1211	   2507.81	    0.0	    00000000     00000000	   1	[      3]
386   	0     	      4	    NegLargeDark	    765.4023	   2281.25	    0.0	    00000000     00000000	   1	[      1]
387   	0     	     10	 NeutLargeBright	    767.4883	   2085.94	    0.0	    00000000     00000000	   1	[      7]
388   	0     	      8	   NeutLargeDark	    769.5703	   2082.03	    0.0	    00000000     00000000	   1	[      5]
389   	0     	     12	     condition12	    771.6133	   2042.97	    0.0	    00000000     00000000	   1	[       ]
390   	0     	      2	      condition2	    772.0938	    480.47	    0.0	    00000000     00000000	   1	[       ]
391   	0     	     11	 NeutSmallBright	    773.8477	   1753.91	    0.0	    00000000     00000000	   1	[      8]
392   	0     	      8	   NeutLargeDark	    776.3828	   2535.16	    0.0	    00000000     00000000	   1	[      5]
393   	0     	     14	     condition14	    778.5078	   2125.00	    0.0	    00000000     00000000	   1	[       ]
394   	0     	      2	      condition2	    779.0703	    562.50	    0.0	    00000000     00000000	   1	[       ]
395   	0     	      6	  NegLargeBright	    780.9023	   1832.03	    0.0	    00000000     00000000	   1	[      3]
396   	0     	      4	    NegLargeDark	    783.0859	   2183.59	    0.0	    00000000     00000000	   1	[      1]
397   	0     	     10	 NeutLargeBright	    785.5977	   2511.72	    0.0	    00000000     00000000	   1	[      7]
398   	0     	     11	 NeutSmallBright	    787.9531	   2355.47	    0.0	    00000000     00000000	   1	[      8]
399   	0     	     11	 NeutSmallBright	    790.0156	   2062.50	    0.0	    00000000     00000000	   1	[      8]
400   	0     	      9	   NeutSmallDark	    792.1211	   2105.47	    0.0	    00000000     00000000	   1	[      6]
401   	0     	      6	  NegLargeBright	    794.3750	   2253.91	    0.0	    00000000     00000000	   1	[      3]
402   	0     	      8	   NeutLargeDark	    796.8477	   2472.66	    0.0	    00000000     00000000	   1	[      5]
403   	0     	     10	 NeutLargeBright	    798.9844	   2136.72	    0.0	    00000000     00000000	   1	[      7]
404   	0     	    253	              ""	    801.3125	   2328.12	    0.0	    00000000     00000000	   1	[       ]
405   	0     	      8	   NeutLargeDark	    802.3164	   1003.91	    0.0	    00000000     00000000	   1	[      5]
406   	0     	      5	    NegSmallDark	    804.6992	   2382.81	    0.0	    00000000     00000000	   1	[      2]
407   	0     	      7	  NegSmallBright	    807.0625	   2363.28	    0.0	    00000000     00000000	   1	[      4]
408   	0     	      8	   NeutLargeDark	    809.4180	   2355.47	    0.0	    00000000     00000000	   1	[      5]
409   	0     	      9	   NeutSmallDark	    811.5234	   2105.47	    0.0	    00000000     00000000	   1	[      6]
410   	0     	      4	    NegLargeDark	    814.0469	   2523.44	    0.0	    00000000     00000000	   1	[      1]
411   	0     	      8	   NeutLargeDark	    816.5820	   2535.16	    0.0	    00000000     00000000	   1	[      5]
412   	0     	     11	 NeutSmallBright	    818.8555	   2273.44	    0.0	    00000000     00000000	   1	[      8]
413   	0     	      6	  NegLargeBright	    821.3398	   2484.38	    0.0	    00000000     00000000	   1	[      3]
414   	0     	      9	   NeutSmallDark	    823.5625	   2222.66	    0.0	    00000000     00000000	   1	[      6]
415   	0     	      6	  NegLargeBright	    826.0195	   2457.03	    0.0	    00000000     00000000	   1	[      3]
416   	0     	     14	     condition14	    828.3203	   2300.78	    0.0	    00000000     00000000	   1	[       ]
417   	0     	      2	      condition2	    828.8516	    531.25	    0.0	    00000000     00000000	   1	[       ]
418   	0     	     10	 NeutLargeBright	    830.4336	   1582.03	    0.0	    00000000     00000000	   1	[      7]
419   	0     	     15	     condition15	    832.5391	   2105.47	    0.0	    00000000     00000000	   1	[       ]
420   	0     	      2	      condition2	    833.0664	    527.34	    0.0	    00000000     00000000	   1	[       ]
421   	0     	     13	     condition13	    835.0352	   1968.75	    0.0	    00000000     00000000	   1	[       ]
422   	0     	      2	      condition2	    835.5742	    539.06	    0.0	    00000000     00000000	   1	[       ]
423   	0     	      9	   NeutSmallDark	    837.2070	   1632.81	    0.0	    00000000     00000000	   1	[      6]
424   	0     	      8	   NeutLargeDark	    839.6328	   2425.78	    0.0	    00000000     00000000	   1	[      5]
425   	0     	     10	 NeutLargeBright	    841.9258	   2292.97	    0.0	    00000000     00000000	   1	[      7]
426   	0     	      5	    NegSmallDark	    844.1992	   2273.44	    0.0	    00000000     00000000	   1	[      2]
427   	0     	      6	  NegLargeBright	    846.3828	   2183.59	    0.0	    00000000     00000000	   1	[      3]
428   	0     	      5	    NegSmallDark	    848.7695	   2386.72	    0.0	    00000000     00000000	   1	[      2]
429   	0     	      6	  NegLargeBright	    851.0234	   2253.91	    0.0	    00000000     00000000	   1	[      3]
430   	0     	     10	 NeutLargeBright	    853.1250	   2101.56	    0.0	    00000000     00000000	   1	[      7]
431   	0     	      9	   NeutSmallDark	    855.5586	   2433.59	    0.0	    00000000     00000000	   1	[      6]
432   	0     	     13	     condition13	    857.8125	   2253.91	    0.0	    00000000     00000000	   1	[       ]
433   	0     	      2	      condition2	    858.4336	    621.09	    0.0	    00000000     00000000	   1	[       ]
434   	0     	      6	  NegLargeBright	    860.3086	   1875.00	    0.0	    00000000     00000000	   1	[      3]
435   	0     	      7	  NegSmallBright	    862.6406	   2332.03	    0.0	    00000000     00000000	   1	[      4]
436   	0     	     11	 NeutSmallBright	    864.7656	   2125.00	    0.0	    00000000     00000000	   1	[      8]
437   	0     	     10	 NeutLargeBright	    867.2617	   2496.09	    0.0	    00000000     00000000	   1	[      7]
438   	0     	     12	     condition12	    869.4648	   2203.12	    0.0	    00000000     00000000	   1	[       ]
439   	0     	      2	      condition2	    869.9922	    527.34	    0.0	    00000000     00000000	   1	[       ]
440   	0     	      8	   NeutLargeDark	    871.6094	   1617.19	    0.0	    00000000     00000000	   1	[      5]
441   	0     	      4	    NegLargeDark	    873.8008	   2191.41	    0.0	    00000000     00000000	   1	[      1]
442   	0     	      4	    NegLargeDark	    875.9844	   2183.59	    0.0	    00000000     00000000	   1	[      1]
443   	0     	      8	   NeutLargeDark	    878.0977	   2113.28	    0.0	    00000000     00000000	   1	[      5]
444   	0     	     11	 NeutSmallBright	    880.2227	   2125.00	    0.0	    00000000     00000000	   1	[      8]
445   	0     	      4	    NegLargeDark	    882.6367	   2414.06	    0.0	    00000000     00000000	   1	[      1]
446   	0     	     11	 NeutSmallBright	    884.9102	   2273.44	    0.0	    00000000     00000000	   1	[      8]
447   	0     	     10	 NeutLargeBright	    887.1953	   2285.16	    0.0	    00000000     00000000	   1	[      7]
448   	0     	      8	   NeutLargeDark	    889.6797	   2484.38	    0.0	    00000000     00000000	   1	[      5]
449   	0     	      5	    NegSmallDark	    892.1133	   2433.59	    0.0	    00000000     00000000	   1	[      2]
450   	0     	      8	   NeutLargeDark	    894.4062	   2292.97	    0.0	    00000000     00000000	   1	[      5]
451   	0     	     10	 NeutLargeBright	    896.6523	   2246.09	    0.0	    00000000     00000000	   1	[      7]
452   	0     	      5	    NegSmallDark	    898.9648	   2312.50	    0.0	    00000000     00000000	   1	[      2]
453   	0     	      9	   NeutSmallDark	    901.3906	   2425.78	    0.0	    00000000     00000000	   1	[      6]
454   	0     	      8	   NeutLargeDark	    903.6055	   2214.84	    0.0	    00000000     00000000	   1	[      5]
455   	0     	      7	  NegSmallBright	    906.0273	   2421.88	    0.0	    00000000     00000000	   1	[      4]
456   	0     	      6	  NegLargeBright	    908.4531	   2425.78	    0.0	    00000000     00000000	   1	[      3]
457   	0     	      7	  NegSmallBright	    910.6680	   2214.84	    0.0	    00000000     00000000	   1	[      4]
458   	0     	      5	    NegSmallDark	    912.7695	   2101.56	    0.0	    00000000     00000000	   1	[      2]
459   	0     	     10	 NeutLargeBright	    915.2852	   2515.62	    0.0	    00000000     00000000	   1	[      7]
460   	0     	      9	   NeutSmallDark	    917.5078	   2222.66	    0.0	    00000000     00000000	   1	[      6]
461   	0     	      7	  NegSmallBright	    919.7031	   2195.31	    0.0	    00000000     00000000	   1	[      4]
462   	0     	      4	    NegLargeDark	    922.0859	   2382.81	    0.0	    00000000     00000000	   1	[      1]
463   	0     	      5	    NegSmallDark	    924.1992	   2113.28	    0.0	    00000000     00000000	   1	[      2]
464   	0     	      6	  NegLargeBright	    926.2930	   2093.75	    0.0	    00000000     00000000	   1	[      3]
465   	0     	      4	    NegLargeDark	    928.3281	   2035.16	    0.0	    00000000     00000000	   1	[      1]
466   	0     	      6	  NegLargeBright	    930.5898	   2261.72	    0.0	    00000000     00000000	   1	[      3]
467   	0     	      7	  NegSmallBright	    932.6250	   2035.16	    0.0	    00000000     00000000	   1	[      4]
468   	0     	      7	  NegSmallBright	    935.1094	   2484.38	    0.0	    00000000     00000000	   1	[      4]
469   	0     	      7	  NegSmallBright	    937.4727	   2363.28	    0.0	    00000000     00000000	   1	[      4]
470   	0     	      4	    NegLargeDark	    939.6367	   2164.06	    0.0	    00000000     00000000	   1	[      1]
471   	0     	      7	  NegSmallBright	    941.8516	   2214.84	    0.0	    00000000     00000000	   1	[      4]
472   	0     	      6	  NegLargeBright	    944.1133	   2261.72	    0.0	    00000000     00000000	   1	[      3]
473   	0     	      4	    NegLargeDark	    946.4375	   2324.22	    0.0	    00000000     00000000	   1	[      1]
474   	0     	      9	   NeutSmallDark	    948.4609	   2023.44	    0.0	    00000000     00000000	   1	[      6]
475   	0     	     14	     condition14	    950.8281	   2367.19	    0.0	    00000000     00000000	   1	[       ]
476   	0     	     11	 NeutSmallBright	    952.9805	   2152.34	    0.0	    00000000     00000000	   1	[      8]
477   	0     	     12	     condition12	    955.3633	   2382.81	    0.0	    00000000     00000000	   1	[       ]
478   	0     	      2	      condition2	    955.8398	    476.56	    0.0	    00000000     00000000	   1	[       ]
479   	0     	      6	  NegLargeBright	    957.8398	   2000.00	    0.0	    00000000     00000000	   1	[      3]
480   	0     	      8	   NeutLargeDark	    960.2031	   2363.28	    0.0	    00000000     00000000	   1	[      5]
481   	0     	    253	              ""	    962.4531	   2250.00	    0.0	    00000000     00000000	   1	[       ]
482   	0     	      9	   NeutSmallDark	    963.4492	    996.09	    0.0	    00000000     00000000	   1	[      6]
483   	0     	      9	   NeutSmallDark	    965.8047	   2355.47	    0.0	    00000000     00000000	   1	[      6]
484   	0     	      4	    NegLargeDark	    968.2578	   2453.12	    0.0	    00000000     00000000	   1	[      1]
485   	0     	      9	   NeutSmallDark	    970.3008	   2042.97	    0.0	    00000000     00000000	   1	[      6]
486   	0     	      6	  NegLargeBright	    972.5859	   2285.16	    0.0	    00000000     00000000	   1	[      3]
487   	0     	      5	    NegSmallDark	    975.0898	   2503.91	    0.0	    00000000     00000000	   1	[      2]
488   	0     	     10	 NeutLargeBright	    977.4336	   2343.75	    0.0	    00000000     00000000	   1	[      7]
489   	0     	     12	     condition12	    979.9297	   2496.09	    0.0	    00000000     00000000	   1	[       ]
490   	0     	      2	      condition2	    980.4766	    546.88	    0.0	    00000000     00000000	   1	[       ]
491   	0     	      8	   NeutLargeDark	    982.2227	   1746.09	    0.0	    00000000     00000000	   1	[      5]
492   	0     	     12	     condition12	    984.3672	   2144.53	    0.0	    00000000     00000000	   1	[       ]
493   	0     	      2	      condition2	    984.8242	    457.03	    0.0	    00000000     00000000	   1	[       ]
494   	0     	      8	   NeutLargeDark	    986.7305	   1906.25	    0.0	    00000000     00000000	   1	[      5]
495   	0     	     10	 NeutLargeBright	    989.0156	   2285.16	    0.0	    00000000     00000000	   1	[      7]
496   	0     	     10	 NeutLargeBright	    991.1602	   2144.53	    0.0	    00000000     00000000	   1	[      7]
497   	0     	      5	    NegSmallDark	    993.1914	   2031.25	    0.0	    00000000     00000000	   1	[      2]
498   	0     	      6	  NegLargeBright	    995.6875	   2496.09	    0.0	    00000000     00000000	   1	[      3]
499   	0     	      4	    NegLargeDark	    998.0898	   2402.34	    0.0	    00000000     00000000	   1	[      1]
500   	0     	      4	    NegLargeDark	   1000.3164	   2226.56	    0.0	    00000000     00000000	   1	[      1]
501   	0     	     11	 NeutSmallBright	   1002.5703	   2253.91	    0.0	    00000000     00000000	   1	[      8]
502   	0     	      7	  NegSmallBright	   1005.0430	   2472.66	    0.0	    00000000     00000000	   1	[      4]
503   	0     	     15	     condition15	   1007.2070	   2164.06	    0.0	    00000000     00000000	   1	[       ]
504   	0     	      2	      condition2	   1007.7891	    582.03	    0.0	    00000000     00000000	   1	[       ]
505   	0     	     11	 NeutSmallBright	   1009.3906	   1601.56	    0.0	    00000000     00000000	   1	[      8]
506   	0     	     13	     condition13	   1011.8672	   2476.56	    0.0	    00000000     00000000	   1	[       ]
507   	0     	      2	      condition2	   1012.2891	    421.88	    0.0	    00000000     00000000	   1	[       ]
508   	0     	     11	 NeutSmallBright	   1014.3711	   2082.03	    0.0	    00000000     00000000	   1	[      8]
509   	0     	      7	  NegSmallBright	   1016.7539	   2382.81	    0.0	    00000000     00000000	   1	[      4]
510   	0     	      7	  NegSmallBright	   1018.8359	   2082.03	    0.0	    00000000     00000000	   1	[      4]
511   	0     	      9	   NeutSmallDark	   1021.1328	   2296.88	    0.0	    00000000     00000000	   1	[      6]
512   	0     	      4	    NegLargeDark	   1023.5547	   2421.88	    0.0	    00000000     00000000	   1	[      1]
513   	0     	     13	     condition13	   1025.8594	   2304.69	    0.0	    00000000     00000000	   1	[       ]
514   	0     	      2	      condition2	   1026.4219	    562.50	    0.0	    00000000     00000000	   1	[       ]
515   	0     	     10	 NeutLargeBright	   1028.0742	   1652.34	    0.0	    00000000     00000000	   1	[      7]
516   	0     	      6	  NegLargeBright	   1030.5977	   2523.44	    0.0	    00000000     00000000	   1	[      3]
517   	0     	     10	 NeutLargeBright	   1033.0234	   2425.78	    0.0	    00000000     00000000	   1	[      7]
518   	0     	      7	  NegSmallBright	   1035.5352	   2511.72	    0.0	    00000000     00000000	   1	[      4]
519   	0     	      7	  NegSmallBright	   1037.6406	   2105.47	    0.0	    00000000     00000000	   1	[      4]
520   	0     	      6	  NegLargeBright	   1039.7227	   2082.03	    0.0	    00000000     00000000	   1	[      3]
521   	0     	      9	   NeutSmallDark	   1042.2383	   2515.62	    0.0	    00000000     00000000	   1	[      6]
522   	0     	      6	  NegLargeBright	   1044.5039	   2265.62	    0.0	    00000000     00000000	   1	[      3]
523   	0     	     11	 NeutSmallBright	   1046.6172	   2113.28	    0.0	    00000000     00000000	   1	[      8]
524   	0     	      4	    NegLargeDark	   1048.6602	   2042.97	    0.0	    00000000     00000000	   1	[      1]
525   	0     	      8	   NeutLargeDark	   1050.9922	   2332.03	    0.0	    00000000     00000000	   1	[      5]
526   	0     	     15	     condition15	   1053.2500	   2257.81	    0.0	    00000000     00000000	   1	[       ]
527   	0     	      2	      condition2	   1053.8594	    609.38	    0.0	    00000000     00000000	   1	[       ]
528   	0     	      7	  NegSmallBright	   1055.3203	   1460.94	    0.0	    00000000     00000000	   1	[      4]
529   	0     	     11	 NeutSmallBright	   1057.6172	   2296.88	    0.0	    00000000     00000000	   1	[      8]
530   	0     	      5	    NegSmallDark	   1060.1211	   2503.91	    0.0	    00000000     00000000	   1	[      2]
531   	0     	      6	  NegLargeBright	   1062.2031	   2082.03	    0.0	    00000000     00000000	   1	[      3]
532   	0     	      9	   NeutSmallDark	   1064.3672	   2164.06	    0.0	    00000000     00000000	   1	[      6]
533   	0     	     11	 NeutSmallBright	   1066.7734	   2406.25	    0.0	    00000000     00000000	   1	[      8]
534   	0     	     10	 NeutLargeBright	   1069.2461	   2472.66	    0.0	    00000000     00000000	   1	[      7]
535   	0     	      9	   NeutSmallDark	   1071.4297	   2183.59	    0.0	    00000000     00000000	   1	[      6]
536   	0     	     15	     condition15	   1073.8359	   2406.25	    0.0	    00000000     00000000	   1	[       ]
537   	0     	      2	      condition2	   1074.4961	    660.16	    0.0	    00000000     00000000	   1	[       ]
538   	0     	      8	   NeutLargeDark	   1076.2188	   1722.66	    0.0	    00000000     00000000	   1	[      5]
539   	0     	      4	    NegLargeDark	   1078.3438	   2125.00	    0.0	    00000000     00000000	   1	[      1]
540   	0     	      8	   NeutLargeDark	   1080.5469	   2203.12	    0.0	    00000000     00000000	   1	[      5]
541   	0     	      6	  NegLargeBright	   1082.7500	   2203.12	    0.0	    00000000     00000000	   1	[      3]
542   	0     	     12	     condition12	   1084.9844	   2234.38	    0.0	    00000000     00000000	   1	[       ]
543   	0     	      2	      condition2	   1085.4023	    417.97	    0.0	    00000000     00000000	   1	[       ]
544   	0     	     12	     condition12	   1087.4297	   2027.34	    0.0	    00000000     00000000	   1	[       ]
545   	0     	      2	      condition2	   1087.9727	    542.97	    0.0	    00000000     00000000	   1	[       ]
546   	0     	      4	    NegLargeDark	   1089.9141	   1941.41	    0.0	    00000000     00000000	   1	[      1]
547   	0     	     14	     condition14	   1091.9766	   2062.50	    0.0	    00000000     00000000	   1	[       ]
548   	0     	      2	      condition2	   1092.5273	    550.78	    0.0	    00000000     00000000	   1	[       ]
549   	0     	     11	 NeutSmallBright	   1094.1797	   1652.34	    0.0	    00000000     00000000	   1	[      8]
550   	0     	      9	   NeutSmallDark	   1096.3750	   2195.31	    0.0	    00000000     00000000	   1	[      6]
551   	0     	      5	    NegSmallDark	   1098.4258	   2050.78	    0.0	    00000000     00000000	   1	[      2]
552   	0     	     11	 NeutSmallBright	   1100.6719	   2246.09	    0.0	    00000000     00000000	   1	[      8]
553   	0     	      7	  NegSmallBright	   1102.8438	   2171.88	    0.0	    00000000     00000000	   1	[      4]
554   	0     	     10	 NeutLargeBright	   1104.9102	   2066.41	    0.0	    00000000     00000000	   1	[      7]
555   	0     	     12	     condition12	   1107.4141	   2503.91	    0.0	    00000000     00000000	   1	[       ]
556   	0     	      2	      condition2	   1107.8438	    429.69	    0.0	    00000000     00000000	   1	[       ]
557   	0     	     11	 NeutSmallBright	   1109.6484	   1804.69	    0.0	    00000000     00000000	   1	[      8]
558   	0     	      4	    NegLargeDark	   1111.7617	   2113.28	    0.0	    00000000     00000000	   1	[      1]
559   	0     	      7	  NegSmallBright	   1113.8242	   2062.50	    0.0	    00000000     00000000	   1	[      4]
560   	0     	      6	  NegLargeBright	   1116.1094	   2285.16	    0.0	    00000000     00000000	   1	[      3]
561   	0     	      7	  NegSmallBright	   1118.6016	   2492.19	    0.0	    00000000     00000000	   1	[      4]
562   	0     	     11	 NeutSmallBright	   1120.6953	   2093.75	    0.0	    00000000     00000000	   1	[      8]
563   	0     	    253	              ""	   1123.8438	   3148.44	    0.0	    00000000     00000000	   1	[       ]
564   	0     	     15	     condition15	   1124.8359	    992.19	    0.0	    00000000     00000000	   1	[       ]
565   	0     	      2	      condition2	   1125.4102	    574.22	    0.0	    00000000     00000000	   1	[       ]
566   	0     	     10	 NeutLargeBright	   1127.0820	   1671.88	    0.0	    00000000     00000000	   1	[      7]
567   	0     	      7	  NegSmallBright	   1129.3828	   2300.78	    0.0	    00000000     00000000	   1	[      4]
568   	0     	     11	 NeutSmallBright	   1131.4883	   2105.47	    0.0	    00000000     00000000	   1	[      8]
569   	0     	      7	  NegSmallBright	   1133.9609	   2472.66	    0.0	    00000000     00000000	   1	[      4]
570   	0     	      4	    NegLargeDark	   1136.4766	   2515.62	    0.0	    00000000     00000000	   1	[      1]
571   	0     	      6	  NegLargeBright	   1138.6211	   2144.53	    0.0	    00000000     00000000	   1	[      3]
572   	0     	      7	  NegSmallBright	   1140.9844	   2363.28	    0.0	    00000000     00000000	   1	[      4]
573   	0     	      9	   NeutSmallDark	   1143.3477	   2363.28	    0.0	    00000000     00000000	   1	[      6]
574   	0     	      6	  NegLargeBright	   1145.5508	   2203.12	    0.0	    00000000     00000000	   1	[      3]
575   	0     	      6	  NegLargeBright	   1148.0273	   2476.56	    0.0	    00000000     00000000	   1	[      3]
576   	0     	     10	 NeutLargeBright	   1150.2422	   2214.84	    0.0	    00000000     00000000	   1	[      7]
577   	0     	      6	  NegLargeBright	   1152.6641	   2421.88	    0.0	    00000000     00000000	   1	[      3]
578   	0     	      5	    NegSmallDark	   1155.1211	   2457.03	    0.0	    00000000     00000000	   1	[      2]
579   	0     	     11	 NeutSmallBright	   1157.3242	   2203.12	    0.0	    00000000     00000000	   1	[      8]
580   	0     	      5	    NegSmallDark	   1159.5273	   2203.12	    0.0	    00000000     00000000	   1	[      2]
581   	0     	      9	   NeutSmallDark	   1161.7617	   2234.38	    0.0	    00000000     00000000	   1	[      6]
582   	0     	      5	    NegSmallDark	   1164.0859	   2324.22	    0.0	    00000000     00000000	   1	[      2]
583   	0     	     14	     condition14	   1166.5078	   2421.88	    0.0	    00000000     00000000	   1	[       ]
584   	0     	      2	      condition2	   1167.0391	    531.25	    0.0	    00000000     00000000	   1	[       ]
585   	0     	      4	    NegLargeDark	   1168.5938	   1554.69	    0.0	    00000000     00000000	   1	[      1]
586   	0     	      6	  NegLargeBright	   1170.8555	   2261.72	    0.0	    00000000     00000000	   1	[      3]
587   	0     	      9	   NeutSmallDark	   1173.1328	   2277.34	    0.0	    00000000     00000000	   1	[      6]
588   	0     	      7	  NegSmallBright	   1175.4453	   2312.50	    0.0	    00000000     00000000	   1	[      4]
589   	0     	      9	   NeutSmallDark	   1177.5273	   2082.03	    0.0	    00000000     00000000	   1	[      6]
590   	0     	      5	    NegSmallDark	   1180.0312	   2503.91	    0.0	    00000000     00000000	   1	[      2]
591   	0     	      9	   NeutSmallDark	   1182.5078	   2476.56	    0.0	    00000000     00000000	   1	[      6]
592   	0     	      7	  NegSmallBright	   1184.7617	   2253.91	    0.0	    00000000     00000000	   1	[      4]
593   	0     	     11	 NeutSmallBright	   1187.2773	   2515.62	    0.0	    00000000     00000000	   1	[      8]
594   	0     	     15	     condition15	   1189.7812	   2503.91	    0.0	    00000000     00000000	   1	[       ]
595   	0     	      2	      condition2	   1190.3398	    558.59	    0.0	    00000000     00000000	   1	[       ]
596   	0     	     12	     condition12	   1192.2031	   1863.28	    0.0	    00000000     00000000	   1	[       ]
597   	0     	      2	      condition2	   1192.6758	    472.66	    0.0	    00000000     00000000	   1	[       ]
598   	0     	      4	    NegLargeDark	   1194.2500	   1574.22	    0.0	    00000000     00000000	   1	[      1]
599   	0     	     11	 NeutSmallBright	   1196.3633	   2113.28	    0.0	    00000000     00000000	   1	[      8]
600   	0     	      7	  NegSmallBright	   1198.5469	   2183.59	    0.0	    00000000     00000000	   1	[      4]
601   	0     	      5	    NegSmallDark	   1200.6211	   2074.22	    0.0	    00000000     00000000	   1	[      2]
602   	0     	      5	    NegSmallDark	   1202.7539	   2132.81	    0.0	    00000000     00000000	   1	[      2]
603   	0     	      4	    NegLargeDark	   1205.2070	   2453.12	    0.0	    00000000     00000000	   1	[      1]
604   	0     	      5	    NegSmallDark	   1207.6406	   2433.59	    0.0	    00000000     00000000	   1	[      2]
605   	0     	      4	    NegLargeDark	   1209.7539	   2113.28	    0.0	    00000000     00000000	   1	[      1]
606   	0     	      5	    NegSmallDark	   1212.0508	   2296.88	    0.0	    00000000     00000000	   1	[      2]
607   	0     	      6	  NegLargeBright	   1214.1641	   2113.28	    0.0	    00000000     00000000	   1	[      3]
608   	0     	     12	     condition12	   1216.4570	   2292.97	    0.0	    00000000     00000000	   1	[       ]
609   	0     	      2	      condition2	   1216.9609	    503.91	    0.0	    00000000     00000000	   1	[       ]
610   	0     	      9	   NeutSmallDark	   1218.9531	   1992.19	    0.0	    00000000     00000000	   1	[      6]
611   	0     	     11	 NeutSmallBright	   1221.1445	   2191.41	    0.0	    00000000     00000000	   1	[      8]
612   	0     	      5	    NegSmallDark	   1223.3477	   2203.12	    0.0	    00000000     00000000	   1	[      2]
613   	0     	     13	     condition13	   1225.5430	   2195.31	    0.0	    00000000     00000000	   1	[       ]
614   	0     	      2	      condition2	   1225.9648	    421.88	    0.0	    00000000     00000000	   1	[       ]
615   	0     	     13	     condition13	   1227.8789	   1914.06	    0.0	    00000000     00000000	   1	[       ]
616   	0     	      2	      condition2	   1228.3477	    468.75	    0.0	    00000000     00000000	   1	[       ]
617   	0     	     10	 NeutLargeBright	   1230.2227	   1875.00	    0.0	    00000000     00000000	   1	[      7]
618   	0     	      9	   NeutSmallDark	   1232.3633	   2140.62	    0.0	    00000000     00000000	   1	[      6]
619   	0     	      9	   NeutSmallDark	   1234.7109	   2347.66	    0.0	    00000000     00000000	   1	[      6]
620   	0     	      7	  NegSmallBright	   1237.0117	   2300.78	    0.0	    00000000     00000000	   1	[      4]
621   	0     	      4	    NegLargeDark	   1239.4180	   2406.25	    0.0	    00000000     00000000	   1	[      1]
622   	0     	      7	  NegSmallBright	   1241.7031	   2285.16	    0.0	    00000000     00000000	   1	[      4]
623   	0     	     11	 NeutSmallBright	   1243.7539	   2050.78	    0.0	    00000000     00000000	   1	[      8]
624   	0     	     15	     condition15	   1246.2188	   2464.84	    0.0	    00000000     00000000	   1	[       ]
625   	0     	      2	      condition2	   1246.7852	    566.41	    0.0	    00000000     00000000	   1	[       ]
626   	0     	     11	 NeutSmallBright	   1248.7148	   1929.69	    0.0	    00000000     00000000	   1	[      8]
627   	0     	     14	     condition14	   1250.8984	   2183.59	    0.0	    00000000     00000000	   1	[       ]
628   	0     	      2	      condition2	   1251.4141	    515.62	    0.0	    00000000     00000000	   1	[       ]
629   	0     	      7	  NegSmallBright	   1253.3203	   1906.25	    0.0	    00000000     00000000	   1	[      4]
630   	0     	      7	  NegSmallBright	   1255.6562	   2335.94	    0.0	    00000000     00000000	   1	[      4]
631   	0     	     13	     condition13	   1257.7383	   2082.03	    0.0	    00000000     00000000	   1	[       ]
632   	0     	      2	      condition2	   1258.1836	    445.31	    0.0	    00000000     00000000	   1	[       ]
633   	0     	     14	     condition14	   1260.0039	   1820.31	    0.0	    00000000     00000000	   1	[       ]
634   	0     	      2	      condition2	   1260.5117	    507.81	    0.0	    00000000     00000000	   1	[       ]
635   	0     	     14	     condition14	   1262.2578	   1746.09	    0.0	    00000000     00000000	   1	[       ]
636   	0     	      2	      condition2	   1262.7344	    476.56	    0.0	    00000000     00000000	   1	[       ]
637   	0     	     10	 NeutLargeBright	   1264.4922	   1757.81	    0.0	    00000000     00000000	   1	[      7]
638   	0     	      4	    NegLargeDark	   1266.9570	   2464.84	    0.0	    00000000     00000000	   1	[      1]
639   	0     	      4	    NegLargeDark	   1269.1289	   2171.88	    0.0	    00000000     00000000	   1	[      1]
640   	0     	      8	   NeutLargeDark	   1271.2422	   2113.28	    0.0	    00000000     00000000	   1	[      5]
641   	0     	     10	 NeutLargeBright	   1273.5078	   2265.62	    0.0	    00000000     00000000	   1	[      7]
642   	0     	     11	 NeutSmallBright	   1275.7227	   2214.84	    0.0	    00000000     00000000	   1	[      8]
643   	0     	      7	  NegSmallBright	   1277.9336	   2210.94	    0.0	    00000000     00000000	   1	[      4]
644   	0     	     14	     condition14	   1280.4297	   2496.09	    0.0	    00000000     00000000	   1	[       ]
645   	0     	      2	      condition2	   1280.9219	    492.19	    0.0	    00000000     00000000	   1	[       ]
646   	0     	     13	     condition13	   1282.5430	   1621.09	    0.0	    00000000     00000000	   1	[       ]
647   	0     	      2	      condition2	   1283.0859	    542.97	    0.0	    00000000     00000000	   1	[       ]
