#  Non-editable header begin --------------------------------------------------------------------------------
# 
#  data format...............: continuous
#  setname...................: BDF file
#  filename..................: none_specified
#  filepath..................: none_specified
#  nchan.....................: 64
#  pnts......................: 328960
#  srate.....................: 256
#  nevents...................: 646
#  generated by (bdf)........: 
#  generated by (set)........: BDF file
#  reported in ..............: 
#  prog Version..............: 8.02
#  creation date.............: 18-Nov-2020 17:16:18
#  user Account..............: 
# 
#  Non-editable header end --------------------------------------------------------------------------------

	bin 1,	# 60,	NegLargeDark
	bin 2,	# 60,	NegSmallDark
	bin 3,	# 60,	NegLargeBright
	bin 4,	# 60,	NegSmallBright
	bin 5,	# 60,	NeutLargeDark
	bin 6,	# 60,	NeutSmallDark
	bin 7,	# 60,	NeutLargeBright
	bin 8,	# 60,	NeutSmallBright



# item	 bepoch	  ecode	            label	      onset	          diff	     dura	b_flags	   a_flags	  enable	    bin
#                                                 (sec)           (msec)     (msec)    (binary)   (binary)


1     	0     	     11	 NeutSmallBright	      1.2812	      0.00	    0.0	    00000000     00000000	   1	[      8]
2     	0     	      6	  NegLargeBright	      3.6484	   2367.19	    0.0	    00000000     00000000	   1	[      3]
3     	0     	      6	  NegLargeBright	      6.0898	   2441.41	    0.0	    00000000     00000000	   1	[      3]
4     	0     	      4	    NegLargeDark	      8.3750	   2285.16	    0.0	    00000000     00000000	   1	[      1]
5     	0     	      7	  NegSmallBright	     10.4102	   2035.16	    0.0	    00000000     00000000	   1	[      4]
6     	0     	      8	   NeutLargeDark	     12.7812	   2371.09	    0.0	    00000000     00000000	   1	[      5]
7     	0     	     10	 NeutLargeBright	     15.0156	   2234.38	    0.0	    00000000     00000000	   1	[      7]
8     	0     	      5	    NegSmallDark	     17.2617	   2246.09	    0.0	    00000000     00000000	   1	[      2]
9     	0     	      7	  NegSmallBright	     19.3047	   2042.97	    0.0	    00000000     00000000	   1	[      4]
10    	0     	      9	   NeutSmallDark	     21.7188	   2414.06	    0.0	    00000000     00000000	   1	[      6]
11    	0     	     10	 NeutLargeBright	     23.8438	   2125.00	    0.0	    00000000     00000000	   1	[      7]
12    	0     	      9	   NeutSmallDark	     26.1875	   2343.75	    0.0	    00000000     00000000	   1	[      6]
13    	0     	      6	  NegLargeBright	     28.4492	   2261.72	    0.0	    00000000     00000000	   1	[      3]
14    	0     	      9	   NeutSmallDark	     30.7148	   2265.62	    0.0	    00000000     00000000	   1	[      6]
15    	0     	      9	   NeutSmallDark	     32.7773	   2062.50	    0.0	    00000000     00000000	   1	[      6]
16    	0     	     11	 NeutSmallBright	     34.9219	   2144.53	    0.0	    00000000     00000000	   1	[      8]
17    	0     	     11	 NeutSmallBright	     37.0273	   2105.47	    0.0	    00000000     00000000	   1	[      8]
18    	0     	     12	     condition12	     39.3711	   2343.75	    0.0	    00000000     00000000	   1	[       ]
19    	0     	      2	      condition2	     39.9414	    570.31	    0.0	    00000000     00000000	   1	[       ]
20    	0     	     10	 NeutLargeBright	     41.9727	   2031.25	    0.0	    00000000     00000000	   1	[      7]
21    	0     	      9	   NeutSmallDark	     44.3086	   2335.94	    0.0	    00000000     00000000	   1	[      6]
22    	0     	      9	   NeutSmallDark	     46.7109	   2402.34	    0.0	    00000000     00000000	   1	[      6]
23    	0     	     10	 NeutLargeBright	     49.2383	   2527.34	    0.0	    00000000     00000000	   1	[      7]
24    	0     	      6	  NegLargeBright	     51.6523	   2414.06	    0.0	    00000000     00000000	   1	[      3]
25    	0     	     10	 NeutLargeBright	     53.8438	   2191.41	    0.0	    00000000     00000000	   1	[      7]
26    	0     	      6	  NegLargeBright	     56.2188	   2375.00	    0.0	    00000000     00000000	   1	[      3]
27    	0     	      4	    NegLargeDark	     58.4453	   2226.56	    0.0	    00000000     00000000	   1	[      1]
28    	0     	      7	  NegSmallBright	     60.6484	   2203.12	    0.0	    00000000     00000000	   1	[      4]
29    	0     	      5	    NegSmallDark	     62.7305	   2082.03	    0.0	    00000000     00000000	   1	[      2]
30    	0     	      9	   NeutSmallDark	     65.1133	   2382.81	    0.0	    00000000     00000000	   1	[      6]
31    	0     	     11	 NeutSmallBright	     67.4688	   2355.47	    0.0	    00000000     00000000	   1	[      8]
32    	0     	      5	    NegSmallDark	     69.5430	   2074.22	    0.0	    00000000     00000000	   1	[      2]
33    	0     	     10	 NeutLargeBright	     71.8477	   2304.69	    0.0	    00000000     00000000	   1	[      7]
34    	0     	     10	 NeutLargeBright	     74.0000	   2152.34	    0.0	    00000000     00000000	   1	[      7]
35    	0     	     13	     condition13	     76.4766	   2476.56	    0.0	    00000000     00000000	   1	[       ]
36    	0     	      2	      condition2	     77.0234	    546.88	    0.0	    00000000     00000000	   1	[       ]
37    	0     	      9	   NeutSmallDark	     78.8008	   1777.34	    0.0	    00000000     00000000	   1	[      6]
38    	0     	     10	 NeutLargeBright	     80.8320	   2031.25	    0.0	    00000000     00000000	   1	[      7]
39    	0     	     11	 NeutSmallBright	     82.8750	   2042.97	    0.0	    00000000     00000000	   1	[      8]
40    	0     	     11	 NeutSmallBright	     85.3398	   2464.84	    0.0	    00000000     00000000	   1	[      8]
41    	0     	     13	     condition13	     87.6953	   2355.47	    0.0	    00000000     00000000	   1	[       ]
42    	0     	      2	      condition2	     88.6602	    964.84	    0.0	    00000000     00000000	   1	[       ]
43    	0     	     10	 NeutLargeBright	     90.0000	   1339.84	    0.0	    00000000     00000000	   1	[      7]
44    	0     	      4	    NegLargeDark	     92.1836	   2183.59	    0.0	    00000000     00000000	   1	[      1]
45    	0     	      9	   NeutSmallDark	     94.6367	   2453.12	    0.0	    00000000     00000000	   1	[      6]
46    	0     	      9	   NeutSmallDark	     96.7422	   2105.47	    0.0	    00000000     00000000	   1	[      6]
47    	0     	     11	 NeutSmallBright	     98.9336	   2191.41	    0.0	    00000000     00000000	   1	[      8]
48    	0     	      5	    NegSmallDark	    101.2773	   2343.75	    0.0	    00000000     00000000	   1	[      2]
49    	0     	     10	 NeutLargeBright	    103.3125	   2035.16	    0.0	    00000000     00000000	   1	[      7]
50    	0     	      4	    NegLargeDark	    105.6055	   2292.97	    0.0	    00000000     00000000	   1	[      1]
51    	0     	      7	  NegSmallBright	    108.0117	   2406.25	    0.0	    00000000     00000000	   1	[      4]
52    	0     	      4	    NegLargeDark	    110.5039	   2492.19	    0.0	    00000000     00000000	   1	[      1]
53    	0     	     11	 NeutSmallBright	    112.8086	   2304.69	    0.0	    00000000     00000000	   1	[      8]
54    	0     	     11	 NeutSmallBright	    115.1836	   2375.00	    0.0	    00000000     00000000	   1	[      8]
55    	0     	      6	  NegLargeBright	    117.4375	   2253.91	    0.0	    00000000     00000000	   1	[      3]
56    	0     	      7	  NegSmallBright	    119.6992	   2261.72	    0.0	    00000000     00000000	   1	[      4]
57    	0     	     10	 NeutLargeBright	    121.8438	   2144.53	    0.0	    00000000     00000000	   1	[      7]
58    	0     	     15	     condition15	    123.9805	   2136.72	    0.0	    00000000     00000000	   1	[       ]
59    	0     	      2	      condition2	    124.6602	    679.69	    0.0	    00000000     00000000	   1	[       ]
60    	0     	     11	 NeutSmallBright	    126.5039	   1843.75	    0.0	    00000000     00000000	   1	[      8]
61    	0     	      6	  NegLargeBright	    128.6367	   2132.81	    0.0	    00000000     00000000	   1	[      3]
62    	0     	      5	    NegSmallDark	    131.0430	   2406.25	    0.0	    00000000     00000000	   1	[      2]
63    	0     	     10	 NeutLargeBright	    133.3047	   2261.72	    0.0	    00000000     00000000	   1	[      7]
64    	0     	      7	  NegSmallBright	    135.6406	   2335.94	    0.0	    00000000     00000000	   1	[      4]
65    	0     	      4	    NegLargeDark	    138.1016	   2460.94	    0.0	    00000000     00000000	   1	[      1]
66    	0     	      5	    NegSmallDark	    140.1875	   2085.94	    0.0	    00000000     00000000	   1	[      2]
67    	0     	      5	    NegSmallDark	    142.3516	   2164.06	    0.0	    00000000     00000000	   1	[      2]
68    	0     	      9	   NeutSmallDark	    144.5352	   2183.59	    0.0	    00000000     00000000	   1	[      6]
69    	0     	      4	    NegLargeDark	    146.8398	   2304.69	    0.0	    00000000     00000000	   1	[      1]
70    	0     	      6	  NegLargeBright	    149.1641	   2324.22	    0.0	    00000000     00000000	   1	[      3]
71    	0     	      6	  NegLargeBright	    151.2773	   2113.28	    0.0	    00000000     00000000	   1	[      3]
72    	0     	     14	     condition14	    153.3086	   2031.25	    0.0	    00000000     00000000	   1	[       ]
73    	0     	      2	      condition2	    154.1172	    808.59	    0.0	    00000000     00000000	   1	[       ]
74    	0     	      7	  NegSmallBright	    155.5547	   1437.50	    0.0	    00000000     00000000	   1	[      4]
75    	0     	      2	      condition2	    157.0938	   1539.06	    0.0	    00000000     00000000	   1	[       ]
76    	0     	     11	 NeutSmallBright	    157.9883	    894.53	    0.0	    00000000     00000000	   1	[      8]
77    	0     	      5	    NegSmallDark	    161.3750	   3386.72	    0.0	    00000000     00000000	   1	[      2]
78    	0     	     10	 NeutLargeBright	    163.8008	   2425.78	    0.0	    00000000     00000000	   1	[      7]
79    	0     	      6	  NegLargeBright	    166.2539	   2453.12	    0.0	    00000000     00000000	   1	[      3]
80    	0     	      8	   NeutLargeDark	    168.6172	   2363.28	    0.0	    00000000     00000000	   1	[      5]
81    	0     	      4	    NegLargeDark	    170.6914	   2074.22	    0.0	    00000000     00000000	   1	[      1]
82    	0     	      7	  NegSmallBright	    172.9961	   2304.69	    0.0	    00000000     00000000	   1	[      4]
83    	0     	     14	     condition14	    175.4102	   2414.06	    0.0	    00000000     00000000	   1	[       ]
84    	0     	      2	      condition2	    176.2773	    867.19	    0.0	    00000000     00000000	   1	[       ]
85    	0     	     12	     condition12	    177.9258	   1648.44	    0.0	    00000000     00000000	   1	[       ]
86    	0     	      2	      condition2	    179.1406	   1214.84	    0.0	    00000000     00000000	   1	[       ]
87    	0     	      4	    NegLargeDark	    180.0273	    886.72	    0.0	    00000000     00000000	   1	[      1]
88    	0     	      4	    NegLargeDark	    182.3711	   2343.75	    0.0	    00000000     00000000	   1	[      1]
89    	0     	      5	    NegSmallDark	    184.4570	   2085.94	    0.0	    00000000     00000000	   1	[      2]
90    	0     	      5	    NegSmallDark	    186.5000	   2042.97	    0.0	    00000000     00000000	   1	[      2]
91    	0     	     13	     condition13	    188.6250	   2125.00	    0.0	    00000000     00000000	   1	[       ]
92    	0     	      2	      condition2	    189.2578	    632.81	    0.0	    00000000     00000000	   1	[       ]
93    	0     	      9	   NeutSmallDark	    190.7891	   1531.25	    0.0	    00000000     00000000	   1	[      6]
94    	0     	      4	    NegLargeDark	    192.9297	   2140.62	    0.0	    00000000     00000000	   1	[      1]
95    	0     	      8	   NeutLargeDark	    195.2734	   2343.75	    0.0	    00000000     00000000	   1	[      5]
96    	0     	     14	     condition14	    197.6602	   2386.72	    0.0	    00000000     00000000	   1	[       ]
97    	0     	      2	      condition2	    198.2500	    589.84	    0.0	    00000000     00000000	   1	[       ]
98    	0     	     14	     condition14	    199.9844	   1734.38	    0.0	    00000000     00000000	   1	[       ]
99    	0     	      2	      condition2	    200.6875	    703.12	    0.0	    00000000     00000000	   1	[       ]
100   	0     	     11	 NeutSmallBright	    202.2969	   1609.38	    0.0	    00000000     00000000	   1	[      8]
101   	0     	      9	   NeutSmallDark	    204.7734	   2476.56	    0.0	    00000000     00000000	   1	[      6]
102   	0     	      6	  NegLargeBright	    207.3047	   2531.25	    0.0	    00000000     00000000	   1	[      3]
103   	0     	      6	  NegLargeBright	    209.5117	   2207.03	    0.0	    00000000     00000000	   1	[      3]
104   	0     	      4	    NegLargeDark	    211.9453	   2433.59	    0.0	    00000000     00000000	   1	[      1]
105   	0     	      2	      condition2	    212.4688	    523.44	    0.0	    00000000     00000000	   1	[       ]
106   	0     	      7	  NegSmallBright	    214.4180	   1949.22	    0.0	    00000000     00000000	   1	[      4]
107   	0     	      5	    NegSmallDark	    216.5312	   2113.28	    0.0	    00000000     00000000	   1	[      2]
108   	0     	     10	 NeutLargeBright	    219.0469	   2515.62	    0.0	    00000000     00000000	   1	[      7]
109   	0     	     10	 NeutLargeBright	    221.4023	   2355.47	    0.0	    00000000     00000000	   1	[      7]
110   	0     	      6	  NegLargeBright	    223.8242	   2421.88	    0.0	    00000000     00000000	   1	[      3]
111   	0     	     10	 NeutLargeBright	    225.9688	   2144.53	    0.0	    00000000     00000000	   1	[      7]
112   	0     	      6	  NegLargeBright	    228.4531	   2484.38	    0.0	    00000000     00000000	   1	[      3]
113   	0     	      6	  NegLargeBright	    230.5469	   2093.75	    0.0	    00000000     00000000	   1	[      3]
114   	0     	      8	   NeutLargeDark	    232.8711	   2324.22	    0.0	    00000000     00000000	   1	[      5]
115   	0     	     11	 NeutSmallBright	    234.9531	   2082.03	    0.0	    00000000     00000000	   1	[      8]
116   	0     	     11	 NeutSmallBright	    237.0703	   2117.19	    0.0	    00000000     00000000	   1	[      8]
117   	0     	      4	    NegLargeDark	    239.4727	   2402.34	    0.0	    00000000     00000000	   1	[      1]
118   	0     	     10	 NeutLargeBright	    241.6172	   2144.53	    0.0	    00000000     00000000	   1	[      7]
119   	0     	     15	     condition15	    243.7305	   2113.28	    0.0	    00000000     00000000	   1	[       ]
120   	0     	      2	      condition2	    244.3125	    582.03	    0.0	    00000000     00000000	   1	[       ]
121   	0     	      7	  NegSmallBright	    246.0664	   1753.91	    0.0	    00000000     00000000	   1	[      4]
122   	0     	      8	   NeutLargeDark	    248.2500	   2183.59	    0.0	    00000000     00000000	   1	[      5]
123   	0     	      7	  NegSmallBright	    250.3320	   2082.03	    0.0	    00000000     00000000	   1	[      4]
124   	0     	     15	     condition15	    252.5469	   2214.84	    0.0	    00000000     00000000	   1	[       ]
125   	0     	      2	      condition2	    253.1562	    609.38	    0.0	    00000000     00000000	   1	[       ]
126   	0     	      8	   NeutLargeDark	    254.7891	   1632.81	    0.0	    00000000     00000000	   1	[      5]
127   	0     	     14	     condition14	    257.1328	   2343.75	    0.0	    00000000     00000000	   1	[       ]
128   	0     	      2	      condition2	    257.6836	    550.78	    0.0	    00000000     00000000	   1	[       ]
129   	0     	     10	 NeutLargeBright	    259.3086	   1625.00	    0.0	    00000000     00000000	   1	[      7]
130   	0     	     13	     condition13	    261.6328	   2324.22	    0.0	    00000000     00000000	   1	[       ]
131   	0     	      2	      condition2	    262.1836	    550.78	    0.0	    00000000     00000000	   1	[       ]
132   	0     	      4	    NegLargeDark	    263.7773	   1593.75	    0.0	    00000000     00000000	   1	[      1]
133   	0     	     13	     condition13	    265.8086	   2031.25	    0.0	    00000000     00000000	   1	[       ]
134   	0     	      2	      condition2	    266.3477	    539.06	    0.0	    00000000     00000000	   1	[       ]
135   	0     	      9	   NeutSmallDark	    268.1719	   1824.22	    0.0	    00000000     00000000	   1	[      6]
136   	0     	      6	  NegLargeBright	    270.2070	   2035.16	    0.0	    00000000     00000000	   1	[      3]
137   	0     	      9	   NeutSmallDark	    272.3398	   2132.81	    0.0	    00000000     00000000	   1	[      6]
138   	0     	      6	  NegLargeBright	    274.6133	   2273.44	    0.0	    00000000     00000000	   1	[      3]
139   	0     	      7	  NegSmallBright	    276.7500	   2136.72	    0.0	    00000000     00000000	   1	[      4]
140   	0     	      6	  NegLargeBright	    278.8008	   2050.78	    0.0	    00000000     00000000	   1	[      3]
141   	0     	      5	    NegSmallDark	    281.3164	   2515.62	    0.0	    00000000     00000000	   1	[      2]
142   	0     	      5	    NegSmallDark	    283.7305	   2414.06	    0.0	    00000000     00000000	   1	[      2]
143   	0     	      9	   NeutSmallDark	    285.9141	   2183.59	    0.0	    00000000     00000000	   1	[      6]
144   	0     	     10	 NeutLargeBright	    288.2500	   2335.94	    0.0	    00000000     00000000	   1	[      7]
145   	0     	     11	 NeutSmallBright	    290.4727	   2222.66	    0.0	    00000000     00000000	   1	[      8]
146   	0     	     10	 NeutLargeBright	    292.5664	   2093.75	    0.0	    00000000     00000000	   1	[      7]
147   	0     	     13	     condition13	    294.6680	   2101.56	    0.0	    00000000     00000000	   1	[       ]
148   	0     	      2	      condition2	    295.2070	    539.06	    0.0	    00000000     00000000	   1	[       ]
149   	0     	      4	    NegLargeDark	    297.0859	   1878.91	    0.0	    00000000     00000000	   1	[      1]
150   	0     	      5	    NegSmallDark	    299.1680	   2082.03	    0.0	    00000000     00000000	   1	[      2]
151   	0     	     10	 NeutLargeBright	    301.5703	   2402.34	    0.0	    00000000     00000000	   1	[      7]
152   	0     	     12	     condition12	    303.9648	   2394.53	    0.0	    00000000     00000000	   1	[       ]
153   	0     	      2	      condition2	    304.7461	    781.25	    0.0	    00000000     00000000	   1	[       ]
154   	0     	      5	    NegSmallDark	    306.0391	   1292.97	    0.0	    00000000     00000000	   1	[      2]
155   	0     	      9	   NeutSmallDark	    308.3750	   2335.94	    0.0	    00000000     00000000	   1	[      6]
156   	0     	      5	    NegSmallDark	    310.7070	   2332.03	    0.0	    00000000     00000000	   1	[      2]
157   	0     	      8	   NeutLargeDark	    312.8828	   2175.78	    0.0	    00000000     00000000	   1	[      5]
158   	0     	      4	    NegLargeDark	    314.9766	   2093.75	    0.0	    00000000     00000000	   1	[      1]
159   	0     	      8	   NeutLargeDark	    317.2812	   2304.69	    0.0	    00000000     00000000	   1	[      5]
160   	0     	    253	              ""	    319.7969	   2515.62	    0.0	    00000000     00000000	   1	[       ]
161   	0     	     11	 NeutSmallBright	    320.7891	    992.19	    0.0	    00000000     00000000	   1	[      8]
162   	0     	      8	   NeutLargeDark	    323.1328	   2343.75	    0.0	    00000000     00000000	   1	[      5]
163   	0     	      6	  NegLargeBright	    325.1641	   2031.25	    0.0	    00000000     00000000	   1	[      3]
164   	0     	      6	  NegLargeBright	    327.6797	   2515.62	    0.0	    00000000     00000000	   1	[      3]
165   	0     	      7	  NegSmallBright	    329.9648	   2285.16	    0.0	    00000000     00000000	   1	[      4]
166   	0     	      6	  NegLargeBright	    332.3477	   2382.81	    0.0	    00000000     00000000	   1	[      3]
167   	0     	      9	   NeutSmallDark	    334.5234	   2175.78	    0.0	    00000000     00000000	   1	[      6]
168   	0     	      2	      condition2	    336.1367	   1613.28	    0.0	    00000000     00000000	   1	[       ]
169   	0     	      4	    NegLargeDark	    336.9453	    808.59	    0.0	    00000000     00000000	   1	[      1]
170   	0     	      6	  NegLargeBright	    339.0117	   2066.41	    0.0	    00000000     00000000	   1	[      3]
171   	0     	      6	  NegLargeBright	    341.1250	   2113.28	    0.0	    00000000     00000000	   1	[      3]
172   	0     	     10	 NeutLargeBright	    343.2578	   2132.81	    0.0	    00000000     00000000	   1	[      7]
173   	0     	      7	  NegSmallBright	    345.7227	   2464.84	    0.0	    00000000     00000000	   1	[      4]
174   	0     	     13	     condition13	    348.0977	   2375.00	    0.0	    00000000     00000000	   1	[       ]
175   	0     	      2	      condition2	    348.6211	    523.44	    0.0	    00000000     00000000	   1	[       ]
176   	0     	     12	     condition12	    350.5703	   1949.22	    0.0	    00000000     00000000	   1	[       ]
177   	0     	      2	      condition2	    351.0898	    519.53	    0.0	    00000000     00000000	   1	[       ]
178   	0     	      5	    NegSmallDark	    352.9727	   1882.81	    0.0	    00000000     00000000	   1	[      2]
179   	0     	     10	 NeutLargeBright	    355.4297	   2457.03	    0.0	    00000000     00000000	   1	[      7]
180   	0     	      5	    NegSmallDark	    357.8945	   2464.84	    0.0	    00000000     00000000	   1	[      2]
181   	0     	     12	     condition12	    359.9648	   2070.31	    0.0	    00000000     00000000	   1	[       ]
182   	0     	      2	      condition2	    360.4766	    511.72	    0.0	    00000000     00000000	   1	[       ]
183   	0     	      4	    NegLargeDark	    362.1094	   1632.81	    0.0	    00000000     00000000	   1	[      1]
184   	0     	      7	  NegSmallBright	    364.4141	   2304.69	    0.0	    00000000     00000000	   1	[      4]
185   	0     	      9	   NeutSmallDark	    366.7500	   2335.94	    0.0	    00000000     00000000	   1	[      6]
186   	0     	      8	   NeutLargeDark	    369.2539	   2503.91	    0.0	    00000000     00000000	   1	[      5]
187   	0     	      5	    NegSmallDark	    371.4258	   2171.88	    0.0	    00000000     00000000	   1	[      2]
188   	0     	      5	    NegSmallDark	    373.4609	   2035.16	    0.0	    00000000     00000000	   1	[      2]
189   	0     	      7	  NegSmallBright	    375.8633	   2402.34	    0.0	    00000000     00000000	   1	[      4]
190   	0     	      6	  NegLargeBright	    378.3594	   2496.09	    0.0	    00000000     00000000	   1	[      3]
191   	0     	     10	 NeutLargeBright	    380.4336	   2074.22	    0.0	    00000000     00000000	   1	[      7]
192   	0     	     15	     condition15	    382.9062	   2472.66	    0.0	    00000000     00000000	   1	[       ]
193   	0     	      2	      condition2	    383.5586	    652.34	    0.0	    00000000     00000000	   1	[       ]
194   	0     	     11	 NeutSmallBright	    385.1523	   1593.75	    0.0	    00000000     00000000	   1	[      8]
195   	0     	     13	     condition13	    387.5234	   2371.09	    0.0	    00000000     00000000	   1	[       ]
196   	0     	      2	      condition2	    388.0352	    511.72	    0.0	    00000000     00000000	   1	[       ]
197   	0     	      8	   NeutLargeDark	    389.6875	   1652.34	    0.0	    00000000     00000000	   1	[      5]
198   	0     	      6	  NegLargeBright	    392.0039	   2316.41	    0.0	    00000000     00000000	   1	[      3]
199   	0     	      5	    NegSmallDark	    394.0469	   2042.97	    0.0	    00000000     00000000	   1	[      2]
200   	0     	     11	 NeutSmallBright	    396.4414	   2394.53	    0.0	    00000000     00000000	   1	[      8]
201   	0     	      9	   NeutSmallDark	    398.9258	   2484.38	    0.0	    00000000     00000000	   1	[      6]
202   	0     	      9	   NeutSmallDark	    401.3203	   2394.53	    0.0	    00000000     00000000	   1	[      6]
203   	0     	      4	    NegLargeDark	    403.4414	   2121.09	    0.0	    00000000     00000000	   1	[      1]
204   	0     	      8	   NeutLargeDark	    405.7461	   2304.69	    0.0	    00000000     00000000	   1	[      5]
205   	0     	      5	    NegSmallDark	    408.1211	   2375.00	    0.0	    00000000     00000000	   1	[      2]
206   	0     	      9	   NeutSmallDark	    410.4062	   2285.16	    0.0	    00000000     00000000	   1	[      6]
207   	0     	      4	    NegLargeDark	    412.6875	   2281.25	    0.0	    00000000     00000000	   1	[      1]
208   	0     	     12	     condition12	    414.7812	   2093.75	    0.0	    00000000     00000000	   1	[       ]
209   	0     	      2	      condition2	    415.3633	    582.03	    0.0	    00000000     00000000	   1	[       ]
210   	0     	      8	   NeutLargeDark	    417.2891	   1925.78	    0.0	    00000000     00000000	   1	[      5]
211   	0     	      6	  NegLargeBright	    419.3594	   2070.31	    0.0	    00000000     00000000	   1	[      3]
212   	0     	     14	     condition14	    421.4258	   2066.41	    0.0	    00000000     00000000	   1	[       ]
213   	0     	      2	      condition2	    422.1367	    710.94	    0.0	    00000000     00000000	   1	[       ]
214   	0     	      7	  NegSmallBright	    423.5195	   1382.81	    0.0	    00000000     00000000	   1	[      4]
215   	0     	      7	  NegSmallBright	    425.9219	   2402.34	    0.0	    00000000     00000000	   1	[      4]
216   	0     	      7	  NegSmallBright	    427.9844	   2062.50	    0.0	    00000000     00000000	   1	[      4]
217   	0     	     11	 NeutSmallBright	    430.3398	   2355.47	    0.0	    00000000     00000000	   1	[      8]
218   	0     	     14	     condition14	    432.3750	   2035.16	    0.0	    00000000     00000000	   1	[       ]
219   	0     	      2	      condition2	    432.9375	    562.50	    0.0	    00000000     00000000	   1	[       ]
220   	0     	      5	    NegSmallDark	    434.4180	   1480.47	    0.0	    00000000     00000000	   1	[      2]
221   	0     	     11	 NeutSmallBright	    436.8438	   2425.78	    0.0	    00000000     00000000	   1	[      8]
222   	0     	     11	 NeutSmallBright	    439.2266	   2382.81	    0.0	    00000000     00000000	   1	[      8]
223   	0     	     11	 NeutSmallBright	    441.3984	   2171.88	    0.0	    00000000     00000000	   1	[      8]
224   	0     	     11	 NeutSmallBright	    443.4648	   2066.41	    0.0	    00000000     00000000	   1	[      8]
225   	0     	     12	     condition12	    445.9492	   2484.38	    0.0	    00000000     00000000	   1	[       ]
226   	0     	      2	      condition2	    446.4805	    531.25	    0.0	    00000000     00000000	   1	[       ]
227   	0     	      8	   NeutLargeDark	    447.9922	   1511.72	    0.0	    00000000     00000000	   1	[      5]
228   	0     	     12	     condition12	    450.2656	   2273.44	    0.0	    00000000     00000000	   1	[       ]
229   	0     	      2	      condition2	    450.9688	    703.12	    0.0	    00000000     00000000	   1	[       ]
230   	0     	      4	    NegLargeDark	    452.7305	   1761.72	    0.0	    00000000     00000000	   1	[      1]
231   	0     	      9	   NeutSmallDark	    454.8750	   2144.53	    0.0	    00000000     00000000	   1	[      6]
232   	0     	      5	    NegSmallDark	    457.2188	   2343.75	    0.0	    00000000     00000000	   1	[      2]
233   	0     	      5	    NegSmallDark	    459.3008	   2082.03	    0.0	    00000000     00000000	   1	[      2]
234   	0     	     10	 NeutLargeBright	    461.7070	   2406.25	    0.0	    00000000     00000000	   1	[      7]
235   	0     	     11	 NeutSmallBright	    463.8203	   2113.28	    0.0	    00000000     00000000	   1	[      8]
236   	0     	     11	 NeutSmallBright	    466.1719	   2351.56	    0.0	    00000000     00000000	   1	[      8]
237   	0     	      9	   NeutSmallDark	    468.2461	   2074.22	    0.0	    00000000     00000000	   1	[      6]
238   	0     	      7	  NegSmallBright	    470.4727	   2226.56	    0.0	    00000000     00000000	   1	[      4]
239   	0     	     11	 NeutSmallBright	    472.8438	   2371.09	    0.0	    00000000     00000000	   1	[      8]
240   	0     	     11	 NeutSmallBright	    475.0273	   2183.59	    0.0	    00000000     00000000	   1	[      8]
241   	0     	     11	 NeutSmallBright	    477.4727	   2445.31	    0.0	    00000000     00000000	   1	[      8]
242   	0     	    253	              ""	    479.8125	   2339.84	    0.0	    00000000     00000000	   1	[       ]
243   	0     	     10	 NeutLargeBright	    480.8125	   1000.00	    0.0	    00000000     00000000	   1	[      7]
244   	0     	      8	   NeutLargeDark	    482.9258	   2113.28	    0.0	    00000000     00000000	   1	[      5]
245   	0     	      8	   NeutLargeDark	    485.4023	   2476.56	    0.0	    00000000     00000000	   1	[      5]
246   	0     	      8	   NeutLargeDark	    487.8672	   2464.84	    0.0	    00000000     00000000	   1	[      5]
247   	0     	     11	 NeutSmallBright	    490.2617	   2394.53	    0.0	    00000000     00000000	   1	[      8]
248   	0     	     15	     condition15	    492.7344	   2472.66	    0.0	    00000000     00000000	   1	[       ]
249   	0     	      2	      condition2	    493.4531	    718.75	    0.0	    00000000     00000000	   1	[       ]
250   	0     	     10	 NeutLargeBright	    495.2305	   1777.34	    0.0	    00000000     00000000	   1	[      7]
251   	0     	      7	  NegSmallBright	    497.4727	   2242.19	    0.0	    00000000     00000000	   1	[      4]
252   	0     	     14	     condition14	    499.8555	   2382.81	    0.0	    00000000     00000000	   1	[       ]
253   	0     	      2	      condition2	    500.4727	    617.19	    0.0	    00000000     00000000	   1	[       ]
254   	0     	      5	    NegSmallDark	    502.2695	   1796.88	    0.0	    00000000     00000000	   1	[      2]
255   	0     	     13	     condition13	    504.5742	   2304.69	    0.0	    00000000     00000000	   1	[       ]
256   	0     	      2	      condition2	    505.2852	    710.94	    0.0	    00000000     00000000	   1	[       ]
257   	0     	      8	   NeutLargeDark	    506.8984	   1613.28	    0.0	    00000000     00000000	   1	[      5]
258   	0     	      8	   NeutLargeDark	    509.2227	   2324.22	    0.0	    00000000     00000000	   1	[      5]
259   	0     	      5	    NegSmallDark	    511.4570	   2234.38	    0.0	    00000000     00000000	   1	[      2]
260   	0     	      9	   NeutSmallDark	    513.5703	   2113.28	    0.0	    00000000     00000000	   1	[      6]
261   	0     	      7	  NegSmallBright	    515.7461	   2175.78	    0.0	    00000000     00000000	   1	[      4]
262   	0     	      6	  NegLargeBright	    518.1992	   2453.12	    0.0	    00000000     00000000	   1	[      3]
263   	0     	      4	    NegLargeDark	    520.5625	   2363.28	    0.0	    00000000     00000000	   1	[      1]
264   	0     	      6	  NegLargeBright	    522.9297	   2367.19	    0.0	    00000000     00000000	   1	[      3]
265   	0     	      8	   NeutLargeDark	    525.4414	   2511.72	    0.0	    00000000     00000000	   1	[      5]
266   	0     	      6	  NegLargeBright	    527.7852	   2343.75	    0.0	    00000000     00000000	   1	[      3]
267   	0     	      8	   NeutLargeDark	    529.9609	   2175.78	    0.0	    00000000     00000000	   1	[      5]
268   	0     	     15	     condition15	    532.0352	   2074.22	    0.0	    00000000     00000000	   1	[       ]
269   	0     	      2	      condition2	    533.0508	   1015.62	    0.0	    00000000     00000000	   1	[       ]
270   	0     	     10	 NeutLargeBright	    534.3359	   1285.16	    0.0	    00000000     00000000	   1	[      7]
271   	0     	     11	 NeutSmallBright	    536.7617	   2425.78	    0.0	    00000000     00000000	   1	[      8]
272   	0     	      7	  NegSmallBright	    538.9375	   2175.78	    0.0	    00000000     00000000	   1	[      4]
273   	0     	      9	   NeutSmallDark	    541.1992	   2261.72	    0.0	    00000000     00000000	   1	[      6]
274   	0     	      4	    NegLargeDark	    543.3438	   2144.53	    0.0	    00000000     00000000	   1	[      1]
275   	0     	      6	  NegLargeBright	    545.6875	   2343.75	    0.0	    00000000     00000000	   1	[      3]
276   	0     	      8	   NeutLargeDark	    548.1133	   2425.78	    0.0	    00000000     00000000	   1	[      5]
277   	0     	      9	   NeutSmallDark	    550.2969	   2183.59	    0.0	    00000000     00000000	   1	[      6]
278   	0     	     15	     condition15	    552.6719	   2375.00	    0.0	    00000000     00000000	   1	[       ]
279   	0     	      2	      condition2	    553.2969	    625.00	    0.0	    00000000     00000000	   1	[       ]
280   	0     	     11	 NeutSmallBright	    555.0156	   1718.75	    0.0	    00000000     00000000	   1	[      8]
281   	0     	      8	   NeutLargeDark	    557.3477	   2332.03	    0.0	    00000000     00000000	   1	[      5]
282   	0     	      8	   NeutLargeDark	    559.8633	   2515.62	    0.0	    00000000     00000000	   1	[      5]
283   	0     	      7	  NegSmallBright	    562.1953	   2332.03	    0.0	    00000000     00000000	   1	[      4]
284   	0     	      7	  NegSmallBright	    564.4219	   2226.56	    0.0	    00000000     00000000	   1	[      4]
285   	0     	      5	    NegSmallDark	    566.8633	   2441.41	    0.0	    00000000     00000000	   1	[      2]
286   	0     	      7	  NegSmallBright	    569.2500	   2386.72	    0.0	    00000000     00000000	   1	[      4]
287   	0     	     11	 NeutSmallBright	    571.3242	   2074.22	    0.0	    00000000     00000000	   1	[      8]
288   	0     	      5	    NegSmallDark	    573.5859	   2261.72	    0.0	    00000000     00000000	   1	[      2]
289   	0     	      7	  NegSmallBright	    575.6289	   2042.97	    0.0	    00000000     00000000	   1	[      4]
290   	0     	      4	    NegLargeDark	    578.1250	   2496.09	    0.0	    00000000     00000000	   1	[      1]
291   	0     	     10	 NeutLargeBright	    580.5391	   2414.06	    0.0	    00000000     00000000	   1	[      7]
292   	0     	      6	  NegLargeBright	    583.0117	   2472.66	    0.0	    00000000     00000000	   1	[      3]
293   	0     	      4	    NegLargeDark	    585.3789	   2367.19	    0.0	    00000000     00000000	   1	[      1]
294   	0     	     10	 NeutLargeBright	    587.8906	   2511.72	    0.0	    00000000     00000000	   1	[      7]
295   	0     	     11	 NeutSmallBright	    590.0273	   2136.72	    0.0	    00000000     00000000	   1	[      8]
296   	0     	      7	  NegSmallBright	    592.3398	   2312.50	    0.0	    00000000     00000000	   1	[      4]
297   	0     	      4	    NegLargeDark	    594.4023	   2062.50	    0.0	    00000000     00000000	   1	[      1]
298   	0     	      8	   NeutLargeDark	    596.5859	   2183.59	    0.0	    00000000     00000000	   1	[      5]
299   	0     	      8	   NeutLargeDark	    598.6602	   2074.22	    0.0	    00000000     00000000	   1	[      5]
300   	0     	      8	   NeutLargeDark	    600.9141	   2253.91	    0.0	    00000000     00000000	   1	[      5]
301   	0     	      7	  NegSmallBright	    602.9883	   2074.22	    0.0	    00000000     00000000	   1	[      4]
302   	0     	      9	   NeutSmallDark	    605.3242	   2335.94	    0.0	    00000000     00000000	   1	[      6]
303   	0     	      7	  NegSmallBright	    607.4258	   2101.56	    0.0	    00000000     00000000	   1	[      4]
304   	0     	      7	  NegSmallBright	    609.8008	   2375.00	    0.0	    00000000     00000000	   1	[      4]
305   	0     	      5	    NegSmallDark	    612.1562	   2355.47	    0.0	    00000000     00000000	   1	[      2]
306   	0     	     12	     condition12	    614.2188	   2062.50	    0.0	    00000000     00000000	   1	[       ]
307   	0     	      2	      condition2	    614.8555	    636.72	    0.0	    00000000     00000000	   1	[       ]
308   	0     	     11	 NeutSmallBright	    616.4531	   1597.66	    0.0	    00000000     00000000	   1	[      8]
309   	0     	      5	    NegSmallDark	    618.5156	   2062.50	    0.0	    00000000     00000000	   1	[      2]
310   	0     	      7	  NegSmallBright	    620.9102	   2394.53	    0.0	    00000000     00000000	   1	[      4]
311   	0     	      9	   NeutSmallDark	    623.1250	   2214.84	    0.0	    00000000     00000000	   1	[      6]
312   	0     	      6	  NegLargeBright	    625.6172	   2492.19	    0.0	    00000000     00000000	   1	[      3]
313   	0     	      7	  NegSmallBright	    627.8516	   2234.38	    0.0	    00000000     00000000	   1	[      4]
314   	0     	     11	 NeutSmallBright	    630.0039	   2152.34	    0.0	    00000000     00000000	   1	[      8]
315   	0     	      9	   NeutSmallDark	    632.5117	   2507.81	    0.0	    00000000     00000000	   1	[      6]
316   	0     	      4	    NegLargeDark	    634.7656	   2253.91	    0.0	    00000000     00000000	   1	[      1]
317   	0     	     11	 NeutSmallBright	    636.9375	   2171.88	    0.0	    00000000     00000000	   1	[      8]
318   	0     	     12	     condition12	    639.4219	   2484.38	    0.0	    00000000     00000000	   1	[       ]
319   	0     	      2	      condition2	    640.0195	    597.66	    0.0	    00000000     00000000	   1	[       ]
320   	0     	    253	              ""	    641.0938	   1074.22	    0.0	    00000000     00000000	   1	[       ]
321   	0     	      9	   NeutSmallDark	    642.0898	    996.09	    0.0	    00000000     00000000	   1	[      6]
322   	0     	      6	  NegLargeBright	    644.4062	   2316.41	    0.0	    00000000     00000000	   1	[      3]
323   	0     	      8	   NeutLargeDark	    646.5469	   2140.62	    0.0	    00000000     00000000	   1	[      5]
324   	0     	      7	  NegSmallBright	    648.7305	   2183.59	    0.0	    00000000     00000000	   1	[      4]
325   	0     	     14	     condition14	    650.9141	   2183.59	    0.0	    00000000     00000000	   1	[       ]
326   	0     	      2	      condition2	    651.6016	    687.50	    0.0	    00000000     00000000	   1	[       ]
327   	0     	     14	     condition14	    653.3320	   1730.47	    0.0	    00000000     00000000	   1	[       ]
328   	0     	      2	      condition2	    653.9492	    617.19	    0.0	    00000000     00000000	   1	[       ]
329   	0     	      6	  NegLargeBright	    655.4648	   1515.62	    0.0	    00000000     00000000	   1	[      3]
330   	0     	      7	  NegSmallBright	    657.5156	   2050.78	    0.0	    00000000     00000000	   1	[      4]
331   	0     	      6	  NegLargeBright	    659.6016	   2085.94	    0.0	    00000000     00000000	   1	[      3]
332   	0     	     13	     condition13	    661.9570	   2355.47	    0.0	    00000000     00000000	   1	[       ]
333   	0     	      2	      condition2	    662.4844	    527.34	    0.0	    00000000     00000000	   1	[       ]
334   	0     	      9	   NeutSmallDark	    664.0078	   1523.44	    0.0	    00000000     00000000	   1	[      6]
335   	0     	      8	   NeutLargeDark	    666.1523	   2144.53	    0.0	    00000000     00000000	   1	[      5]
336   	0     	     12	     condition12	    668.4961	   2343.75	    0.0	    00000000     00000000	   1	[       ]
337   	0     	      2	      condition2	    669.0508	    554.69	    0.0	    00000000     00000000	   1	[       ]
338   	0     	     10	 NeutLargeBright	    670.8398	   1789.06	    0.0	    00000000     00000000	   1	[      7]
339   	0     	     12	     condition12	    673.3750	   2535.16	    0.0	    00000000     00000000	   1	[       ]
340   	0     	      2	      condition2	    673.9688	    593.75	    0.0	    00000000     00000000	   1	[       ]
341   	0     	     12	     condition12	    675.6992	   1730.47	    0.0	    00000000     00000000	   1	[       ]
342   	0     	      2	      condition2	    676.5430	    843.75	    0.0	    00000000     00000000	   1	[       ]
343   	0     	     11	 NeutSmallBright	    678.1328	   1589.84	    0.0	    00000000     00000000	   1	[      8]
344   	0     	      6	  NegLargeBright	    680.4766	   2343.75	    0.0	    00000000     00000000	   1	[      3]
345   	0     	      8	   NeutLargeDark	    682.9219	   2445.31	    0.0	    00000000     00000000	   1	[      5]
346   	0     	      4	    NegLargeDark	    685.4453	   2523.44	    0.0	    00000000     00000000	   1	[      1]
347   	0     	      8	   NeutLargeDark	    687.8398	   2394.53	    0.0	    00000000     00000000	   1	[      5]
348   	0     	      5	    NegSmallDark	    690.0039	   2164.06	    0.0	    00000000     00000000	   1	[      2]
349   	0     	      4	    NegLargeDark	    692.3672	   2363.28	    0.0	    00000000     00000000	   1	[      1]
350   	0     	     14	     condition14	    694.8320	   2464.84	    0.0	    00000000     00000000	   1	[       ]
351   	0     	      2	      condition2	    695.5938	    761.72	    0.0	    00000000     00000000	   1	[       ]
352   	0     	      8	   NeutLargeDark	    697.2578	   1664.06	    0.0	    00000000     00000000	   1	[      5]
353   	0     	     10	 NeutLargeBright	    699.4609	   2203.12	    0.0	    00000000     00000000	   1	[      7]
354   	0     	      8	   NeutLargeDark	    701.6836	   2222.66	    0.0	    00000000     00000000	   1	[      5]
355   	0     	     11	 NeutSmallBright	    704.1914	   2507.81	    0.0	    00000000     00000000	   1	[      8]
356   	0     	      7	  NegSmallBright	    706.2344	   2042.97	    0.0	    00000000     00000000	   1	[      4]
357   	0     	      6	  NegLargeBright	    708.7461	   2511.72	    0.0	    00000000     00000000	   1	[      3]
358   	0     	     15	     condition15	    710.8008	   2054.69	    0.0	    00000000     00000000	   1	[       ]
359   	0     	      2	      condition2	    711.4258	    625.00	    0.0	    00000000     00000000	   1	[       ]
360   	0     	      8	   NeutLargeDark	    712.8867	   1460.94	    0.0	    00000000     00000000	   1	[      5]
361   	0     	      4	    NegLargeDark	    715.4297	   2542.97	    0.0	    00000000     00000000	   1	[      1]
362   	0     	      6	  NegLargeBright	    717.9453	   2515.62	    0.0	    00000000     00000000	   1	[      3]
363   	0     	      9	   NeutSmallDark	    719.9766	   2031.25	    0.0	    00000000     00000000	   1	[      6]
364   	0     	      9	   NeutSmallDark	    722.0312	   2054.69	    0.0	    00000000     00000000	   1	[      6]
365   	0     	     11	 NeutSmallBright	    724.5156	   2484.38	    0.0	    00000000     00000000	   1	[      8]
366   	0     	      5	    NegSmallDark	    727.0195	   2503.91	    0.0	    00000000     00000000	   1	[      2]
367   	0     	     10	 NeutLargeBright	    729.2852	   2265.62	    0.0	    00000000     00000000	   1	[      7]
368   	0     	      8	   NeutLargeDark	    731.7188	   2433.59	    0.0	    00000000     00000000	   1	[      5]
369   	0     	      6	  NegLargeBright	    734.0117	   2292.97	    0.0	    00000000     00000000	   1	[      3]
370   	0     	     11	 NeutSmallBright	    736.0859	   2074.22	    0.0	    00000000     00000000	   1	[      8]
371   	0     	      6	  NegLargeBright	    738.4688	   2382.81	    0.0	    00000000     00000000	   1	[      3]
372   	0     	     15	     condition15	    740.8242	   2355.47	    0.0	    00000000     00000000	   1	[       ]
373   	0     	      2	      condition2	    741.7461	    921.88	    0.0	    00000000     00000000	   1	[       ]
374   	0     	      9	   NeutSmallDark	    743.0781	   1332.03	    0.0	    00000000     00000000	   1	[      6]
375   	0     	     13	     condition13	    745.2812	   2203.12	    0.0	    00000000     00000000	   1	[       ]
376   	0     	      2	      condition2	    745.7656	    484.38	    0.0	    00000000     00000000	   1	[       ]
377   	0     	      4	    NegLargeDark	    747.5664	   1800.78	    0.0	    00000000     00000000	   1	[      1]
378   	0     	      8	   NeutLargeDark	    749.7500	   2183.59	    0.0	    00000000     00000000	   1	[      5]
379   	0     	      7	  NegSmallBright	    752.1328	   2382.81	    0.0	    00000000     00000000	   1	[      4]
380   	0     	      7	  NegSmallBright	    754.2383	   2105.47	    0.0	    00000000     00000000	   1	[      4]
381   	0     	     13	     condition13	    756.2617	   2023.44	    0.0	    00000000     00000000	   1	[       ]
382   	0     	      2	      condition2	    756.8398	    578.12	    0.0	    00000000     00000000	   1	[       ]
383   	0     	     11	 NeutSmallBright	    758.3047	   1464.84	    0.0	    00000000     00000000	   1	[      8]
384   	0     	      9	   NeutSmallDark	    760.7188	   2414.06	    0.0	    00000000     00000000	   1	[      6]
385   	0     	      8	   NeutLargeDark	    763.1836	   2464.84	    0.0	    00000000     00000000	   1	[      5]
386   	0     	     13	     condition13	    765.6172	   2433.59	    0.0	    00000000     00000000	   1	[       ]
387   	0     	      2	      condition2	    766.2539	    636.72	    0.0	    00000000     00000000	   1	[       ]
388   	0     	     12	     condition12	    767.6719	   1417.97	    0.0	    00000000     00000000	   1	[       ]
389   	0     	      2	      condition2	    768.1719	    500.00	    0.0	    00000000     00000000	   1	[       ]
390   	0     	      4	    NegLargeDark	    770.0039	   1832.03	    0.0	    00000000     00000000	   1	[      1]
391   	0     	      4	    NegLargeDark	    772.0781	   2074.22	    0.0	    00000000     00000000	   1	[      1]
392   	0     	     10	 NeutLargeBright	    774.4531	   2375.00	    0.0	    00000000     00000000	   1	[      7]
393   	0     	     10	 NeutLargeBright	    776.5977	   2144.53	    0.0	    00000000     00000000	   1	[      7]
394   	0     	      9	   NeutSmallDark	    778.8906	   2292.97	    0.0	    00000000     00000000	   1	[      6]
395   	0     	      7	  NegSmallBright	    781.2266	   2335.94	    0.0	    00000000     00000000	   1	[      4]
396   	0     	      7	  NegSmallBright	    783.3789	   2152.34	    0.0	    00000000     00000000	   1	[      4]
397   	0     	      9	   NeutSmallDark	    785.4531	   2074.22	    0.0	    00000000     00000000	   1	[      6]
398   	0     	     11	 NeutSmallBright	    787.9453	   2492.19	    0.0	    00000000     00000000	   1	[      8]
399   	0     	      6	  NegLargeBright	    790.4609	   2515.62	    0.0	    00000000     00000000	   1	[      3]
400   	0     	     14	     condition14	    792.8750	   2414.06	    0.0	    00000000     00000000	   1	[       ]
401   	0     	      2	      condition2	    793.6602	    785.16	    0.0	    00000000     00000000	   1	[       ]
402   	0     	      4	    NegLargeDark	    795.1602	   1500.00	    0.0	    00000000     00000000	   1	[      1]
403   	0     	      4	    NegLargeDark	    797.4727	   2312.50	    0.0	    00000000     00000000	   1	[      1]
404   	0     	     11	 NeutSmallBright	    799.6055	   2132.81	    0.0	    00000000     00000000	   1	[      8]
405   	0     	    253	              ""	    801.5156	   1910.16	    0.0	    00000000     00000000	   1	[       ]
406   	0     	     10	 NeutLargeBright	    802.5312	   1015.62	    0.0	    00000000     00000000	   1	[      7]
407   	0     	     11	 NeutSmallBright	    804.7578	   2226.56	    0.0	    00000000     00000000	   1	[      8]
408   	0     	      9	   NeutSmallDark	    806.8086	   2050.78	    0.0	    00000000     00000000	   1	[      6]
409   	0     	     11	 NeutSmallBright	    808.8633	   2054.69	    0.0	    00000000     00000000	   1	[      8]
410   	0     	     13	     condition13	    810.9062	   2042.97	    0.0	    00000000     00000000	   1	[       ]
411   	0     	      2	      condition2	    811.5312	    625.00	    0.0	    00000000     00000000	   1	[       ]
412   	0     	     11	 NeutSmallBright	    812.9688	   1437.50	    0.0	    00000000     00000000	   1	[      8]
413   	0     	      6	  NegLargeBright	    815.3555	   2386.72	    0.0	    00000000     00000000	   1	[      3]
414   	0     	     10	 NeutLargeBright	    817.5000	   2144.53	    0.0	    00000000     00000000	   1	[      7]
415   	0     	      5	    NegSmallDark	    819.6016	   2101.56	    0.0	    00000000     00000000	   1	[      2]
416   	0     	      6	  NegLargeBright	    821.9258	   2324.22	    0.0	    00000000     00000000	   1	[      3]
417   	0     	      7	  NegSmallBright	    824.1016	   2175.78	    0.0	    00000000     00000000	   1	[      4]
418   	0     	     12	     condition12	    826.4961	   2394.53	    0.0	    00000000     00000000	   1	[       ]
419   	0     	      2	      condition2	    827.0625	    566.41	    0.0	    00000000     00000000	   1	[       ]
420   	0     	      9	   NeutSmallDark	    828.9492	   1886.72	    0.0	    00000000     00000000	   1	[      6]
421   	0     	     11	 NeutSmallBright	    831.4141	   2464.84	    0.0	    00000000     00000000	   1	[      8]
422   	0     	      5	    NegSmallDark	    833.8867	   2472.66	    0.0	    00000000     00000000	   1	[      2]
423   	0     	      5	    NegSmallDark	    836.1523	   2265.62	    0.0	    00000000     00000000	   1	[      2]
424   	0     	      9	   NeutSmallDark	    838.6250	   2472.66	    0.0	    00000000     00000000	   1	[      6]
425   	0     	     15	     condition15	    841.0781	   2453.12	    0.0	    00000000     00000000	   1	[       ]
426   	0     	      2	      condition2	    841.7227	    644.53	    0.0	    00000000     00000000	   1	[       ]
427   	0     	      9	   NeutSmallDark	    843.2930	   1570.31	    0.0	    00000000     00000000	   1	[      6]
428   	0     	      8	   NeutLargeDark	    845.7461	   2453.12	    0.0	    00000000     00000000	   1	[      5]
429   	0     	     14	     condition14	    848.1914	   2445.31	    0.0	    00000000     00000000	   1	[       ]
430   	0     	      2	      condition2	    848.8398	    648.44	    0.0	    00000000     00000000	   1	[       ]
431   	0     	      4	    NegLargeDark	    850.6250	   1785.16	    0.0	    00000000     00000000	   1	[      1]
432   	0     	      7	  NegSmallBright	    853.1211	   2496.09	    0.0	    00000000     00000000	   1	[      4]
433   	0     	     15	     condition15	    855.2734	   2152.34	    0.0	    00000000     00000000	   1	[       ]
434   	0     	      2	      condition2	    856.0156	    742.19	    0.0	    00000000     00000000	   1	[       ]
435   	0     	      4	    NegLargeDark	    857.4375	   1421.88	    0.0	    00000000     00000000	   1	[      1]
436   	0     	      9	   NeutSmallDark	    859.8828	   2445.31	    0.0	    00000000     00000000	   1	[      6]
437   	0     	      4	    NegLargeDark	    861.9648	   2082.03	    0.0	    00000000     00000000	   1	[      1]
438   	0     	     15	     condition15	    864.2422	   2277.34	    0.0	    00000000     00000000	   1	[       ]
439   	0     	      2	      condition2	    864.9062	    664.06	    0.0	    00000000     00000000	   1	[       ]
440   	0     	      9	   NeutSmallDark	    866.7539	   1847.66	    0.0	    00000000     00000000	   1	[      6]
441   	0     	     10	 NeutLargeBright	    868.9180	   2164.06	    0.0	    00000000     00000000	   1	[      7]
442   	0     	      7	  NegSmallBright	    871.3750	   2457.03	    0.0	    00000000     00000000	   1	[      4]
443   	0     	      8	   NeutLargeDark	    873.5664	   2191.41	    0.0	    00000000     00000000	   1	[      5]
444   	0     	     14	     condition14	    875.9727	   2406.25	    0.0	    00000000     00000000	   1	[       ]
445   	0     	      2	      condition2	    876.6016	    628.91	    0.0	    00000000     00000000	   1	[       ]
446   	0     	     13	     condition13	    878.1836	   1582.03	    0.0	    00000000     00000000	   1	[       ]
447   	0     	      2	      condition2	    878.7812	    597.66	    0.0	    00000000     00000000	   1	[       ]
448   	0     	     12	     condition12	    880.2969	   1515.62	    0.0	    00000000     00000000	   1	[       ]
449   	0     	      2	      condition2	    881.0273	    730.47	    0.0	    00000000     00000000	   1	[       ]
450   	0     	      7	  NegSmallBright	    882.4336	   1406.25	    0.0	    00000000     00000000	   1	[      4]
451   	0     	     15	     condition15	    884.6445	   2210.94	    0.0	    00000000     00000000	   1	[       ]
452   	0     	      2	      condition2	    885.3750	    730.47	    0.0	    00000000     00000000	   1	[       ]
453   	0     	      5	    NegSmallDark	    886.6797	   1304.69	    0.0	    00000000     00000000	   1	[      2]
454   	0     	      6	  NegLargeBright	    888.9648	   2285.16	    0.0	    00000000     00000000	   1	[      3]
455   	0     	     11	 NeutSmallBright	    891.2695	   2304.69	    0.0	    00000000     00000000	   1	[      8]
456   	0     	     13	     condition13	    893.5938	   2324.22	    0.0	    00000000     00000000	   1	[       ]
457   	0     	      2	      condition2	    894.2617	    667.97	    0.0	    00000000     00000000	   1	[       ]
458   	0     	      8	   NeutLargeDark	    895.9648	   1703.12	    0.0	    00000000     00000000	   1	[      5]
459   	0     	     13	     condition13	    898.4609	   2496.09	    0.0	    00000000     00000000	   1	[       ]
460   	0     	      2	      condition2	    899.0625	    601.56	    0.0	    00000000     00000000	   1	[       ]
461   	0     	      7	  NegSmallBright	    900.6133	   1550.78	    0.0	    00000000     00000000	   1	[      4]
462   	0     	      5	    NegSmallDark	    903.0000	   2386.72	    0.0	    00000000     00000000	   1	[      2]
463   	0     	      5	    NegSmallDark	    905.5234	   2523.44	    0.0	    00000000     00000000	   1	[      2]
464   	0     	      5	    NegSmallDark	    907.5664	   2042.97	    0.0	    00000000     00000000	   1	[      2]
465   	0     	      6	  NegLargeBright	    909.6211	   2054.69	    0.0	    00000000     00000000	   1	[      3]
466   	0     	      8	   NeutLargeDark	    911.8828	   2261.72	    0.0	    00000000     00000000	   1	[      5]
467   	0     	      5	    NegSmallDark	    914.1602	   2277.34	    0.0	    00000000     00000000	   1	[      2]
468   	0     	     12	     condition12	    916.3906	   2230.47	    0.0	    00000000     00000000	   1	[       ]
469   	0     	      2	      condition2	    916.9688	    578.12	    0.0	    00000000     00000000	   1	[       ]
470   	0     	     11	 NeutSmallBright	    918.5039	   1535.16	    0.0	    00000000     00000000	   1	[      8]
471   	0     	      5	    NegSmallDark	    921.0195	   2515.62	    0.0	    00000000     00000000	   1	[      2]
472   	0     	      8	   NeutLargeDark	    923.2656	   2246.09	    0.0	    00000000     00000000	   1	[      5]
473   	0     	      9	   NeutSmallDark	    925.5195	   2253.91	    0.0	    00000000     00000000	   1	[      6]
474   	0     	      5	    NegSmallDark	    927.7227	   2203.12	    0.0	    00000000     00000000	   1	[      2]
475   	0     	      7	  NegSmallBright	    930.0781	   2355.47	    0.0	    00000000     00000000	   1	[      4]
476   	0     	     10	 NeutLargeBright	    932.2500	   2171.88	    0.0	    00000000     00000000	   1	[      7]
477   	0     	     15	     condition15	    934.6953	   2445.31	    0.0	    00000000     00000000	   1	[       ]
478   	0     	      2	      condition2	    935.3984	    703.12	    0.0	    00000000     00000000	   1	[       ]
479   	0     	      6	  NegLargeBright	    937.2188	   1820.31	    0.0	    00000000     00000000	   1	[      3]
480   	0     	      6	  NegLargeBright	    939.3242	   2105.47	    0.0	    00000000     00000000	   1	[      3]
481   	0     	      5	    NegSmallDark	    941.4453	   2121.09	    0.0	    00000000     00000000	   1	[      2]
482   	0     	     11	 NeutSmallBright	    943.5781	   2132.81	    0.0	    00000000     00000000	   1	[      8]
483   	0     	      7	  NegSmallBright	    945.7539	   2175.78	    0.0	    00000000     00000000	   1	[      4]
484   	0     	     10	 NeutLargeBright	    947.8281	   2074.22	    0.0	    00000000     00000000	   1	[      7]
485   	0     	      6	  NegLargeBright	    950.1523	   2324.22	    0.0	    00000000     00000000	   1	[      3]
486   	0     	      9	   NeutSmallDark	    952.2031	   2050.78	    0.0	    00000000     00000000	   1	[      6]
487   	0     	      8	   NeutLargeDark	    954.2578	   2054.69	    0.0	    00000000     00000000	   1	[      5]
488   	0     	     10	 NeutLargeBright	    956.7812	   2523.44	    0.0	    00000000     00000000	   1	[      7]
489   	0     	     13	     condition13	    959.0977	   2316.41	    0.0	    00000000     00000000	   1	[       ]
490   	0     	      2	      condition2	    959.8477	    750.00	    0.0	    00000000     00000000	   1	[       ]
491   	0     	      8	   NeutLargeDark	    962.4492	   2601.56	    0.0	    00000000     00000000	   1	[      5]
492   	0     	      4	    NegLargeDark	    964.9414	   2492.19	    0.0	    00000000     00000000	   1	[      1]
493   	0     	     10	 NeutLargeBright	    967.4570	   2515.62	    0.0	    00000000     00000000	   1	[      7]
494   	0     	     11	 NeutSmallBright	    969.9414	   2484.38	    0.0	    00000000     00000000	   1	[      8]
495   	0     	      6	  NegLargeBright	    972.0352	   2093.75	    0.0	    00000000     00000000	   1	[      3]
496   	0     	      4	    NegLargeDark	    974.1680	   2132.81	    0.0	    00000000     00000000	   1	[      1]
497   	0     	     14	     condition14	    976.2930	   2125.00	    0.0	    00000000     00000000	   1	[       ]
498   	0     	      2	      condition2	    976.8984	    605.47	    0.0	    00000000     00000000	   1	[       ]
499   	0     	      9	   NeutSmallDark	    978.7852	   1886.72	    0.0	    00000000     00000000	   1	[      6]
500   	0     	      6	  NegLargeBright	    981.3008	   2515.62	    0.0	    00000000     00000000	   1	[      3]
501   	0     	     11	 NeutSmallBright	    983.5859	   2285.16	    0.0	    00000000     00000000	   1	[      8]
502   	0     	      5	    NegSmallDark	    986.0977	   2511.72	    0.0	    00000000     00000000	   1	[      2]
503   	0     	      8	   NeutLargeDark	    988.5039	   2406.25	    0.0	    00000000     00000000	   1	[      5]
504   	0     	     11	 NeutSmallBright	    990.8359	   2332.03	    0.0	    00000000     00000000	   1	[      8]
505   	0     	     13	     condition13	    993.1602	   2324.22	    0.0	    00000000     00000000	   1	[       ]
506   	0     	      2	      condition2	    993.7227	    562.50	    0.0	    00000000     00000000	   1	[       ]
507   	0     	     11	 NeutSmallBright	    995.6641	   1941.41	    0.0	    00000000     00000000	   1	[      8]
508   	0     	     11	 NeutSmallBright	    997.8594	   2195.31	    0.0	    00000000     00000000	   1	[      8]
509   	0     	      5	    NegSmallDark	   1000.1328	   2273.44	    0.0	    00000000     00000000	   1	[      2]
510   	0     	     11	 NeutSmallBright	   1002.5195	   2386.72	    0.0	    00000000     00000000	   1	[      8]
511   	0     	      4	    NegLargeDark	   1004.6406	   2121.09	    0.0	    00000000     00000000	   1	[      1]
512   	0     	      9	   NeutSmallDark	   1006.8672	   2226.56	    0.0	    00000000     00000000	   1	[      6]
513   	0     	      5	    NegSmallDark	   1009.3516	   2484.38	    0.0	    00000000     00000000	   1	[      2]
514   	0     	      4	    NegLargeDark	   1011.8359	   2484.38	    0.0	    00000000     00000000	   1	[      1]
515   	0     	      4	    NegLargeDark	   1014.1094	   2273.44	    0.0	    00000000     00000000	   1	[      1]
516   	0     	      8	   NeutLargeDark	   1016.4414	   2332.03	    0.0	    00000000     00000000	   1	[      5]
517   	0     	     10	 NeutLargeBright	   1018.8047	   2363.28	    0.0	    00000000     00000000	   1	[      7]
518   	0     	     10	 NeutLargeBright	   1020.9219	   2117.19	    0.0	    00000000     00000000	   1	[      7]
519   	0     	      9	   NeutSmallDark	   1023.4336	   2511.72	    0.0	    00000000     00000000	   1	[      6]
520   	0     	      4	    NegLargeDark	   1025.6875	   2253.91	    0.0	    00000000     00000000	   1	[      1]
521   	0     	      5	    NegSmallDark	   1027.8828	   2195.31	    0.0	    00000000     00000000	   1	[      2]
522   	0     	     12	     condition12	   1030.3867	   2503.91	    0.0	    00000000     00000000	   1	[       ]
523   	0     	      2	      condition2	   1030.9219	    535.16	    0.0	    00000000     00000000	   1	[       ]
524   	0     	      8	   NeutLargeDark	   1032.7617	   1839.84	    0.0	    00000000     00000000	   1	[      5]
525   	0     	      7	  NegSmallBright	   1034.9844	   2222.66	    0.0	    00000000     00000000	   1	[      4]
526   	0     	     10	 NeutLargeBright	   1037.1992	   2214.84	    0.0	    00000000     00000000	   1	[      7]
527   	0     	      6	  NegLargeBright	   1039.5234	   2324.22	    0.0	    00000000     00000000	   1	[      3]
528   	0     	     10	 NeutLargeBright	   1041.8555	   2332.03	    0.0	    00000000     00000000	   1	[      7]
529   	0     	      4	    NegLargeDark	   1044.3906	   2535.16	    0.0	    00000000     00000000	   1	[      1]
530   	0     	     10	 NeutLargeBright	   1046.8164	   2425.78	    0.0	    00000000     00000000	   1	[      7]
531   	0     	      4	    NegLargeDark	   1049.2109	   2394.53	    0.0	    00000000     00000000	   1	[      1]
532   	0     	      9	   NeutSmallDark	   1051.5742	   2363.28	    0.0	    00000000     00000000	   1	[      6]
533   	0     	      7	  NegSmallBright	   1054.0586	   2484.38	    0.0	    00000000     00000000	   1	[      4]
534   	0     	     10	 NeutLargeBright	   1056.3945	   2335.94	    0.0	    00000000     00000000	   1	[      7]
535   	0     	      7	  NegSmallBright	   1058.8555	   2460.94	    0.0	    00000000     00000000	   1	[      4]
536   	0     	     13	     condition13	   1061.2109	   2355.47	    0.0	    00000000     00000000	   1	[       ]
537   	0     	      2	      condition2	   1062.0273	    816.41	    0.0	    00000000     00000000	   1	[       ]
538   	0     	      8	   NeutLargeDark	   1063.5234	   1496.09	    0.0	    00000000     00000000	   1	[      5]
539   	0     	      7	  NegSmallBright	   1065.7188	   2195.31	    0.0	    00000000     00000000	   1	[      4]
540   	0     	      8	   NeutLargeDark	   1068.1641	   2445.31	    0.0	    00000000     00000000	   1	[      5]
541   	0     	     14	     condition14	   1070.3555	   2191.41	    0.0	    00000000     00000000	   1	[       ]
542   	0     	      2	      condition2	   1070.9102	    554.69	    0.0	    00000000     00000000	   1	[       ]
543   	0     	      8	   NeutLargeDark	   1072.4219	   1511.72	    0.0	    00000000     00000000	   1	[      5]
544   	0     	     15	     condition15	   1074.8945	   2472.66	    0.0	    00000000     00000000	   1	[       ]
545   	0     	      2	      condition2	   1075.5156	    621.09	    0.0	    00000000     00000000	   1	[       ]
546   	0     	     12	     condition12	   1077.1797	   1664.06	    0.0	    00000000     00000000	   1	[       ]
547   	0     	     10	 NeutLargeBright	   1079.2734	   2093.75	    0.0	    00000000     00000000	   1	[      7]
548   	0     	      5	    NegSmallDark	   1081.4961	   2222.66	    0.0	    00000000     00000000	   1	[      2]
549   	0     	     15	     condition15	   1083.9023	   2406.25	    0.0	    00000000     00000000	   1	[       ]
550   	0     	      2	      condition2	   1084.9180	   1015.62	    0.0	    00000000     00000000	   1	[       ]
551   	0     	      9	   NeutSmallDark	   1086.2031	   1285.16	    0.0	    00000000     00000000	   1	[      6]
552   	0     	     14	     condition14	   1088.3398	   2136.72	    0.0	    00000000     00000000	   1	[       ]
553   	0     	      2	      condition2	   1088.8672	    527.34	    0.0	    00000000     00000000	   1	[       ]
554   	0     	      5	    NegSmallDark	   1090.5039	   1636.72	    0.0	    00000000     00000000	   1	[      2]
555   	0     	      7	  NegSmallBright	   1092.7461	   2242.19	    0.0	    00000000     00000000	   1	[      4]
556   	0     	     10	 NeutLargeBright	   1095.0820	   2335.94	    0.0	    00000000     00000000	   1	[      7]
557   	0     	      4	    NegLargeDark	   1097.2344	   2152.34	    0.0	    00000000     00000000	   1	[      1]
558   	0     	      9	   NeutSmallDark	   1099.4766	   2242.19	    0.0	    00000000     00000000	   1	[      6]
559   	0     	      5	    NegSmallDark	   1101.5625	   2085.94	    0.0	    00000000     00000000	   1	[      2]
560   	0     	      6	  NegLargeBright	   1103.7148	   2152.34	    0.0	    00000000     00000000	   1	[      3]
561   	0     	      4	    NegLargeDark	   1106.2188	   2503.91	    0.0	    00000000     00000000	   1	[      1]
562   	0     	      7	  NegSmallBright	   1108.5234	   2304.69	    0.0	    00000000     00000000	   1	[      4]
563   	0     	      4	    NegLargeDark	   1110.6562	   2132.81	    0.0	    00000000     00000000	   1	[      1]
564   	0     	      7	  NegSmallBright	   1112.9414	   2285.16	    0.0	    00000000     00000000	   1	[      4]
565   	0     	      6	  NegLargeBright	   1115.0547	   2113.28	    0.0	    00000000     00000000	   1	[      3]
566   	0     	      4	    NegLargeDark	   1117.2383	   2183.59	    0.0	    00000000     00000000	   1	[      1]
567   	0     	      4	    NegLargeDark	   1119.4844	   2246.09	    0.0	    00000000     00000000	   1	[      1]
568   	0     	      9	   NeutSmallDark	   1121.9375	   2453.12	    0.0	    00000000     00000000	   1	[      6]
569   	0     	     15	     condition15	   1125.7852	   3847.66	    0.0	    00000000     00000000	   1	[       ]
570   	0     	      2	      condition2	   1126.6406	    855.47	    0.0	    00000000     00000000	   1	[       ]
571   	0     	     15	     condition15	   1128.1992	   1558.59	    0.0	    00000000     00000000	   1	[       ]
572   	0     	      2	      condition2	   1128.7969	    597.66	    0.0	    00000000     00000000	   1	[       ]
573   	0     	      5	    NegSmallDark	   1130.6016	   1804.69	    0.0	    00000000     00000000	   1	[      2]
574   	0     	     14	     condition14	   1132.9258	   2324.22	    0.0	    00000000     00000000	   1	[       ]
575   	0     	      2	      condition2	   1133.4766	    550.78	    0.0	    00000000     00000000	   1	[       ]
576   	0     	      6	  NegLargeBright	   1135.2109	   1734.38	    0.0	    00000000     00000000	   1	[      3]
577   	0     	      7	  NegSmallBright	   1137.7266	   2515.62	    0.0	    00000000     00000000	   1	[      4]
578   	0     	      8	   NeutLargeDark	   1140.2109	   2484.38	    0.0	    00000000     00000000	   1	[      5]
579   	0     	      8	   NeutLargeDark	   1142.4531	   2242.19	    0.0	    00000000     00000000	   1	[      5]
580   	0     	     10	 NeutLargeBright	   1144.7969	   2343.75	    0.0	    00000000     00000000	   1	[      7]
581   	0     	     14	     condition14	   1146.8828	   2085.94	    0.0	    00000000     00000000	   1	[       ]
582   	0     	      2	      condition2	   1147.5156	    632.81	    0.0	    00000000     00000000	   1	[       ]
583   	0     	      7	  NegSmallBright	   1149.2852	   1769.53	    0.0	    00000000     00000000	   1	[      4]
584   	0     	     10	 NeutLargeBright	   1151.7812	   2496.09	    0.0	    00000000     00000000	   1	[      7]
585   	0     	      7	  NegSmallBright	   1153.9336	   2152.34	    0.0	    00000000     00000000	   1	[      4]
586   	0     	      8	   NeutLargeDark	   1156.3867	   2453.12	    0.0	    00000000     00000000	   1	[      5]
587   	0     	      4	    NegLargeDark	   1158.4805	   2093.75	    0.0	    00000000     00000000	   1	[      1]
588   	0     	      7	  NegSmallBright	   1160.7852	   2304.69	    0.0	    00000000     00000000	   1	[      4]
589   	0     	      4	    NegLargeDark	   1163.1406	   2355.47	    0.0	    00000000     00000000	   1	[      1]
590   	0     	     11	 NeutSmallBright	   1165.2148	   2074.22	    0.0	    00000000     00000000	   1	[      8]
591   	0     	      8	   NeutLargeDark	   1167.7188	   2503.91	    0.0	    00000000     00000000	   1	[      5]
592   	0     	      5	    NegSmallDark	   1170.0508	   2332.03	    0.0	    00000000     00000000	   1	[      2]
593   	0     	      8	   NeutLargeDark	   1172.3867	   2335.94	    0.0	    00000000     00000000	   1	[      5]
594   	0     	      4	    NegLargeDark	   1174.6680	   2281.25	    0.0	    00000000     00000000	   1	[      1]
595   	0     	     10	 NeutLargeBright	   1177.0234	   2355.47	    0.0	    00000000     00000000	   1	[      7]
596   	0     	      4	    NegLargeDark	   1179.3672	   2343.75	    0.0	    00000000     00000000	   1	[      1]
597   	0     	      4	    NegLargeDark	   1181.5625	   2195.31	    0.0	    00000000     00000000	   1	[      1]
598   	0     	      4	    NegLargeDark	   1183.9453	   2382.81	    0.0	    00000000     00000000	   1	[      1]
599   	0     	      6	  NegLargeBright	   1186.3320	   2386.72	    0.0	    00000000     00000000	   1	[      3]
600   	0     	      4	    NegLargeDark	   1188.7344	   2402.34	    0.0	    00000000     00000000	   1	[      1]
601   	0     	     15	     condition15	   1191.2305	   2496.09	    0.0	    00000000     00000000	   1	[       ]
602   	0     	      2	      condition2	   1191.8945	    664.06	    0.0	    00000000     00000000	   1	[       ]
603   	0     	      5	    NegSmallDark	   1193.2734	   1378.91	    0.0	    00000000     00000000	   1	[      2]
604   	0     	     15	     condition15	   1195.7070	   2433.59	    0.0	    00000000     00000000	   1	[       ]
605   	0     	      2	      condition2	   1196.4375	    730.47	    0.0	    00000000     00000000	   1	[       ]
606   	0     	      5	    NegSmallDark	   1197.9102	   1472.66	    0.0	    00000000     00000000	   1	[      2]
607   	0     	      6	  NegLargeBright	   1200.1133	   2203.12	    0.0	    00000000     00000000	   1	[      3]
608   	0     	      8	   NeutLargeDark	   1202.3594	   2246.09	    0.0	    00000000     00000000	   1	[      5]
609   	0     	      5	    NegSmallDark	   1204.8320	   2472.66	    0.0	    00000000     00000000	   1	[      2]
610   	0     	      4	    NegLargeDark	   1207.0273	   2195.31	    0.0	    00000000     00000000	   1	[      1]
611   	0     	      8	   NeutLargeDark	   1209.0703	   2042.97	    0.0	    00000000     00000000	   1	[      5]
612   	0     	      9	   NeutSmallDark	   1211.5664	   2496.09	    0.0	    00000000     00000000	   1	[      6]
613   	0     	      9	   NeutSmallDark	   1214.0508	   2484.38	    0.0	    00000000     00000000	   1	[      6]
614   	0     	     10	 NeutLargeBright	   1216.3828	   2332.03	    0.0	    00000000     00000000	   1	[      7]
615   	0     	      7	  NegSmallBright	   1218.5469	   2164.06	    0.0	    00000000     00000000	   1	[      4]
616   	0     	      5	    NegSmallDark	   1220.7109	   2164.06	    0.0	    00000000     00000000	   1	[      2]
617   	0     	      8	   NeutLargeDark	   1222.8438	   2132.81	    0.0	    00000000     00000000	   1	[      5]
618   	0     	     10	 NeutLargeBright	   1225.3086	   2464.84	    0.0	    00000000     00000000	   1	[      7]
619   	0     	      5	    NegSmallDark	   1227.4727	   2164.06	    0.0	    00000000     00000000	   1	[      2]
620   	0     	      6	  NegLargeBright	   1229.9258	   2453.12	    0.0	    00000000     00000000	   1	[      3]
621   	0     	      7	  NegSmallBright	   1232.3906	   2464.84	    0.0	    00000000     00000000	   1	[      4]
622   	0     	      5	    NegSmallDark	   1234.5742	   2183.59	    0.0	    00000000     00000000	   1	[      2]
623   	0     	      9	   NeutSmallDark	   1236.6289	   2054.69	    0.0	    00000000     00000000	   1	[      6]
624   	0     	      6	  NegLargeBright	   1238.7305	   2101.56	    0.0	    00000000     00000000	   1	[      3]
625   	0     	     14	     condition14	   1241.2148	   2484.38	    0.0	    00000000     00000000	   1	[       ]
626   	0     	      2	      condition2	   1241.9375	    722.66	    0.0	    00000000     00000000	   1	[       ]
627   	0     	     11	 NeutSmallBright	   1243.5820	   1644.53	    0.0	    00000000     00000000	   1	[      8]
628   	0     	     11	 NeutSmallBright	   1246.0859	   2503.91	    0.0	    00000000     00000000	   1	[      8]
629   	0     	     10	 NeutLargeBright	   1248.2188	   2132.81	    0.0	    00000000     00000000	   1	[      7]
630   	0     	      8	   NeutLargeDark	   1250.3516	   2132.81	    0.0	    00000000     00000000	   1	[      5]
631   	0     	      9	   NeutSmallDark	   1252.6562	   2304.69	    0.0	    00000000     00000000	   1	[      6]
632   	0     	      6	  NegLargeBright	   1254.8203	   2164.06	    0.0	    00000000     00000000	   1	[      3]
633   	0     	     10	 NeutLargeBright	   1256.8633	   2042.97	    0.0	    00000000     00000000	   1	[      7]
634   	0     	      5	    NegSmallDark	   1259.1367	   2273.44	    0.0	    00000000     00000000	   1	[      2]
635   	0     	     11	 NeutSmallBright	   1261.4219	   2285.16	    0.0	    00000000     00000000	   1	[      8]
636   	0     	      8	   NeutLargeDark	   1263.4648	   2042.97	    0.0	    00000000     00000000	   1	[      5]
637   	0     	     10	 NeutLargeBright	   1265.8789	   2414.06	    0.0	    00000000     00000000	   1	[      7]
638   	0     	      4	    NegLargeDark	   1268.1523	   2273.44	    0.0	    00000000     00000000	   1	[      1]
639   	0     	      9	   NeutSmallDark	   1270.4297	   2277.34	    0.0	    00000000     00000000	   1	[      6]
640   	0     	     10	 NeutLargeBright	   1272.8203	   2390.62	    0.0	    00000000     00000000	   1	[      7]
641   	0     	      9	   NeutSmallDark	   1274.9844	   2164.06	    0.0	    00000000     00000000	   1	[      6]
642   	0     	     10	 NeutLargeBright	   1277.1406	   2156.25	    0.0	    00000000     00000000	   1	[      7]
643   	0     	      9	   NeutSmallDark	   1279.2539	   2113.28	    0.0	    00000000     00000000	   1	[      6]
644   	0     	      6	  NegLargeBright	   1281.3984	   2144.53	    0.0	    00000000     00000000	   1	[      3]
645   	0     	     12	     condition12	   1283.5195	   2121.09	    0.0	    00000000     00000000	   1	[       ]
646   	0     	      2	      condition2	   1284.1094	    589.84	    0.0	    00000000     00000000	   1	[       ]
