#  Non-editable header begin --------------------------------------------------------------------------------
# 
#  data format...............: continuous
#  setname...................: BDF file
#  filename..................: none_specified
#  filepath..................: none_specified
#  nchan.....................: 64
#  pnts......................: 327680
#  srate.....................: 256
#  nevents...................: 646
#  generated by (bdf)........: 
#  generated by (set)........: BDF file
#  reported in ..............: 
#  prog Version..............: 8.02
#  creation date.............: 16-Nov-2020 14:52:35
#  user Account..............: 
# 
#  Non-editable header end --------------------------------------------------------------------------------

	bin 1,	# 60,	NegLargeDark
	bin 2,	# 60,	NegSmallDark
	bin 3,	# 60,	NegLargeBright
	bin 4,	# 60,	NegSmallBright
	bin 5,	# 60,	NeutLargeDark
	bin 6,	# 60,	NeutSmallDark
	bin 7,	# 60,	NeutLargeBright
	bin 8,	# 60,	NeutSmallBright



# item	 bepoch	  ecode	            label	      onset	          diff	     dura	b_flags	   a_flags	  enable	    bin
#                                                 (sec)           (msec)     (msec)    (binary)   (binary)


1     	0     	     10	 NeutLargeBright	      1.0898	      0.00	    0.0	    00000000     00000000	   1	[      7]
2     	0     	      6	  NegLargeBright	      3.4141	   2324.22	    0.0	    00000000     00000000	   1	[      3]
3     	0     	      9	   NeutSmallDark	      5.5078	   2093.75	    0.0	    00000000     00000000	   1	[      6]
4     	0     	     15	     condition15	      7.8828	   2375.00	    0.0	    00000000     00000000	   1	[       ]
5     	0     	      2	      condition2	      8.5039	    621.09	    0.0	    00000000     00000000	   1	[       ]
6     	0     	     15	     condition15	     10.1172	   1613.28	    0.0	    00000000     00000000	   1	[       ]
7     	0     	      2	      condition2	     10.8320	    714.84	    0.0	    00000000     00000000	   1	[       ]
8     	0     	      9	   NeutSmallDark	     12.2188	   1386.72	    0.0	    00000000     00000000	   1	[      6]
9     	0     	      4	    NegLargeDark	     14.4258	   2207.03	    0.0	    00000000     00000000	   1	[      1]
10    	0     	      7	  NegSmallBright	     16.7266	   2300.78	    0.0	    00000000     00000000	   1	[      4]
11    	0     	      4	    NegLargeDark	     19.0625	   2335.94	    0.0	    00000000     00000000	   1	[      1]
12    	0     	      7	  NegSmallBright	     21.5156	   2453.12	    0.0	    00000000     00000000	   1	[      4]
13    	0     	     10	 NeutLargeBright	     23.7695	   2253.91	    0.0	    00000000     00000000	   1	[      7]
14    	0     	     11	 NeutSmallBright	     25.9766	   2207.03	    0.0	    00000000     00000000	   1	[      8]
15    	0     	      9	   NeutSmallDark	     28.4883	   2511.72	    0.0	    00000000     00000000	   1	[      6]
16    	0     	      8	   NeutLargeDark	     30.5430	   2054.69	    0.0	    00000000     00000000	   1	[      5]
17    	0     	      7	  NegSmallBright	     32.7852	   2242.19	    0.0	    00000000     00000000	   1	[      4]
18    	0     	      4	    NegLargeDark	     35.1094	   2324.22	    0.0	    00000000     00000000	   1	[      1]
19    	0     	     11	 NeutSmallBright	     37.5469	   2437.50	    0.0	    00000000     00000000	   1	[      8]
20    	0     	      8	   NeutLargeDark	     40.0391	   2492.19	    0.0	    00000000     00000000	   1	[      5]
21    	0     	      6	  NegLargeBright	     42.1641	   2125.00	    0.0	    00000000     00000000	   1	[      3]
22    	0     	     10	 NeutLargeBright	     44.6484	   2484.38	    0.0	    00000000     00000000	   1	[      7]
23    	0     	     10	 NeutLargeBright	     46.7930	   2144.53	    0.0	    00000000     00000000	   1	[      7]
24    	0     	     13	     condition13	     49.0859	   2292.97	    0.0	    00000000     00000000	   1	[       ]
25    	0     	      2	      condition2	     49.6719	    585.94	    0.0	    00000000     00000000	   1	[       ]
26    	0     	     11	 NeutSmallBright	     51.2773	   1605.47	    0.0	    00000000     00000000	   1	[      8]
27    	0     	     10	 NeutLargeBright	     53.4023	   2125.00	    0.0	    00000000     00000000	   1	[      7]
28    	0     	      7	  NegSmallBright	     55.9062	   2503.91	    0.0	    00000000     00000000	   1	[      4]
29    	0     	     11	 NeutSmallBright	     58.3906	   2484.38	    0.0	    00000000     00000000	   1	[      8]
30    	0     	     14	     condition14	     60.6562	   2265.62	    0.0	    00000000     00000000	   1	[       ]
31    	0     	      2	      condition2	     61.2812	    625.00	    0.0	    00000000     00000000	   1	[       ]
32    	0     	      8	   NeutLargeDark	     62.9414	   1660.16	    0.0	    00000000     00000000	   1	[      5]
33    	0     	      7	  NegSmallBright	     65.3242	   2382.81	    0.0	    00000000     00000000	   1	[      4]
34    	0     	     10	 NeutLargeBright	     67.4961	   2171.88	    0.0	    00000000     00000000	   1	[      7]
35    	0     	      6	  NegLargeBright	     69.8320	   2335.94	    0.0	    00000000     00000000	   1	[      3]
36    	0     	     11	 NeutSmallBright	     72.3164	   2484.38	    0.0	    00000000     00000000	   1	[      8]
37    	0     	      7	  NegSmallBright	     74.8320	   2515.62	    0.0	    00000000     00000000	   1	[      4]
38    	0     	     13	     condition13	     77.0938	   2261.72	    0.0	    00000000     00000000	   1	[       ]
39    	0     	      2	      condition2	     78.1797	   1085.94	    0.0	    00000000     00000000	   1	[       ]
40    	0     	     11	 NeutSmallBright	     79.1367	    957.03	    0.0	    00000000     00000000	   1	[      8]
41    	0     	     10	 NeutLargeBright	     81.5430	   2406.25	    0.0	    00000000     00000000	   1	[      7]
42    	0     	     13	     condition13	     83.6445	   2101.56	    0.0	    00000000     00000000	   1	[       ]
43    	0     	      2	      condition2	     84.3555	    710.94	    0.0	    00000000     00000000	   1	[       ]
44    	0     	      6	  NegLargeBright	     86.1016	   1746.09	    0.0	    00000000     00000000	   1	[      3]
45    	0     	     11	 NeutSmallBright	     88.4844	   2382.81	    0.0	    00000000     00000000	   1	[      8]
46    	0     	      9	   NeutSmallDark	     90.9609	   2476.56	    0.0	    00000000     00000000	   1	[      6]
47    	0     	      4	    NegLargeDark	     93.3438	   2382.81	    0.0	    00000000     00000000	   1	[      1]
48    	0     	      5	    NegSmallDark	     95.5859	   2242.19	    0.0	    00000000     00000000	   1	[      2]
49    	0     	     11	 NeutSmallBright	     97.8125	   2226.56	    0.0	    00000000     00000000	   1	[      8]
50    	0     	      4	    NegLargeDark	    100.3164	   2503.91	    0.0	    00000000     00000000	   1	[      1]
51    	0     	     10	 NeutLargeBright	    102.5195	   2203.12	    0.0	    00000000     00000000	   1	[      7]
52    	0     	      4	    NegLargeDark	    104.9922	   2472.66	    0.0	    00000000     00000000	   1	[      1]
53    	0     	      9	   NeutSmallDark	    107.0664	   2074.22	    0.0	    00000000     00000000	   1	[      6]
54    	0     	     12	     condition12	    109.4531	   2386.72	    0.0	    00000000     00000000	   1	[       ]
55    	0     	      2	      condition2	    109.9922	    539.06	    0.0	    00000000     00000000	   1	[       ]
56    	0     	      5	    NegSmallDark	    111.6953	   1703.12	    0.0	    00000000     00000000	   1	[      2]
57    	0     	     10	 NeutLargeBright	    113.8203	   2125.00	    0.0	    00000000     00000000	   1	[      7]
58    	0     	     15	     condition15	    115.8633	   2042.97	    0.0	    00000000     00000000	   1	[       ]
59    	0     	      2	      condition2	    116.6367	    773.44	    0.0	    00000000     00000000	   1	[       ]
60    	0     	     11	 NeutSmallBright	    118.0586	   1421.88	    0.0	    00000000     00000000	   1	[      8]
61    	0     	     10	 NeutLargeBright	    120.1094	   2050.78	    0.0	    00000000     00000000	   1	[      7]
62    	0     	      6	  NegLargeBright	    122.6133	   2503.91	    0.0	    00000000     00000000	   1	[      3]
63    	0     	     14	     condition14	    125.0898	   2476.56	    0.0	    00000000     00000000	   1	[       ]
64    	0     	      2	      condition2	    125.6367	    546.88	    0.0	    00000000     00000000	   1	[       ]
65    	0     	      8	   NeutLargeDark	    127.3125	   1675.78	    0.0	    00000000     00000000	   1	[      5]
66    	0     	     10	 NeutLargeBright	    129.5664	   2253.91	    0.0	    00000000     00000000	   1	[      7]
67    	0     	     11	 NeutSmallBright	    131.6992	   2132.81	    0.0	    00000000     00000000	   1	[      8]
68    	0     	     12	     condition12	    134.0156	   2316.41	    0.0	    00000000     00000000	   1	[       ]
69    	0     	      2	      condition2	    134.5625	    546.88	    0.0	    00000000     00000000	   1	[       ]
70    	0     	      8	   NeutLargeDark	    136.5195	   1957.03	    0.0	    00000000     00000000	   1	[      5]
71    	0     	      5	    NegSmallDark	    138.8945	   2375.00	    0.0	    00000000     00000000	   1	[      2]
72    	0     	      7	  NegSmallBright	    141.0273	   2132.81	    0.0	    00000000     00000000	   1	[      4]
73    	0     	      7	  NegSmallBright	    143.3008	   2273.44	    0.0	    00000000     00000000	   1	[      4]
74    	0     	      6	  NegLargeBright	    145.7070	   2406.25	    0.0	    00000000     00000000	   1	[      3]
75    	0     	     10	 NeutLargeBright	    148.2305	   2523.44	    0.0	    00000000     00000000	   1	[      7]
76    	0     	      4	    NegLargeDark	    150.7344	   2503.91	    0.0	    00000000     00000000	   1	[      1]
77    	0     	      6	  NegLargeBright	    152.8594	   2125.00	    0.0	    00000000     00000000	   1	[      3]
78    	0     	      9	   NeutSmallDark	    154.8828	   2023.44	    0.0	    00000000     00000000	   1	[      6]
79    	0     	      8	   NeutLargeDark	    157.3242	   2441.41	    0.0	    00000000     00000000	   1	[      5]
80    	0     	      9	   NeutSmallDark	    159.4609	   2136.72	    0.0	    00000000     00000000	   1	[      6]
81    	0     	    253	              ""	    161.6719	   2210.94	    0.0	    00000000     00000000	   1	[       ]
82    	0     	      4	    NegLargeDark	    162.6875	   1015.62	    0.0	    00000000     00000000	   1	[      1]
83    	0     	     11	 NeutSmallBright	    164.7500	   2062.50	    0.0	    00000000     00000000	   1	[      8]
84    	0     	     10	 NeutLargeBright	    166.8164	   2066.41	    0.0	    00000000     00000000	   1	[      7]
85    	0     	      5	    NegSmallDark	    168.9883	   2171.88	    0.0	    00000000     00000000	   1	[      2]
86    	0     	      9	   NeutSmallDark	    171.1836	   2195.31	    0.0	    00000000     00000000	   1	[      6]
87    	0     	      4	    NegLargeDark	    173.3164	   2132.81	    0.0	    00000000     00000000	   1	[      1]
88    	0     	      5	    NegSmallDark	    175.8203	   2503.91	    0.0	    00000000     00000000	   1	[      2]
89    	0     	      7	  NegSmallBright	    177.9062	   2085.94	    0.0	    00000000     00000000	   1	[      4]
90    	0     	      7	  NegSmallBright	    180.0977	   2191.41	    0.0	    00000000     00000000	   1	[      4]
91    	0     	     10	 NeutLargeBright	    182.3828	   2285.16	    0.0	    00000000     00000000	   1	[      7]
92    	0     	     11	 NeutSmallBright	    184.5977	   2214.84	    0.0	    00000000     00000000	   1	[      8]
93    	0     	      5	    NegSmallDark	    186.8711	   2273.44	    0.0	    00000000     00000000	   1	[      2]
94    	0     	      5	    NegSmallDark	    188.9844	   2113.28	    0.0	    00000000     00000000	   1	[      2]
95    	0     	      5	    NegSmallDark	    191.2461	   2261.72	    0.0	    00000000     00000000	   1	[      2]
96    	0     	     13	     condition13	    193.2930	   2046.88	    0.0	    00000000     00000000	   1	[       ]
97    	0     	      2	      condition2	    193.8242	    531.25	    0.0	    00000000     00000000	   1	[       ]
98    	0     	     14	     condition14	    195.7461	   1921.88	    0.0	    00000000     00000000	   1	[       ]
99    	0     	      2	      condition2	    196.5273	    781.25	    0.0	    00000000     00000000	   1	[       ]
100   	0     	      5	    NegSmallDark	    198.1914	   1664.06	    0.0	    00000000     00000000	   1	[      2]
101   	0     	      6	  NegLargeBright	    200.7031	   2511.72	    0.0	    00000000     00000000	   1	[      3]
102   	0     	      7	  NegSmallBright	    202.7500	   2046.88	    0.0	    00000000     00000000	   1	[      4]
103   	0     	     11	 NeutSmallBright	    204.9102	   2160.16	    0.0	    00000000     00000000	   1	[      8]
104   	0     	      5	    NegSmallDark	    207.1055	   2195.31	    0.0	    00000000     00000000	   1	[      2]
105   	0     	      6	  NegLargeBright	    209.5312	   2425.78	    0.0	    00000000     00000000	   1	[      3]
106   	0     	     15	     condition15	    211.7422	   2210.94	    0.0	    00000000     00000000	   1	[       ]
107   	0     	      2	      condition2	    212.5820	    839.84	    0.0	    00000000     00000000	   1	[       ]
108   	0     	      7	  NegSmallBright	    213.9688	   1386.72	    0.0	    00000000     00000000	   1	[      4]
109   	0     	      8	   NeutLargeDark	    216.2812	   2312.50	    0.0	    00000000     00000000	   1	[      5]
110   	0     	      7	  NegSmallBright	    218.3750	   2093.75	    0.0	    00000000     00000000	   1	[      4]
111   	0     	      6	  NegLargeBright	    220.7383	   2363.28	    0.0	    00000000     00000000	   1	[      3]
112   	0     	      8	   NeutLargeDark	    222.9531	   2214.84	    0.0	    00000000     00000000	   1	[      5]
113   	0     	     15	     condition15	    225.3672	   2414.06	    0.0	    00000000     00000000	   1	[       ]
114   	0     	      2	      condition2	    225.9961	    628.91	    0.0	    00000000     00000000	   1	[       ]
115   	0     	     11	 NeutSmallBright	    227.8633	   1867.19	    0.0	    00000000     00000000	   1	[      8]
116   	0     	      6	  NegLargeBright	    230.3047	   2441.41	    0.0	    00000000     00000000	   1	[      3]
117   	0     	      8	   NeutLargeDark	    232.6406	   2335.94	    0.0	    00000000     00000000	   1	[      5]
118   	0     	      9	   NeutSmallDark	    234.8164	   2175.78	    0.0	    00000000     00000000	   1	[      6]
119   	0     	      5	    NegSmallDark	    236.9766	   2160.16	    0.0	    00000000     00000000	   1	[      2]
120   	0     	     11	 NeutSmallBright	    239.2109	   2234.38	    0.0	    00000000     00000000	   1	[      8]
121   	0     	     11	 NeutSmallBright	    241.5273	   2316.41	    0.0	    00000000     00000000	   1	[      8]
122   	0     	      6	  NegLargeBright	    243.7188	   2191.41	    0.0	    00000000     00000000	   1	[      3]
123   	0     	     14	     condition14	    245.7852	   2066.41	    0.0	    00000000     00000000	   1	[       ]
124   	0     	      2	      condition2	    246.3594	    574.22	    0.0	    00000000     00000000	   1	[       ]
125   	0     	      9	   NeutSmallDark	    248.0195	   1660.16	    0.0	    00000000     00000000	   1	[      6]
126   	0     	      6	  NegLargeBright	    250.2031	   2183.59	    0.0	    00000000     00000000	   1	[      3]
127   	0     	      5	    NegSmallDark	    252.2969	   2093.75	    0.0	    00000000     00000000	   1	[      2]
128   	0     	     11	 NeutSmallBright	    254.3398	   2042.97	    0.0	    00000000     00000000	   1	[      8]
129   	0     	     10	 NeutLargeBright	    256.4336	   2093.75	    0.0	    00000000     00000000	   1	[      7]
130   	0     	      4	    NegLargeDark	    258.7852	   2351.56	    0.0	    00000000     00000000	   1	[      1]
131   	0     	      7	  NegSmallBright	    261.1406	   2355.47	    0.0	    00000000     00000000	   1	[      4]
132   	0     	      9	   NeutSmallDark	    263.3633	   2222.66	    0.0	    00000000     00000000	   1	[      6]
133   	0     	      4	    NegLargeDark	    265.8594	   2496.09	    0.0	    00000000     00000000	   1	[      1]
134   	0     	     10	 NeutLargeBright	    268.0742	   2214.84	    0.0	    00000000     00000000	   1	[      7]
135   	0     	      5	    NegSmallDark	    270.4375	   2363.28	    0.0	    00000000     00000000	   1	[      2]
136   	0     	     10	 NeutLargeBright	    272.7305	   2292.97	    0.0	    00000000     00000000	   1	[      7]
137   	0     	      8	   NeutLargeDark	    274.9258	   2195.31	    0.0	    00000000     00000000	   1	[      5]
138   	0     	      7	  NegSmallBright	    277.3203	   2394.53	    0.0	    00000000     00000000	   1	[      4]
139   	0     	      6	  NegLargeBright	    279.7031	   2382.81	    0.0	    00000000     00000000	   1	[      3]
140   	0     	     13	     condition13	    281.8477	   2144.53	    0.0	    00000000     00000000	   1	[       ]
141   	0     	      2	      condition2	    282.5859	    738.28	    0.0	    00000000     00000000	   1	[       ]
142   	0     	      4	    NegLargeDark	    284.1328	   1546.88	    0.0	    00000000     00000000	   1	[      1]
143   	0     	     11	 NeutSmallBright	    286.3867	   2253.91	    0.0	    00000000     00000000	   1	[      8]
144   	0     	     10	 NeutLargeBright	    288.6484	   2261.72	    0.0	    00000000     00000000	   1	[      7]
145   	0     	      5	    NegSmallDark	    291.0352	   2386.72	    0.0	    00000000     00000000	   1	[      2]
146   	0     	      4	    NegLargeDark	    293.3164	   2281.25	    0.0	    00000000     00000000	   1	[      1]
147   	0     	     10	 NeutLargeBright	    295.8438	   2527.34	    0.0	    00000000     00000000	   1	[      7]
148   	0     	     10	 NeutLargeBright	    297.8750	   2031.25	    0.0	    00000000     00000000	   1	[      7]
149   	0     	      4	    NegLargeDark	    299.9375	   2062.50	    0.0	    00000000     00000000	   1	[      1]
150   	0     	     11	 NeutSmallBright	    302.3516	   2414.06	    0.0	    00000000     00000000	   1	[      8]
151   	0     	      8	   NeutLargeDark	    304.7891	   2437.50	    0.0	    00000000     00000000	   1	[      5]
152   	0     	      6	  NegLargeBright	    307.2305	   2441.41	    0.0	    00000000     00000000	   1	[      3]
153   	0     	      4	    NegLargeDark	    309.4258	   2195.31	    0.0	    00000000     00000000	   1	[      1]
154   	0     	      4	    NegLargeDark	    311.7188	   2292.97	    0.0	    00000000     00000000	   1	[      1]
155   	0     	     12	     condition12	    314.0352	   2316.41	    0.0	    00000000     00000000	   1	[       ]
156   	0     	      2	      condition2	    314.6133	    578.12	    0.0	    00000000     00000000	   1	[       ]
157   	0     	      4	    NegLargeDark	    316.1875	   1574.22	    0.0	    00000000     00000000	   1	[      1]
158   	0     	     12	     condition12	    318.3008	   2113.28	    0.0	    00000000     00000000	   1	[       ]
159   	0     	      2	      condition2	    319.0742	    773.44	    0.0	    00000000     00000000	   1	[       ]
160   	0     	    253	              ""	    320.2344	   1160.16	    0.0	    00000000     00000000	   1	[       ]
161   	0     	      9	   NeutSmallDark	    321.2422	   1007.81	    0.0	    00000000     00000000	   1	[      6]
162   	0     	     14	     condition14	    323.4766	   2234.38	    0.0	    00000000     00000000	   1	[       ]
163   	0     	      2	      condition2	    324.0898	    613.28	    0.0	    00000000     00000000	   1	[       ]
164   	0     	     13	     condition13	    325.9922	   1902.34	    0.0	    00000000     00000000	   1	[       ]
165   	0     	      2	      condition2	    326.5586	    566.41	    0.0	    00000000     00000000	   1	[       ]
166   	0     	      7	  NegSmallBright	    328.3438	   1785.16	    0.0	    00000000     00000000	   1	[      4]
167   	0     	      7	  NegSmallBright	    330.5898	   2246.09	    0.0	    00000000     00000000	   1	[      4]
168   	0     	     10	 NeutLargeBright	    333.0352	   2445.31	    0.0	    00000000     00000000	   1	[      7]
169   	0     	      9	   NeutSmallDark	    335.4766	   2441.41	    0.0	    00000000     00000000	   1	[      6]
170   	0     	      7	  NegSmallBright	    337.9023	   2425.78	    0.0	    00000000     00000000	   1	[      4]
171   	0     	      9	   NeutSmallDark	    340.3477	   2445.31	    0.0	    00000000     00000000	   1	[      6]
172   	0     	      6	  NegLargeBright	    342.6406	   2292.97	    0.0	    00000000     00000000	   1	[      3]
173   	0     	     10	 NeutLargeBright	    344.9844	   2343.75	    0.0	    00000000     00000000	   1	[      7]
174   	0     	      6	  NegLargeBright	    347.0586	   2074.22	    0.0	    00000000     00000000	   1	[      3]
175   	0     	     10	 NeutLargeBright	    349.2539	   2195.31	    0.0	    00000000     00000000	   1	[      7]
176   	0     	     12	     condition12	    351.5156	   2261.72	    0.0	    00000000     00000000	   1	[       ]
177   	0     	      2	      condition2	    352.2656	    750.00	    0.0	    00000000     00000000	   1	[       ]
178   	0     	     11	 NeutSmallBright	    353.7188	   1453.12	    0.0	    00000000     00000000	   1	[      8]
179   	0     	      7	  NegSmallBright	    355.9922	   2273.44	    0.0	    00000000     00000000	   1	[      4]
180   	0     	      7	  NegSmallBright	    358.5000	   2507.81	    0.0	    00000000     00000000	   1	[      4]
181   	0     	      4	    NegLargeDark	    360.6016	   2101.56	    0.0	    00000000     00000000	   1	[      1]
182   	0     	      8	   NeutLargeDark	    362.8242	   2222.66	    0.0	    00000000     00000000	   1	[      5]
183   	0     	     12	     condition12	    365.1719	   2347.66	    0.0	    00000000     00000000	   1	[       ]
184   	0     	      2	      condition2	    365.9219	    750.00	    0.0	    00000000     00000000	   1	[       ]
185   	0     	      6	  NegLargeBright	    367.3359	   1414.06	    0.0	    00000000     00000000	   1	[      3]
186   	0     	      4	    NegLargeDark	    369.5195	   2183.59	    0.0	    00000000     00000000	   1	[      1]
187   	0     	      5	    NegSmallDark	    371.6133	   2093.75	    0.0	    00000000     00000000	   1	[      2]
188   	0     	      6	  NegLargeBright	    374.1367	   2523.44	    0.0	    00000000     00000000	   1	[      3]
189   	0     	      5	    NegSmallDark	    376.5391	   2402.34	    0.0	    00000000     00000000	   1	[      2]
190   	0     	      9	   NeutSmallDark	    378.8047	   2265.62	    0.0	    00000000     00000000	   1	[      6]
191   	0     	      9	   NeutSmallDark	    381.1680	   2363.28	    0.0	    00000000     00000000	   1	[      6]
192   	0     	      5	    NegSmallDark	    383.5742	   2406.25	    0.0	    00000000     00000000	   1	[      2]
193   	0     	      9	   NeutSmallDark	    386.0859	   2511.72	    0.0	    00000000     00000000	   1	[      6]
194   	0     	      4	    NegLargeDark	    388.6211	   2535.16	    0.0	    00000000     00000000	   1	[      1]
195   	0     	      4	    NegLargeDark	    390.7969	   2175.78	    0.0	    00000000     00000000	   1	[      1]
196   	0     	     15	     condition15	    392.8203	   2023.44	    0.0	    00000000     00000000	   1	[       ]
197   	0     	      2	      condition2	    393.4141	    593.75	    0.0	    00000000     00000000	   1	[       ]
198   	0     	      4	    NegLargeDark	    395.2539	   1839.84	    0.0	    00000000     00000000	   1	[      1]
199   	0     	      5	    NegSmallDark	    397.7266	   2472.66	    0.0	    00000000     00000000	   1	[      2]
200   	0     	      7	  NegSmallBright	    399.7695	   2042.97	    0.0	    00000000     00000000	   1	[      4]
201   	0     	      8	   NeutLargeDark	    402.0039	   2234.38	    0.0	    00000000     00000000	   1	[      5]
202   	0     	      7	  NegSmallBright	    404.0586	   2054.69	    0.0	    00000000     00000000	   1	[      4]
203   	0     	      5	    NegSmallDark	    406.4414	   2382.81	    0.0	    00000000     00000000	   1	[      2]
204   	0     	      9	   NeutSmallDark	    408.5781	   2136.72	    0.0	    00000000     00000000	   1	[      6]
205   	0     	      4	    NegLargeDark	    411.0117	   2433.59	    0.0	    00000000     00000000	   1	[      1]
206   	0     	      8	   NeutLargeDark	    413.0938	   2082.03	    0.0	    00000000     00000000	   1	[      5]
207   	0     	      7	  NegSmallBright	    415.3984	   2304.69	    0.0	    00000000     00000000	   1	[      4]
208   	0     	      8	   NeutLargeDark	    417.6836	   2285.16	    0.0	    00000000     00000000	   1	[      5]
209   	0     	      5	    NegSmallDark	    420.1250	   2441.41	    0.0	    00000000     00000000	   1	[      2]
210   	0     	     10	 NeutLargeBright	    422.3008	   2175.78	    0.0	    00000000     00000000	   1	[      7]
211   	0     	      5	    NegSmallDark	    424.3945	   2093.75	    0.0	    00000000     00000000	   1	[      2]
212   	0     	      6	  NegLargeBright	    426.6172	   2222.66	    0.0	    00000000     00000000	   1	[      3]
213   	0     	     11	 NeutSmallBright	    428.8711	   2253.91	    0.0	    00000000     00000000	   1	[      8]
214   	0     	     15	     condition15	    431.0156	   2144.53	    0.0	    00000000     00000000	   1	[       ]
215   	0     	      2	      condition2	    431.6055	    589.84	    0.0	    00000000     00000000	   1	[       ]
216   	0     	      8	   NeutLargeDark	    433.4219	   1816.41	    0.0	    00000000     00000000	   1	[      5]
217   	0     	      9	   NeutSmallDark	    435.4453	   2023.44	    0.0	    00000000     00000000	   1	[      6]
218   	0     	     10	 NeutLargeBright	    437.8867	   2441.41	    0.0	    00000000     00000000	   1	[      7]
219   	0     	     13	     condition13	    440.2617	   2375.00	    0.0	    00000000     00000000	   1	[       ]
220   	0     	      2	      condition2	    440.8438	    582.03	    0.0	    00000000     00000000	   1	[       ]
221   	0     	     10	 NeutLargeBright	    442.3477	   1503.91	    0.0	    00000000     00000000	   1	[      7]
222   	0     	      8	   NeutLargeDark	    444.7812	   2433.59	    0.0	    00000000     00000000	   1	[      5]
223   	0     	     11	 NeutSmallBright	    447.2656	   2484.38	    0.0	    00000000     00000000	   1	[      8]
224   	0     	     10	 NeutLargeBright	    449.6484	   2382.81	    0.0	    00000000     00000000	   1	[      7]
225   	0     	     10	 NeutLargeBright	    452.1328	   2484.38	    0.0	    00000000     00000000	   1	[      7]
226   	0     	     15	     condition15	    454.2188	   2085.94	    0.0	    00000000     00000000	   1	[       ]
227   	0     	      2	      condition2	    454.8516	    632.81	    0.0	    00000000     00000000	   1	[       ]
228   	0     	      7	  NegSmallBright	    456.7109	   1859.38	    0.0	    00000000     00000000	   1	[      4]
229   	0     	     13	     condition13	    458.9961	   2285.16	    0.0	    00000000     00000000	   1	[       ]
230   	0     	      2	      condition2	    459.5781	    582.03	    0.0	    00000000     00000000	   1	[       ]
231   	0     	     12	     condition12	    461.2109	   1632.81	    0.0	    00000000     00000000	   1	[       ]
232   	0     	      2	      condition2	    462.4727	   1261.72	    0.0	    00000000     00000000	   1	[       ]
233   	0     	      4	    NegLargeDark	    463.6328	   1160.16	    0.0	    00000000     00000000	   1	[      1]
234   	0     	      4	    NegLargeDark	    465.9766	   2343.75	    0.0	    00000000     00000000	   1	[      1]
235   	0     	     10	 NeutLargeBright	    468.1406	   2164.06	    0.0	    00000000     00000000	   1	[      7]
236   	0     	     14	     condition14	    470.3750	   2234.38	    0.0	    00000000     00000000	   1	[       ]
237   	0     	      2	      condition2	    471.0391	    664.06	    0.0	    00000000     00000000	   1	[       ]
238   	0     	     15	     condition15	    472.5703	   1531.25	    0.0	    00000000     00000000	   1	[       ]
239   	0     	      2	      condition2	    473.1992	    628.91	    0.0	    00000000     00000000	   1	[       ]
240   	0     	      6	  NegLargeBright	    474.7031	   1503.91	    0.0	    00000000     00000000	   1	[      3]
241   	0     	      8	   NeutLargeDark	    476.8359	   2132.81	    0.0	    00000000     00000000	   1	[      5]
242   	0     	      4	    NegLargeDark	    479.2227	   2386.72	    0.0	    00000000     00000000	   1	[      1]
243   	0     	    253	              ""	    481.1406	   1917.97	    0.0	    00000000     00000000	   1	[       ]
244   	0     	      4	    NegLargeDark	    482.1445	   1003.91	    0.0	    00000000     00000000	   1	[      1]
245   	0     	     11	 NeutSmallBright	    484.6602	   2515.62	    0.0	    00000000     00000000	   1	[      8]
246   	0     	      8	   NeutLargeDark	    487.1328	   2472.66	    0.0	    00000000     00000000	   1	[      5]
247   	0     	      6	  NegLargeBright	    489.5703	   2437.50	    0.0	    00000000     00000000	   1	[      3]
248   	0     	     10	 NeutLargeBright	    492.0117	   2441.41	    0.0	    00000000     00000000	   1	[      7]
249   	0     	     11	 NeutSmallBright	    494.4062	   2394.53	    0.0	    00000000     00000000	   1	[      8]
250   	0     	      9	   NeutSmallDark	    496.5898	   2183.59	    0.0	    00000000     00000000	   1	[      6]
251   	0     	     11	 NeutSmallBright	    499.0938	   2503.91	    0.0	    00000000     00000000	   1	[      8]
252   	0     	      5	    NegSmallDark	    501.3594	   2265.62	    0.0	    00000000     00000000	   1	[      2]
253   	0     	      4	    NegLargeDark	    503.4844	   2125.00	    0.0	    00000000     00000000	   1	[      1]
254   	0     	      5	    NegSmallDark	    505.5859	   2101.56	    0.0	    00000000     00000000	   1	[      2]
255   	0     	      8	   NeutLargeDark	    507.8828	   2296.88	    0.0	    00000000     00000000	   1	[      5]
256   	0     	      7	  NegSmallBright	    509.9258	   2042.97	    0.0	    00000000     00000000	   1	[      4]
257   	0     	     14	     condition14	    512.2578	   2332.03	    0.0	    00000000     00000000	   1	[       ]
258   	0     	      2	      condition2	    512.9648	    707.03	    0.0	    00000000     00000000	   1	[       ]
259   	0     	      4	    NegLargeDark	    514.3633	   1398.44	    0.0	    00000000     00000000	   1	[      1]
260   	0     	      8	   NeutLargeDark	    516.6875	   2324.22	    0.0	    00000000     00000000	   1	[      5]
261   	0     	      6	  NegLargeBright	    519.0195	   2332.03	    0.0	    00000000     00000000	   1	[      3]
262   	0     	      6	  NegLargeBright	    521.4141	   2394.53	    0.0	    00000000     00000000	   1	[      3]
263   	0     	      4	    NegLargeDark	    523.4688	   2054.69	    0.0	    00000000     00000000	   1	[      1]
264   	0     	      9	   NeutSmallDark	    525.7617	   2292.97	    0.0	    00000000     00000000	   1	[      6]
265   	0     	      7	  NegSmallBright	    528.1562	   2394.53	    0.0	    00000000     00000000	   1	[      4]
266   	0     	      9	   NeutSmallDark	    530.3398	   2183.59	    0.0	    00000000     00000000	   1	[      6]
267   	0     	     11	 NeutSmallBright	    532.5664	   2226.56	    0.0	    00000000     00000000	   1	[      8]
268   	0     	      4	    NegLargeDark	    534.6094	   2042.97	    0.0	    00000000     00000000	   1	[      1]
269   	0     	     11	 NeutSmallBright	    536.9805	   2371.09	    0.0	    00000000     00000000	   1	[      8]
270   	0     	      6	  NegLargeBright	    539.2344	   2253.91	    0.0	    00000000     00000000	   1	[      3]
271   	0     	     12	     condition12	    541.2812	   2046.88	    0.0	    00000000     00000000	   1	[       ]
272   	0     	      2	      condition2	    541.8555	    574.22	    0.0	    00000000     00000000	   1	[       ]
273   	0     	      7	  NegSmallBright	    543.4141	   1558.59	    0.0	    00000000     00000000	   1	[      4]
274   	0     	      6	  NegLargeBright	    545.8789	   2464.84	    0.0	    00000000     00000000	   1	[      3]
275   	0     	      7	  NegSmallBright	    548.3203	   2441.41	    0.0	    00000000     00000000	   1	[      4]
276   	0     	      5	    NegSmallDark	    550.3945	   2074.22	    0.0	    00000000     00000000	   1	[      2]
277   	0     	      9	   NeutSmallDark	    552.5508	   2156.25	    0.0	    00000000     00000000	   1	[      6]
278   	0     	     10	 NeutLargeBright	    555.0352	   2484.38	    0.0	    00000000     00000000	   1	[      7]
279   	0     	      8	   NeutLargeDark	    557.3281	   2292.97	    0.0	    00000000     00000000	   1	[      5]
280   	0     	      4	    NegLargeDark	    559.6719	   2343.75	    0.0	    00000000     00000000	   1	[      1]
281   	0     	     10	 NeutLargeBright	    562.0156	   2343.75	    0.0	    00000000     00000000	   1	[      7]
282   	0     	     10	 NeutLargeBright	    564.1484	   2132.81	    0.0	    00000000     00000000	   1	[      7]
283   	0     	      4	    NegLargeDark	    566.5938	   2445.31	    0.0	    00000000     00000000	   1	[      1]
284   	0     	      8	   NeutLargeDark	    568.9180	   2324.22	    0.0	    00000000     00000000	   1	[      5]
285   	0     	      7	  NegSmallBright	    571.0625	   2144.53	    0.0	    00000000     00000000	   1	[      4]
286   	0     	     12	     condition12	    573.1445	   2082.03	    0.0	    00000000     00000000	   1	[       ]
287   	0     	      2	      condition2	    573.7148	    570.31	    0.0	    00000000     00000000	   1	[       ]
288   	0     	      5	    NegSmallDark	    575.3516	   1636.72	    0.0	    00000000     00000000	   1	[      2]
289   	0     	     10	 NeutLargeBright	    577.7422	   2390.62	    0.0	    00000000     00000000	   1	[      7]
290   	0     	     12	     condition12	    580.1602	   2417.97	    0.0	    00000000     00000000	   1	[       ]
291   	0     	      2	      condition2	    580.7852	    625.00	    0.0	    00000000     00000000	   1	[       ]
292   	0     	      4	    NegLargeDark	    582.4023	   1617.19	    0.0	    00000000     00000000	   1	[      1]
293   	0     	     11	 NeutSmallBright	    584.8281	   2425.78	    0.0	    00000000     00000000	   1	[      8]
294   	0     	     11	 NeutSmallBright	    587.0703	   2242.19	    0.0	    00000000     00000000	   1	[      8]
295   	0     	      6	  NegLargeBright	    589.1641	   2093.75	    0.0	    00000000     00000000	   1	[      3]
296   	0     	      7	  NegSmallBright	    591.3477	   2183.59	    0.0	    00000000     00000000	   1	[      4]
297   	0     	      9	   NeutSmallDark	    593.7031	   2355.47	    0.0	    00000000     00000000	   1	[      6]
298   	0     	     14	     condition14	    595.8477	   2144.53	    0.0	    00000000     00000000	   1	[       ]
299   	0     	      2	      condition2	    596.5039	    656.25	    0.0	    00000000     00000000	   1	[       ]
300   	0     	      9	   NeutSmallDark	    598.0312	   1527.34	    0.0	    00000000     00000000	   1	[      6]
301   	0     	     10	 NeutLargeBright	    600.4453	   2414.06	    0.0	    00000000     00000000	   1	[      7]
302   	0     	      8	   NeutLargeDark	    602.6289	   2183.59	    0.0	    00000000     00000000	   1	[      5]
303   	0     	      5	    NegSmallDark	    604.9414	   2312.50	    0.0	    00000000     00000000	   1	[      2]
304   	0     	      7	  NegSmallBright	    607.3477	   2406.25	    0.0	    00000000     00000000	   1	[      4]
305   	0     	      8	   NeutLargeDark	    609.5000	   2152.34	    0.0	    00000000     00000000	   1	[      5]
306   	0     	      9	   NeutSmallDark	    611.9336	   2433.59	    0.0	    00000000     00000000	   1	[      6]
307   	0     	      5	    NegSmallDark	    614.4180	   2484.38	    0.0	    00000000     00000000	   1	[      2]
308   	0     	      9	   NeutSmallDark	    616.8945	   2476.56	    0.0	    00000000     00000000	   1	[      6]
309   	0     	      8	   NeutLargeDark	    619.2266	   2332.03	    0.0	    00000000     00000000	   1	[      5]
310   	0     	      9	   NeutSmallDark	    621.7422	   2515.62	    0.0	    00000000     00000000	   1	[      6]
311   	0     	      4	    NegLargeDark	    624.0547	   2312.50	    0.0	    00000000     00000000	   1	[      1]
312   	0     	      6	  NegLargeBright	    626.5898	   2535.16	    0.0	    00000000     00000000	   1	[      3]
313   	0     	      6	  NegLargeBright	    628.7930	   2203.12	    0.0	    00000000     00000000	   1	[      3]
314   	0     	      9	   NeutSmallDark	    631.0977	   2304.69	    0.0	    00000000     00000000	   1	[      6]
315   	0     	     12	     condition12	    633.3711	   2273.44	    0.0	    00000000     00000000	   1	[       ]
316   	0     	      2	      condition2	    633.9453	    574.22	    0.0	    00000000     00000000	   1	[       ]
317   	0     	     15	     condition15	    635.8477	   1902.34	    0.0	    00000000     00000000	   1	[       ]
318   	0     	      2	      condition2	    636.7227	    875.00	    0.0	    00000000     00000000	   1	[       ]
319   	0     	      9	   NeutSmallDark	    638.2422	   1519.53	    0.0	    00000000     00000000	   1	[      6]
320   	0     	     11	 NeutSmallBright	    640.5742	   2332.03	    0.0	    00000000     00000000	   1	[      8]
321   	0     	      8	   NeutLargeDark	    643.1484	   2574.22	    0.0	    00000000     00000000	   1	[      5]
322   	0     	      6	  NegLargeBright	    645.5430	   2394.53	    0.0	    00000000     00000000	   1	[      3]
323   	0     	     10	 NeutLargeBright	    648.0352	   2492.19	    0.0	    00000000     00000000	   1	[      7]
324   	0     	      2	      condition2	    648.2070	    171.88	    0.0	    00000000     00000000	   1	[       ]
325   	0     	      4	    NegLargeDark	    650.3008	   2093.75	    0.0	    00000000     00000000	   1	[      1]
326   	0     	     11	 NeutSmallBright	    652.7344	   2433.59	    0.0	    00000000     00000000	   1	[      8]
327   	0     	      8	   NeutLargeDark	    654.9180	   2183.59	    0.0	    00000000     00000000	   1	[      5]
328   	0     	      5	    NegSmallDark	    657.0117	   2093.75	    0.0	    00000000     00000000	   1	[      2]
329   	0     	     11	 NeutSmallBright	    659.4062	   2394.53	    0.0	    00000000     00000000	   1	[      8]
330   	0     	      5	    NegSmallDark	    661.4609	   2054.69	    0.0	    00000000     00000000	   1	[      2]
331   	0     	      7	  NegSmallBright	    663.8555	   2394.53	    0.0	    00000000     00000000	   1	[      4]
332   	0     	      6	  NegLargeBright	    666.3203	   2464.84	    0.0	    00000000     00000000	   1	[      3]
333   	0     	      6	  NegLargeBright	    668.8438	   2523.44	    0.0	    00000000     00000000	   1	[      3]
334   	0     	      9	   NeutSmallDark	    671.3281	   2484.38	    0.0	    00000000     00000000	   1	[      6]
335   	0     	     10	 NeutLargeBright	    673.7422	   2414.06	    0.0	    00000000     00000000	   1	[      7]
336   	0     	      5	    NegSmallDark	    675.8750	   2132.81	    0.0	    00000000     00000000	   1	[      2]
337   	0     	     10	 NeutLargeBright	    678.3906	   2515.62	    0.0	    00000000     00000000	   1	[      7]
338   	0     	      5	    NegSmallDark	    680.4648	   2074.22	    0.0	    00000000     00000000	   1	[      2]
339   	0     	      8	   NeutLargeDark	    682.7891	   2324.22	    0.0	    00000000     00000000	   1	[      5]
340   	0     	     13	     condition13	    684.8320	   2042.97	    0.0	    00000000     00000000	   1	[       ]
341   	0     	      2	      condition2	    685.4453	    613.28	    0.0	    00000000     00000000	   1	[       ]
342   	0     	      9	   NeutSmallDark	    686.9141	   1468.75	    0.0	    00000000     00000000	   1	[      6]
343   	0     	      9	   NeutSmallDark	    689.2188	   2304.69	    0.0	    00000000     00000000	   1	[      6]
344   	0     	      6	  NegLargeBright	    691.6758	   2457.03	    0.0	    00000000     00000000	   1	[      3]
345   	0     	     10	 NeutLargeBright	    693.8086	   2132.81	    0.0	    00000000     00000000	   1	[      7]
346   	0     	      9	   NeutSmallDark	    695.8320	   2023.44	    0.0	    00000000     00000000	   1	[      6]
347   	0     	      8	   NeutLargeDark	    698.0859	   2253.91	    0.0	    00000000     00000000	   1	[      5]
348   	0     	     15	     condition15	    700.2383	   2152.34	    0.0	    00000000     00000000	   1	[       ]
349   	0     	      2	      condition2	    701.4297	   1191.41	    0.0	    00000000     00000000	   1	[       ]
350   	0     	     11	 NeutSmallBright	    702.5547	   1125.00	    0.0	    00000000     00000000	   1	[      8]
351   	0     	      5	    NegSmallDark	    704.6484	   2093.75	    0.0	    00000000     00000000	   1	[      2]
352   	0     	     11	 NeutSmallBright	    707.0508	   2402.34	    0.0	    00000000     00000000	   1	[      8]
353   	0     	     11	 NeutSmallBright	    709.1758	   2125.00	    0.0	    00000000     00000000	   1	[      8]
354   	0     	      9	   NeutSmallDark	    711.2500	   2074.22	    0.0	    00000000     00000000	   1	[      6]
355   	0     	     14	     condition14	    713.2930	   2042.97	    0.0	    00000000     00000000	   1	[       ]
356   	0     	      2	      condition2	    713.9375	    644.53	    0.0	    00000000     00000000	   1	[       ]
357   	0     	      7	  NegSmallBright	    715.6758	   1738.28	    0.0	    00000000     00000000	   1	[      4]
358   	0     	     11	 NeutSmallBright	    717.7578	   2082.03	    0.0	    00000000     00000000	   1	[      8]
359   	0     	      6	  NegLargeBright	    720.0625	   2304.69	    0.0	    00000000     00000000	   1	[      3]
360   	0     	      4	    NegLargeDark	    722.0977	   2035.16	    0.0	    00000000     00000000	   1	[      1]
361   	0     	      7	  NegSmallBright	    724.4023	   2304.69	    0.0	    00000000     00000000	   1	[      4]
362   	0     	      9	   NeutSmallDark	    726.7656	   2363.28	    0.0	    00000000     00000000	   1	[      6]
363   	0     	     14	     condition14	    728.8398	   2074.22	    0.0	    00000000     00000000	   1	[       ]
364   	0     	      2	      condition2	    729.4141	    574.22	    0.0	    00000000     00000000	   1	[       ]
365   	0     	      9	   NeutSmallDark	    730.9023	   1488.28	    0.0	    00000000     00000000	   1	[      6]
366   	0     	      5	    NegSmallDark	    733.0547	   2152.34	    0.0	    00000000     00000000	   1	[      2]
367   	0     	     11	 NeutSmallBright	    735.1797	   2125.00	    0.0	    00000000     00000000	   1	[      8]
368   	0     	     11	 NeutSmallBright	    737.6328	   2453.12	    0.0	    00000000     00000000	   1	[      8]
369   	0     	     13	     condition13	    740.1094	   2476.56	    0.0	    00000000     00000000	   1	[       ]
370   	0     	      2	      condition2	    740.7891	    679.69	    0.0	    00000000     00000000	   1	[       ]
371   	0     	      4	    NegLargeDark	    742.1836	   1394.53	    0.0	    00000000     00000000	   1	[      1]
372   	0     	     13	     condition13	    744.3477	   2164.06	    0.0	    00000000     00000000	   1	[       ]
373   	0     	      2	      condition2	    744.9414	    593.75	    0.0	    00000000     00000000	   1	[       ]
374   	0     	     11	 NeutSmallBright	    746.5898	   1648.44	    0.0	    00000000     00000000	   1	[      8]
375   	0     	     15	     condition15	    748.9258	   2335.94	    0.0	    00000000     00000000	   1	[       ]
376   	0     	      2	      condition2	    749.5234	    597.66	    0.0	    00000000     00000000	   1	[       ]
377   	0     	     12	     condition12	    751.4297	   1906.25	    0.0	    00000000     00000000	   1	[       ]
378   	0     	      2	      condition2	    752.0430	    613.28	    0.0	    00000000     00000000	   1	[       ]
379   	0     	     10	 NeutLargeBright	    753.5625	   1519.53	    0.0	    00000000     00000000	   1	[      7]
380   	0     	      9	   NeutSmallDark	    755.9961	   2433.59	    0.0	    00000000     00000000	   1	[      6]
381   	0     	      7	  NegSmallBright	    758.1797	   2183.59	    0.0	    00000000     00000000	   1	[      4]
382   	0     	     10	 NeutLargeBright	    760.3828	   2203.12	    0.0	    00000000     00000000	   1	[      7]
383   	0     	      8	   NeutLargeDark	    762.5000	   2117.19	    0.0	    00000000     00000000	   1	[      5]
384   	0     	     10	 NeutLargeBright	    764.7617	   2261.72	    0.0	    00000000     00000000	   1	[      7]
385   	0     	     12	     condition12	    767.1953	   2433.59	    0.0	    00000000     00000000	   1	[       ]
386   	0     	      2	      condition2	    767.7305	    535.16	    0.0	    00000000     00000000	   1	[       ]
387   	0     	      7	  NegSmallBright	    769.7109	   1980.47	    0.0	    00000000     00000000	   1	[      4]
388   	0     	      4	    NegLargeDark	    772.2461	   2535.16	    0.0	    00000000     00000000	   1	[      1]
389   	0     	     10	 NeutLargeBright	    774.3398	   2093.75	    0.0	    00000000     00000000	   1	[      7]
390   	0     	      8	   NeutLargeDark	    776.4336	   2093.75	    0.0	    00000000     00000000	   1	[      5]
391   	0     	      6	  NegLargeBright	    778.6875	   2253.91	    0.0	    00000000     00000000	   1	[      3]
392   	0     	      9	   NeutSmallDark	    781.1523	   2464.84	    0.0	    00000000     00000000	   1	[      6]
393   	0     	      8	   NeutLargeDark	    783.6562	   2503.91	    0.0	    00000000     00000000	   1	[      5]
394   	0     	     11	 NeutSmallBright	    785.7891	   2132.81	    0.0	    00000000     00000000	   1	[      8]
395   	0     	     10	 NeutLargeBright	    788.2344	   2445.31	    0.0	    00000000     00000000	   1	[      7]
396   	0     	      4	    NegLargeDark	    790.3984	   2164.06	    0.0	    00000000     00000000	   1	[      1]
397   	0     	      9	   NeutSmallDark	    792.5117	   2113.28	    0.0	    00000000     00000000	   1	[      6]
398   	0     	      9	   NeutSmallDark	    794.5742	   2062.50	    0.0	    00000000     00000000	   1	[      6]
399   	0     	     15	     condition15	    796.9180	   2343.75	    0.0	    00000000     00000000	   1	[       ]
400   	0     	      2	      condition2	    797.6914	    773.44	    0.0	    00000000     00000000	   1	[       ]
401   	0     	     10	 NeutLargeBright	    799.3516	   1660.16	    0.0	    00000000     00000000	   1	[      7]
402   	0     	    253	              ""	    801.4219	   2070.31	    0.0	    00000000     00000000	   1	[       ]
403   	0     	      8	   NeutLargeDark	    802.4258	   1003.91	    0.0	    00000000     00000000	   1	[      5]
404   	0     	      6	  NegLargeBright	    804.8867	   2460.94	    0.0	    00000000     00000000	   1	[      3]
405   	0     	      9	   NeutSmallDark	    807.3516	   2464.84	    0.0	    00000000     00000000	   1	[      6]
406   	0     	     15	     condition15	    809.8164	   2464.84	    0.0	    00000000     00000000	   1	[       ]
407   	0     	      2	      condition2	    810.6719	    855.47	    0.0	    00000000     00000000	   1	[       ]
408   	0     	     12	     condition12	    812.0703	   1398.44	    0.0	    00000000     00000000	   1	[       ]
409   	0     	      2	      condition2	    812.6953	    625.00	    0.0	    00000000     00000000	   1	[       ]
410   	0     	      5	    NegSmallDark	    814.5742	   1878.91	    0.0	    00000000     00000000	   1	[      2]
411   	0     	      6	  NegLargeBright	    816.8594	   2285.16	    0.0	    00000000     00000000	   1	[      3]
412   	0     	     10	 NeutLargeBright	    819.3828	   2523.44	    0.0	    00000000     00000000	   1	[      7]
413   	0     	      9	   NeutSmallDark	    821.8594	   2476.56	    0.0	    00000000     00000000	   1	[      6]
414   	0     	      7	  NegSmallBright	    824.1133	   2253.91	    0.0	    00000000     00000000	   1	[      4]
415   	0     	      4	    NegLargeDark	    826.5078	   2394.53	    0.0	    00000000     00000000	   1	[      1]
416   	0     	     11	 NeutSmallBright	    828.6602	   2152.34	    0.0	    00000000     00000000	   1	[      8]
417   	0     	      6	  NegLargeBright	    830.7227	   2062.50	    0.0	    00000000     00000000	   1	[      3]
418   	0     	      5	    NegSmallDark	    832.7578	   2035.16	    0.0	    00000000     00000000	   1	[      2]
419   	0     	      4	    NegLargeDark	    835.1211	   2363.28	    0.0	    00000000     00000000	   1	[      1]
420   	0     	     13	     condition13	    837.3359	   2214.84	    0.0	    00000000     00000000	   1	[       ]
421   	0     	      2	      condition2	    837.9336	    597.66	    0.0	    00000000     00000000	   1	[       ]
422   	0     	      8	   NeutLargeDark	    839.4102	   1476.56	    0.0	    00000000     00000000	   1	[      5]
423   	0     	     11	 NeutSmallBright	    841.9141	   2503.91	    0.0	    00000000     00000000	   1	[      8]
424   	0     	     14	     condition14	    844.1094	   2195.31	    0.0	    00000000     00000000	   1	[       ]
425   	0     	      2	      condition2	    844.6914	    582.03	    0.0	    00000000     00000000	   1	[       ]
426   	0     	      6	  NegLargeBright	    846.2305	   1539.06	    0.0	    00000000     00000000	   1	[      3]
427   	0     	      7	  NegSmallBright	    848.5547	   2324.22	    0.0	    00000000     00000000	   1	[      4]
428   	0     	      7	  NegSmallBright	    850.5977	   2042.97	    0.0	    00000000     00000000	   1	[      4]
429   	0     	      5	    NegSmallDark	    852.8242	   2226.56	    0.0	    00000000     00000000	   1	[      2]
430   	0     	     15	     condition15	    854.9961	   2171.88	    0.0	    00000000     00000000	   1	[       ]
431   	0     	      2	      condition2	    855.8477	    851.56	    0.0	    00000000     00000000	   1	[       ]
432   	0     	      7	  NegSmallBright	    857.3906	   1542.97	    0.0	    00000000     00000000	   1	[      4]
433   	0     	      6	  NegLargeBright	    859.4531	   2062.50	    0.0	    00000000     00000000	   1	[      3]
434   	0     	      9	   NeutSmallDark	    861.8789	   2425.78	    0.0	    00000000     00000000	   1	[      6]
435   	0     	      6	  NegLargeBright	    864.1016	   2222.66	    0.0	    00000000     00000000	   1	[      3]
436   	0     	     10	 NeutLargeBright	    866.1875	   2085.94	    0.0	    00000000     00000000	   1	[      7]
437   	0     	     10	 NeutLargeBright	    868.4492	   2261.72	    0.0	    00000000     00000000	   1	[      7]
438   	0     	      6	  NegLargeBright	    870.9258	   2476.56	    0.0	    00000000     00000000	   1	[      3]
439   	0     	     10	 NeutLargeBright	    873.2773	   2351.56	    0.0	    00000000     00000000	   1	[      7]
440   	0     	      7	  NegSmallBright	    875.4609	   2183.59	    0.0	    00000000     00000000	   1	[      4]
441   	0     	      7	  NegSmallBright	    877.9180	   2457.03	    0.0	    00000000     00000000	   1	[      4]
442   	0     	      7	  NegSmallBright	    880.1914	   2273.44	    0.0	    00000000     00000000	   1	[      4]
443   	0     	     12	     condition12	    882.6250	   2433.59	    0.0	    00000000     00000000	   1	[       ]
444   	0     	      2	      condition2	    883.2188	    593.75	    0.0	    00000000     00000000	   1	[       ]
445   	0     	     14	     condition14	    884.8398	   1621.09	    0.0	    00000000     00000000	   1	[       ]
446   	0     	      2	      condition2	    885.7891	    949.22	    0.0	    00000000     00000000	   1	[       ]
447   	0     	     10	 NeutLargeBright	    886.9336	   1144.53	    0.0	    00000000     00000000	   1	[      7]
448   	0     	      9	   NeutSmallDark	    889.1680	   2234.38	    0.0	    00000000     00000000	   1	[      6]
449   	0     	     11	 NeutSmallBright	    891.1914	   2023.44	    0.0	    00000000     00000000	   1	[      8]
450   	0     	     10	 NeutLargeBright	    893.3438	   2152.34	    0.0	    00000000     00000000	   1	[      7]
451   	0     	      5	    NegSmallDark	    895.4492	   2105.47	    0.0	    00000000     00000000	   1	[      2]
452   	0     	     11	 NeutSmallBright	    897.5117	   2062.50	    0.0	    00000000     00000000	   1	[      8]
453   	0     	      8	   NeutLargeDark	    899.5742	   2062.50	    0.0	    00000000     00000000	   1	[      5]
454   	0     	      6	  NegLargeBright	    901.7773	   2203.12	    0.0	    00000000     00000000	   1	[      3]
455   	0     	      4	    NegLargeDark	    904.0312	   2253.91	    0.0	    00000000     00000000	   1	[      1]
456   	0     	     11	 NeutSmallBright	    906.5469	   2515.62	    0.0	    00000000     00000000	   1	[      8]
457   	0     	     13	     condition13	    908.9297	   2382.81	    0.0	    00000000     00000000	   1	[       ]
458   	0     	      2	      condition2	    909.5508	    621.09	    0.0	    00000000     00000000	   1	[       ]
459   	0     	      6	  NegLargeBright	    911.2266	   1675.78	    0.0	    00000000     00000000	   1	[      3]
460   	0     	      4	    NegLargeDark	    913.5508	   2324.22	    0.0	    00000000     00000000	   1	[      1]
461   	0     	      8	   NeutLargeDark	    915.7539	   2203.12	    0.0	    00000000     00000000	   1	[      5]
462   	0     	      4	    NegLargeDark	    918.0781	   2324.22	    0.0	    00000000     00000000	   1	[      1]
463   	0     	      4	    NegLargeDark	    920.2109	   2132.81	    0.0	    00000000     00000000	   1	[      1]
464   	0     	      5	    NegSmallDark	    922.6055	   2394.53	    0.0	    00000000     00000000	   1	[      2]
465   	0     	     14	     condition14	    924.8516	   2246.09	    0.0	    00000000     00000000	   1	[       ]
466   	0     	      2	      condition2	    925.5977	    746.09	    0.0	    00000000     00000000	   1	[       ]
467   	0     	     10	 NeutLargeBright	    927.0430	   1445.31	    0.0	    00000000     00000000	   1	[      7]
468   	0     	     11	 NeutSmallBright	    929.4961	   2453.12	    0.0	    00000000     00000000	   1	[      8]
469   	0     	      8	   NeutLargeDark	    931.8906	   2394.53	    0.0	    00000000     00000000	   1	[      5]
470   	0     	     11	 NeutSmallBright	    933.9375	   2046.88	    0.0	    00000000     00000000	   1	[      8]
471   	0     	     11	 NeutSmallBright	    936.4102	   2472.66	    0.0	    00000000     00000000	   1	[      8]
472   	0     	      7	  NegSmallBright	    938.5430	   2132.81	    0.0	    00000000     00000000	   1	[      4]
473   	0     	      9	   NeutSmallDark	    940.9297	   2386.72	    0.0	    00000000     00000000	   1	[      6]
474   	0     	      5	    NegSmallDark	    942.9922	   2062.50	    0.0	    00000000     00000000	   1	[      2]
475   	0     	     13	     condition13	    945.1055	   2113.28	    0.0	    00000000     00000000	   1	[       ]
476   	0     	      2	      condition2	    945.6562	    550.78	    0.0	    00000000     00000000	   1	[       ]
477   	0     	     12	     condition12	    947.1797	   1523.44	    0.0	    00000000     00000000	   1	[       ]
478   	0     	      2	      condition2	    947.7695	    589.84	    0.0	    00000000     00000000	   1	[       ]
479   	0     	      8	   NeutLargeDark	    949.6445	   1875.00	    0.0	    00000000     00000000	   1	[      5]
480   	0     	      7	  NegSmallBright	    951.8672	   2222.66	    0.0	    00000000     00000000	   1	[      4]
481   	0     	      5	    NegSmallDark	    953.9492	   2082.03	    0.0	    00000000     00000000	   1	[      2]
482   	0     	      4	    NegLargeDark	    956.2734	   2324.22	    0.0	    00000000     00000000	   1	[      1]
483   	0     	     11	 NeutSmallBright	    958.7891	   2515.62	    0.0	    00000000     00000000	   1	[      8]
484   	0     	      8	   NeutLargeDark	    961.7656	   2976.56	    0.0	    00000000     00000000	   1	[      5]
485   	0     	      4	    NegLargeDark	    964.1875	   2421.88	    0.0	    00000000     00000000	   1	[      1]
486   	0     	     15	     condition15	    966.5820	   2394.53	    0.0	    00000000     00000000	   1	[       ]
487   	0     	      2	      condition2	    967.1094	    527.34	    0.0	    00000000     00000000	   1	[       ]
488   	0     	     12	     condition12	    968.9062	   1796.88	    0.0	    00000000     00000000	   1	[       ]
489   	0     	      2	      condition2	    969.4375	    531.25	    0.0	    00000000     00000000	   1	[       ]
490   	0     	      9	   NeutSmallDark	    971.0703	   1632.81	    0.0	    00000000     00000000	   1	[      6]
491   	0     	      5	    NegSmallDark	    973.1445	   2074.22	    0.0	    00000000     00000000	   1	[      2]
492   	0     	      9	   NeutSmallDark	    975.3789	   2234.38	    0.0	    00000000     00000000	   1	[      6]
493   	0     	      5	    NegSmallDark	    977.8516	   2472.66	    0.0	    00000000     00000000	   1	[      2]
494   	0     	     11	 NeutSmallBright	    980.1445	   2292.97	    0.0	    00000000     00000000	   1	[      8]
495   	0     	      7	  NegSmallBright	    982.2617	   2117.19	    0.0	    00000000     00000000	   1	[      4]
496   	0     	      6	  NegLargeBright	    984.5156	   2253.91	    0.0	    00000000     00000000	   1	[      3]
497   	0     	      4	    NegLargeDark	    986.6875	   2171.88	    0.0	    00000000     00000000	   1	[      1]
498   	0     	     13	     condition13	    988.9414	   2253.91	    0.0	    00000000     00000000	   1	[       ]
499   	0     	      2	      condition2	    989.7109	    769.53	    0.0	    00000000     00000000	   1	[       ]
500   	0     	      8	   NeutLargeDark	    991.1641	   1453.12	    0.0	    00000000     00000000	   1	[      5]
501   	0     	      6	  NegLargeBright	    993.5781	   2414.06	    0.0	    00000000     00000000	   1	[      3]
502   	0     	      9	   NeutSmallDark	    995.9844	   2406.25	    0.0	    00000000     00000000	   1	[      6]
503   	0     	      8	   NeutLargeDark	    998.2969	   2312.50	    0.0	    00000000     00000000	   1	[      5]
504   	0     	     15	     condition15	   1000.7734	   2476.56	    0.0	    00000000     00000000	   1	[       ]
505   	0     	      2	      condition2	   1001.3672	    593.75	    0.0	    00000000     00000000	   1	[       ]
506   	0     	      5	    NegSmallDark	   1003.2266	   1859.38	    0.0	    00000000     00000000	   1	[      2]
507   	0     	      4	    NegLargeDark	   1005.3711	   2144.53	    0.0	    00000000     00000000	   1	[      1]
508   	0     	      9	   NeutSmallDark	   1007.4258	   2054.69	    0.0	    00000000     00000000	   1	[      6]
509   	0     	      5	    NegSmallDark	   1009.5977	   2171.88	    0.0	    00000000     00000000	   1	[      2]
510   	0     	      8	   NeutLargeDark	   1012.0742	   2476.56	    0.0	    00000000     00000000	   1	[      5]
511   	0     	     11	 NeutSmallBright	   1014.4883	   2414.06	    0.0	    00000000     00000000	   1	[      8]
512   	0     	      6	  NegLargeBright	   1016.9102	   2421.88	    0.0	    00000000     00000000	   1	[      3]
513   	0     	      6	  NegLargeBright	   1019.3359	   2425.78	    0.0	    00000000     00000000	   1	[      3]
514   	0     	      8	   NeutLargeDark	   1021.4102	   2074.22	    0.0	    00000000     00000000	   1	[      5]
515   	0     	      4	    NegLargeDark	   1023.4922	   2082.03	    0.0	    00000000     00000000	   1	[      1]
516   	0     	      8	   NeutLargeDark	   1025.5859	   2093.75	    0.0	    00000000     00000000	   1	[      5]
517   	0     	     10	 NeutLargeBright	   1027.7617	   2175.78	    0.0	    00000000     00000000	   1	[      7]
518   	0     	      4	    NegLargeDark	   1029.8320	   2070.31	    0.0	    00000000     00000000	   1	[      1]
519   	0     	      5	    NegSmallDark	   1032.1172	   2285.16	    0.0	    00000000     00000000	   1	[      2]
520   	0     	      7	  NegSmallBright	   1034.2930	   2175.78	    0.0	    00000000     00000000	   1	[      4]
521   	0     	     13	     condition13	   1036.7656	   2472.66	    0.0	    00000000     00000000	   1	[       ]
522   	0     	      2	      condition2	   1037.3125	    546.88	    0.0	    00000000     00000000	   1	[       ]
523   	0     	      7	  NegSmallBright	   1039.2695	   1957.03	    0.0	    00000000     00000000	   1	[      4]
524   	0     	      6	  NegLargeBright	   1041.4453	   2175.78	    0.0	    00000000     00000000	   1	[      3]
525   	0     	      5	    NegSmallDark	   1043.8086	   2363.28	    0.0	    00000000     00000000	   1	[      2]
526   	0     	     11	 NeutSmallBright	   1045.9336	   2125.00	    0.0	    00000000     00000000	   1	[      8]
527   	0     	      4	    NegLargeDark	   1047.9844	   2050.78	    0.0	    00000000     00000000	   1	[      1]
528   	0     	      8	   NeutLargeDark	   1050.2695	   2285.16	    0.0	    00000000     00000000	   1	[      5]
529   	0     	      4	    NegLargeDark	   1052.7344	   2464.84	    0.0	    00000000     00000000	   1	[      1]
530   	0     	     11	 NeutSmallBright	   1055.1094	   2375.00	    0.0	    00000000     00000000	   1	[      8]
531   	0     	      7	  NegSmallBright	   1057.3203	   2210.94	    0.0	    00000000     00000000	   1	[      4]
532   	0     	     10	 NeutLargeBright	   1059.6875	   2367.19	    0.0	    00000000     00000000	   1	[      7]
533   	0     	      7	  NegSmallBright	   1061.7500	   2062.50	    0.0	    00000000     00000000	   1	[      4]
534   	0     	      5	    NegSmallDark	   1063.9141	   2164.06	    0.0	    00000000     00000000	   1	[      2]
535   	0     	      7	  NegSmallBright	   1066.2969	   2382.81	    0.0	    00000000     00000000	   1	[      4]
536   	0     	      5	    NegSmallDark	   1068.7734	   2476.56	    0.0	    00000000     00000000	   1	[      2]
537   	0     	     13	     condition13	   1071.1250	   2351.56	    0.0	    00000000     00000000	   1	[       ]
538   	0     	      2	      condition2	   1071.6367	    511.72	    0.0	    00000000     00000000	   1	[       ]
539   	0     	      6	  NegLargeBright	   1073.2812	   1644.53	    0.0	    00000000     00000000	   1	[      3]
540   	0     	      6	  NegLargeBright	   1075.5938	   2312.50	    0.0	    00000000     00000000	   1	[      3]
541   	0     	     13	     condition13	   1077.7578	   2164.06	    0.0	    00000000     00000000	   1	[       ]
542   	0     	      2	      condition2	   1078.2891	    531.25	    0.0	    00000000     00000000	   1	[       ]
543   	0     	     12	     condition12	   1080.1133	   1824.22	    0.0	    00000000     00000000	   1	[       ]
544   	0     	      2	      condition2	   1080.6328	    519.53	    0.0	    00000000     00000000	   1	[       ]
545   	0     	      6	  NegLargeBright	   1082.4062	   1773.44	    0.0	    00000000     00000000	   1	[      3]
546   	0     	      4	    NegLargeDark	   1084.6484	   2242.19	    0.0	    00000000     00000000	   1	[      1]
547   	0     	      8	   NeutLargeDark	   1086.7852	   2136.72	    0.0	    00000000     00000000	   1	[      5]
548   	0     	     12	     condition12	   1089.2383	   2453.12	    0.0	    00000000     00000000	   1	[       ]
549   	0     	      2	      condition2	   1089.9219	    683.59	    0.0	    00000000     00000000	   1	[       ]
550   	0     	      9	   NeutSmallDark	   1091.6719	   1750.00	    0.0	    00000000     00000000	   1	[      6]
551   	0     	      4	    NegLargeDark	   1093.7852	   2113.28	    0.0	    00000000     00000000	   1	[      1]
552   	0     	      9	   NeutSmallDark	   1096.0312	   2246.09	    0.0	    00000000     00000000	   1	[      6]
553   	0     	      8	   NeutLargeDark	   1098.2422	   2210.94	    0.0	    00000000     00000000	   1	[      5]
554   	0     	      6	  NegLargeBright	   1100.6875	   2445.31	    0.0	    00000000     00000000	   1	[      3]
555   	0     	     14	     condition14	   1102.8828	   2195.31	    0.0	    00000000     00000000	   1	[       ]
556   	0     	      2	      condition2	   1103.5000	    617.19	    0.0	    00000000     00000000	   1	[       ]
557   	0     	      5	    NegSmallDark	   1105.1367	   1636.72	    0.0	    00000000     00000000	   1	[      2]
558   	0     	      8	   NeutLargeDark	   1107.2500	   2113.28	    0.0	    00000000     00000000	   1	[      5]
559   	0     	     10	 NeutLargeBright	   1109.5547	   2304.69	    0.0	    00000000     00000000	   1	[      7]
560   	0     	      6	  NegLargeBright	   1111.6562	   2101.56	    0.0	    00000000     00000000	   1	[      3]
561   	0     	      7	  NegSmallBright	   1113.8828	   2226.56	    0.0	    00000000     00000000	   1	[      4]
562   	0     	      5	    NegSmallDark	   1116.3867	   2503.91	    0.0	    00000000     00000000	   1	[      2]
563   	0     	      5	    NegSmallDark	   1118.8516	   2464.84	    0.0	    00000000     00000000	   1	[      2]
564   	0     	    253	              ""	   1121.4688	   2617.19	    0.0	    00000000     00000000	   1	[       ]
565   	0     	      7	  NegSmallBright	   1122.4727	   1003.91	    0.0	    00000000     00000000	   1	[      4]
566   	0     	     11	 NeutSmallBright	   1124.6758	   2203.12	    0.0	    00000000     00000000	   1	[      8]
567   	0     	      5	    NegSmallDark	   1127.0312	   2355.47	    0.0	    00000000     00000000	   1	[      2]
568   	0     	     14	     condition14	   1129.5469	   2515.62	    0.0	    00000000     00000000	   1	[       ]
569   	0     	      2	      condition2	   1130.1211	    574.22	    0.0	    00000000     00000000	   1	[       ]
570   	0     	      5	    NegSmallDark	   1131.7383	   1617.19	    0.0	    00000000     00000000	   1	[      2]
571   	0     	      9	   NeutSmallDark	   1134.1641	   2425.78	    0.0	    00000000     00000000	   1	[      6]
572   	0     	     14	     condition14	   1136.4688	   2304.69	    0.0	    00000000     00000000	   1	[       ]
573   	0     	      2	      condition2	   1136.9844	    515.62	    0.0	    00000000     00000000	   1	[       ]
574   	0     	      6	  NegLargeBright	   1138.6719	   1687.50	    0.0	    00000000     00000000	   1	[      3]
575   	0     	     10	 NeutLargeBright	   1141.0352	   2363.28	    0.0	    00000000     00000000	   1	[      7]
576   	0     	      5	    NegSmallDark	   1143.4102	   2375.00	    0.0	    00000000     00000000	   1	[      2]
577   	0     	      4	    NegLargeDark	   1145.6055	   2195.31	    0.0	    00000000     00000000	   1	[      1]
578   	0     	     15	     condition15	   1147.8789	   2273.44	    0.0	    00000000     00000000	   1	[       ]
579   	0     	      2	      condition2	   1148.8047	    925.78	    0.0	    00000000     00000000	   1	[       ]
580   	0     	      7	  NegSmallBright	   1150.0117	   1207.03	    0.0	    00000000     00000000	   1	[      4]
581   	0     	      6	  NegLargeBright	   1152.4766	   2464.84	    0.0	    00000000     00000000	   1	[      3]
582   	0     	      5	    NegSmallDark	   1154.6289	   2152.34	    0.0	    00000000     00000000	   1	[      2]
583   	0     	     11	 NeutSmallBright	   1156.7734	   2144.53	    0.0	    00000000     00000000	   1	[      8]
584   	0     	     14	     condition14	   1158.9766	   2203.12	    0.0	    00000000     00000000	   1	[       ]
585   	0     	      2	      condition2	   1159.6055	    628.91	    0.0	    00000000     00000000	   1	[       ]
586   	0     	      4	    NegLargeDark	   1161.1797	   1574.22	    0.0	    00000000     00000000	   1	[      1]
587   	0     	      9	   NeutSmallDark	   1163.3359	   2156.25	    0.0	    00000000     00000000	   1	[      6]
588   	0     	     11	 NeutSmallBright	   1165.4297	   2093.75	    0.0	    00000000     00000000	   1	[      8]
589   	0     	      6	  NegLargeBright	   1167.8047	   2375.00	    0.0	    00000000     00000000	   1	[      3]
590   	0     	      8	   NeutLargeDark	   1170.1758	   2371.09	    0.0	    00000000     00000000	   1	[      5]
591   	0     	     14	     condition14	   1172.5820	   2406.25	    0.0	    00000000     00000000	   1	[       ]
592   	0     	      2	      condition2	   1173.1367	    554.69	    0.0	    00000000     00000000	   1	[       ]
593   	0     	      5	    NegSmallDark	   1174.9844	   1847.66	    0.0	    00000000     00000000	   1	[      2]
594   	0     	      5	    NegSmallDark	   1177.3203	   2335.94	    0.0	    00000000     00000000	   1	[      2]
595   	0     	      9	   NeutSmallDark	   1179.8359	   2515.62	    0.0	    00000000     00000000	   1	[      6]
596   	0     	     15	     condition15	   1181.9883	   2152.34	    0.0	    00000000     00000000	   1	[       ]
597   	0     	      2	      condition2	   1182.7266	    738.28	    0.0	    00000000     00000000	   1	[       ]
598   	0     	      5	    NegSmallDark	   1184.4219	   1695.31	    0.0	    00000000     00000000	   1	[      2]
599   	0     	     11	 NeutSmallBright	   1186.6250	   2203.12	    0.0	    00000000     00000000	   1	[      8]
600   	0     	     10	 NeutLargeBright	   1188.7305	   2105.47	    0.0	    00000000     00000000	   1	[      7]
601   	0     	      5	    NegSmallDark	   1190.7617	   2031.25	    0.0	    00000000     00000000	   1	[      2]
602   	0     	      8	   NeutLargeDark	   1192.9961	   2234.38	    0.0	    00000000     00000000	   1	[      5]
603   	0     	      6	  NegLargeBright	   1195.5234	   2527.34	    0.0	    00000000     00000000	   1	[      3]
604   	0     	     13	     condition13	   1197.6250	   2101.56	    0.0	    00000000     00000000	   1	[       ]
605   	0     	      2	      condition2	   1198.1328	    507.81	    0.0	    00000000     00000000	   1	[       ]
606   	0     	      9	   NeutSmallDark	   1199.9492	   1816.41	    0.0	    00000000     00000000	   1	[      6]
607   	0     	      8	   NeutLargeDark	   1202.1953	   2246.09	    0.0	    00000000     00000000	   1	[      5]
608   	0     	      8	   NeutLargeDark	   1204.3984	   2203.12	    0.0	    00000000     00000000	   1	[      5]
609   	0     	     11	 NeutSmallBright	   1206.5430	   2144.53	    0.0	    00000000     00000000	   1	[      8]
610   	0     	     10	 NeutLargeBright	   1208.8672	   2324.22	    0.0	    00000000     00000000	   1	[      7]
611   	0     	     14	     condition14	   1211.1211	   2253.91	    0.0	    00000000     00000000	   1	[       ]
612   	0     	      2	      condition2	   1211.6914	    570.31	    0.0	    00000000     00000000	   1	[       ]
613   	0     	      8	   NeutLargeDark	   1213.3516	   1660.16	    0.0	    00000000     00000000	   1	[      5]
614   	0     	     12	     condition12	   1215.6367	   2285.16	    0.0	    00000000     00000000	   1	[       ]
615   	0     	      2	      condition2	   1216.2266	    589.84	    0.0	    00000000     00000000	   1	[       ]
616   	0     	      6	  NegLargeBright	   1217.7695	   1542.97	    0.0	    00000000     00000000	   1	[      3]
617   	0     	      4	    NegLargeDark	   1220.0742	   2304.69	    0.0	    00000000     00000000	   1	[      1]
618   	0     	      8	   NeutLargeDark	   1222.3906	   2316.41	    0.0	    00000000     00000000	   1	[      5]
619   	0     	     14	     condition14	   1224.9219	   2531.25	    0.0	    00000000     00000000	   1	[       ]
620   	0     	      2	      condition2	   1225.5781	    656.25	    0.0	    00000000     00000000	   1	[       ]
621   	0     	      8	   NeutLargeDark	   1226.9688	   1390.62	    0.0	    00000000     00000000	   1	[      5]
622   	0     	      8	   NeutLargeDark	   1229.1094	   2140.62	    0.0	    00000000     00000000	   1	[      5]
623   	0     	      9	   NeutSmallDark	   1231.1836	   2074.22	    0.0	    00000000     00000000	   1	[      6]
624   	0     	     15	     condition15	   1233.2266	   2042.97	    0.0	    00000000     00000000	   1	[       ]
625   	0     	      2	      condition2	   1234.2969	   1070.31	    0.0	    00000000     00000000	   1	[       ]
626   	0     	      5	    NegSmallDark	   1235.2500	    953.12	    0.0	    00000000     00000000	   1	[      2]
627   	0     	     10	 NeutLargeBright	   1237.5273	   2277.34	    0.0	    00000000     00000000	   1	[      7]
628   	0     	      8	   NeutLargeDark	   1239.9883	   2460.94	    0.0	    00000000     00000000	   1	[      5]
629   	0     	     11	 NeutSmallBright	   1242.3047	   2316.41	    0.0	    00000000     00000000	   1	[      8]
630   	0     	      7	  NegSmallBright	   1244.4492	   2144.53	    0.0	    00000000     00000000	   1	[      4]
631   	0     	      7	  NegSmallBright	   1246.6211	   2171.88	    0.0	    00000000     00000000	   1	[      4]
632   	0     	      6	  NegLargeBright	   1249.0547	   2433.59	    0.0	    00000000     00000000	   1	[      3]
633   	0     	      7	  NegSmallBright	   1251.1680	   2113.28	    0.0	    00000000     00000000	   1	[      4]
634   	0     	     11	 NeutSmallBright	   1253.5938	   2425.78	    0.0	    00000000     00000000	   1	[      8]
635   	0     	      9	   NeutSmallDark	   1255.7383	   2144.53	    0.0	    00000000     00000000	   1	[      6]
636   	0     	      9	   NeutSmallDark	   1258.1016	   2363.28	    0.0	    00000000     00000000	   1	[      6]
637   	0     	     10	 NeutLargeBright	   1260.4258	   2324.22	    0.0	    00000000     00000000	   1	[      7]
638   	0     	      4	    NegLargeDark	   1262.5078	   2082.03	    0.0	    00000000     00000000	   1	[      1]
639   	0     	      7	  NegSmallBright	   1264.6719	   2164.06	    0.0	    00000000     00000000	   1	[      4]
640   	0     	      8	   NeutLargeDark	   1266.7656	   2093.75	    0.0	    00000000     00000000	   1	[      5]
641   	0     	      9	   NeutSmallDark	   1269.1719	   2406.25	    0.0	    00000000     00000000	   1	[      6]
642   	0     	      8	   NeutLargeDark	   1271.3945	   2222.66	    0.0	    00000000     00000000	   1	[      5]
643   	0     	      7	  NegSmallBright	   1273.6602	   2265.62	    0.0	    00000000     00000000	   1	[      4]
644   	0     	      7	  NegSmallBright	   1276.0820	   2421.88	    0.0	    00000000     00000000	   1	[      4]
645   	0     	     13	     condition13	   1278.4492	   2367.19	    0.0	    00000000     00000000	   1	[       ]
646   	0     	      2	      condition2	   1279.1133	    664.06	    0.0	    00000000     00000000	   1	[       ]
