#  Non-editable header begin --------------------------------------------------------------------------------
# 
#  data format...............: continuous
#  setname...................: BDF file
#  filename..................: none_specified
#  filepath..................: none_specified
#  nchan.....................: 64
#  pnts......................: 328192
#  srate.....................: 256
#  nevents...................: 645
#  generated by (bdf)........: 
#  generated by (set)........: BDF file
#  reported in ..............: 
#  prog Version..............: 8.02
#  creation date.............: 16-Nov-2020 14:54:01
#  user Account..............: 
# 
#  Non-editable header end --------------------------------------------------------------------------------

	bin 1,	# 60,	NegLargeDark
	bin 2,	# 60,	NegSmallDark
	bin 3,	# 60,	NegLargeBright
	bin 4,	# 60,	NegSmallBright
	bin 5,	# 60,	NeutLargeDark
	bin 6,	# 60,	NeutSmallDark
	bin 7,	# 60,	NeutLargeBright
	bin 8,	# 60,	NeutSmallBright



# item	 bepoch	  ecode	            label	      onset	          diff	     dura	b_flags	   a_flags	  enable	    bin
#                                                 (sec)           (msec)     (msec)    (binary)   (binary)


1     	0     	     11	 NeutSmallBright	      1.8867	      0.00	    0.0	    00000000     00000000	   1	[      8]
2     	0     	      4	    NegLargeDark	      3.9297	   2042.97	    0.0	    00000000     00000000	   1	[      1]
3     	0     	      9	   NeutSmallDark	      6.3555	   2425.78	    0.0	    00000000     00000000	   1	[      6]
4     	0     	      4	    NegLargeDark	      8.7500	   2394.53	    0.0	    00000000     00000000	   1	[      1]
5     	0     	      7	  NegSmallBright	     11.0156	   2265.62	    0.0	    00000000     00000000	   1	[      4]
6     	0     	     10	 NeutLargeBright	     13.2070	   2191.41	    0.0	    00000000     00000000	   1	[      7]
7     	0     	      8	   NeutLargeDark	     15.4219	   2214.84	    0.0	    00000000     00000000	   1	[      5]
8     	0     	     11	 NeutSmallBright	     17.5039	   2082.03	    0.0	    00000000     00000000	   1	[      8]
9     	0     	      7	  NegSmallBright	     19.6289	   2125.00	    0.0	    00000000     00000000	   1	[      4]
10    	0     	      7	  NegSmallBright	     21.6914	   2062.50	    0.0	    00000000     00000000	   1	[      4]
11    	0     	     10	 NeutLargeBright	     24.2188	   2527.34	    0.0	    00000000     00000000	   1	[      7]
12    	0     	     10	 NeutLargeBright	     26.3203	   2101.56	    0.0	    00000000     00000000	   1	[      7]
13    	0     	     15	     condition15	     28.4141	   2093.75	    0.0	    00000000     00000000	   1	[       ]
14    	0     	      2	      condition2	     29.4102	    996.09	    0.0	    00000000     00000000	   1	[       ]
15    	0     	      8	   NeutLargeDark	     30.6602	   1250.00	    0.0	    00000000     00000000	   1	[      5]
16    	0     	     11	 NeutSmallBright	     33.1016	   2441.41	    0.0	    00000000     00000000	   1	[      8]
17    	0     	      5	    NegSmallDark	     35.1367	   2035.16	    0.0	    00000000     00000000	   1	[      2]
18    	0     	      7	  NegSmallBright	     37.5625	   2425.78	    0.0	    00000000     00000000	   1	[      4]
19    	0     	      8	   NeutLargeDark	     40.0664	   2503.91	    0.0	    00000000     00000000	   1	[      5]
20    	0     	     11	 NeutSmallBright	     42.3086	   2242.19	    0.0	    00000000     00000000	   1	[      8]
21    	0     	      7	  NegSmallBright	     44.4922	   2183.59	    0.0	    00000000     00000000	   1	[      4]
22    	0     	      5	    NegSmallDark	     46.5781	   2085.94	    0.0	    00000000     00000000	   1	[      2]
23    	0     	      5	    NegSmallDark	     48.6797	   2101.56	    0.0	    00000000     00000000	   1	[      2]
24    	0     	      4	    NegLargeDark	     50.9531	   2273.44	    0.0	    00000000     00000000	   1	[      1]
25    	0     	      5	    NegSmallDark	     53.1289	   2175.78	    0.0	    00000000     00000000	   1	[      2]
26    	0     	     10	 NeutLargeBright	     55.2031	   2074.22	    0.0	    00000000     00000000	   1	[      7]
27    	0     	     11	 NeutSmallBright	     57.4570	   2253.91	    0.0	    00000000     00000000	   1	[      8]
28    	0     	      4	    NegLargeDark	     59.5781	   2121.09	    0.0	    00000000     00000000	   1	[      1]
29    	0     	      9	   NeutSmallDark	     61.7617	   2183.59	    0.0	    00000000     00000000	   1	[      6]
30    	0     	     13	     condition13	     63.9062	   2144.53	    0.0	    00000000     00000000	   1	[       ]
31    	0     	      2	      condition2	     64.4531	    546.88	    0.0	    00000000     00000000	   1	[       ]
32    	0     	      9	   NeutSmallDark	     66.2695	   1816.41	    0.0	    00000000     00000000	   1	[      6]
33    	0     	     13	     condition13	     68.5469	   2277.34	    0.0	    00000000     00000000	   1	[       ]
34    	0     	      2	      condition2	     69.1328	    585.94	    0.0	    00000000     00000000	   1	[       ]
35    	0     	      6	  NegLargeBright	     70.7695	   1636.72	    0.0	    00000000     00000000	   1	[      3]
36    	0     	      7	  NegSmallBright	     72.8242	   2054.69	    0.0	    00000000     00000000	   1	[      4]
37    	0     	     15	     condition15	     74.9570	   2132.81	    0.0	    00000000     00000000	   1	[       ]
38    	0     	      2	      condition2	     75.5625	    605.47	    0.0	    00000000     00000000	   1	[       ]
39    	0     	      7	  NegSmallBright	     77.1094	   1546.88	    0.0	    00000000     00000000	   1	[      4]
40    	0     	      5	    NegSmallDark	     79.5938	   2484.38	    0.0	    00000000     00000000	   1	[      2]
41    	0     	      5	    NegSmallDark	     82.0508	   2457.03	    0.0	    00000000     00000000	   1	[      2]
42    	0     	      6	  NegLargeBright	     84.4727	   2421.88	    0.0	    00000000     00000000	   1	[      3]
43    	0     	      7	  NegSmallBright	     86.4961	   2023.44	    0.0	    00000000     00000000	   1	[      4]
44    	0     	      5	    NegSmallDark	     88.7500	   2253.91	    0.0	    00000000     00000000	   1	[      2]
45    	0     	     12	     condition12	     91.2656	   2515.62	    0.0	    00000000     00000000	   1	[       ]
46    	0     	      2	      condition2	     91.9688	    703.12	    0.0	    00000000     00000000	   1	[       ]
47    	0     	      9	   NeutSmallDark	     93.6602	   1691.41	    0.0	    00000000     00000000	   1	[      6]
48    	0     	      6	  NegLargeBright	     95.9023	   2242.19	    0.0	    00000000     00000000	   1	[      3]
49    	0     	      5	    NegSmallDark	     98.0078	   2105.47	    0.0	    00000000     00000000	   1	[      2]
50    	0     	      9	   NeutSmallDark	    100.1094	   2101.56	    0.0	    00000000     00000000	   1	[      6]
51    	0     	     11	 NeutSmallBright	    102.5469	   2437.50	    0.0	    00000000     00000000	   1	[      8]
52    	0     	      9	   NeutSmallDark	    105.0586	   2511.72	    0.0	    00000000     00000000	   1	[      6]
53    	0     	      4	    NegLargeDark	    107.5430	   2484.38	    0.0	    00000000     00000000	   1	[      1]
54    	0     	      9	   NeutSmallDark	    109.7969	   2253.91	    0.0	    00000000     00000000	   1	[      6]
55    	0     	      5	    NegSmallDark	    112.2812	   2484.38	    0.0	    00000000     00000000	   1	[      2]
56    	0     	      4	    NegLargeDark	    114.4062	   2125.00	    0.0	    00000000     00000000	   1	[      1]
57    	0     	     10	 NeutLargeBright	    116.5508	   2144.53	    0.0	    00000000     00000000	   1	[      7]
58    	0     	      6	  NegLargeBright	    118.9023	   2351.56	    0.0	    00000000     00000000	   1	[      3]
59    	0     	      6	  NegLargeBright	    121.1172	   2214.84	    0.0	    00000000     00000000	   1	[      3]
60    	0     	      6	  NegLargeBright	    123.3516	   2234.38	    0.0	    00000000     00000000	   1	[      3]
61    	0     	      7	  NegSmallBright	    125.5547	   2203.12	    0.0	    00000000     00000000	   1	[      4]
62    	0     	      6	  NegLargeBright	    127.7891	   2234.38	    0.0	    00000000     00000000	   1	[      3]
63    	0     	     11	 NeutSmallBright	    130.0938	   2304.69	    0.0	    00000000     00000000	   1	[      8]
64    	0     	      5	    NegSmallDark	    132.2266	   2132.81	    0.0	    00000000     00000000	   1	[      2]
65    	0     	      8	   NeutLargeDark	    134.7031	   2476.56	    0.0	    00000000     00000000	   1	[      5]
66    	0     	      4	    NegLargeDark	    136.7734	   2070.31	    0.0	    00000000     00000000	   1	[      1]
67    	0     	     11	 NeutSmallBright	    139.0391	   2265.62	    0.0	    00000000     00000000	   1	[      8]
68    	0     	      9	   NeutSmallDark	    141.2031	   2164.06	    0.0	    00000000     00000000	   1	[      6]
69    	0     	     13	     condition13	    143.6172	   2414.06	    0.0	    00000000     00000000	   1	[       ]
70    	0     	      2	      condition2	    144.5430	    925.78	    0.0	    00000000     00000000	   1	[       ]
71    	0     	      6	  NegLargeBright	    145.6602	   1117.19	    0.0	    00000000     00000000	   1	[      3]
72    	0     	      4	    NegLargeDark	    148.1055	   2445.31	    0.0	    00000000     00000000	   1	[      1]
73    	0     	     11	 NeutSmallBright	    150.2695	   2164.06	    0.0	    00000000     00000000	   1	[      8]
74    	0     	      9	   NeutSmallDark	    152.3516	   2082.03	    0.0	    00000000     00000000	   1	[      6]
75    	0     	      4	    NegLargeDark	    154.4180	   2066.41	    0.0	    00000000     00000000	   1	[      1]
76    	0     	      4	    NegLargeDark	    156.5508	   2132.81	    0.0	    00000000     00000000	   1	[      1]
77    	0     	     10	 NeutLargeBright	    160.4297	   3878.91	    0.0	    00000000     00000000	   1	[      7]
78    	0     	      7	  NegSmallBright	    162.8438	   2414.06	    0.0	    00000000     00000000	   1	[      4]
79    	0     	      4	    NegLargeDark	    164.9688	   2125.00	    0.0	    00000000     00000000	   1	[      1]
80    	0     	      9	   NeutSmallDark	    167.0117	   2042.97	    0.0	    00000000     00000000	   1	[      6]
81    	0     	     11	 NeutSmallBright	    169.3750	   2363.28	    0.0	    00000000     00000000	   1	[      8]
82    	0     	      6	  NegLargeBright	    171.5195	   2144.53	    0.0	    00000000     00000000	   1	[      3]
83    	0     	      6	  NegLargeBright	    173.8633	   2343.75	    0.0	    00000000     00000000	   1	[      3]
84    	0     	      6	  NegLargeBright	    176.2969	   2433.59	    0.0	    00000000     00000000	   1	[      3]
85    	0     	      6	  NegLargeBright	    178.6914	   2394.53	    0.0	    00000000     00000000	   1	[      3]
86    	0     	      5	    NegSmallDark	    180.7773	   2085.94	    0.0	    00000000     00000000	   1	[      2]
87    	0     	     10	 NeutLargeBright	    183.2812	   2503.91	    0.0	    00000000     00000000	   1	[      7]
88    	0     	     11	 NeutSmallBright	    185.7344	   2453.12	    0.0	    00000000     00000000	   1	[      8]
89    	0     	      5	    NegSmallDark	    187.9609	   2226.56	    0.0	    00000000     00000000	   1	[      2]
90    	0     	     10	 NeutLargeBright	    190.4336	   2472.66	    0.0	    00000000     00000000	   1	[      7]
91    	0     	      6	  NegLargeBright	    192.6484	   2214.84	    0.0	    00000000     00000000	   1	[      3]
92    	0     	     10	 NeutLargeBright	    194.8711	   2222.66	    0.0	    00000000     00000000	   1	[      7]
93    	0     	      7	  NegSmallBright	    197.1641	   2292.97	    0.0	    00000000     00000000	   1	[      4]
94    	0     	      8	   NeutLargeDark	    199.3984	   2234.38	    0.0	    00000000     00000000	   1	[      5]
95    	0     	      7	  NegSmallBright	    201.6641	   2265.62	    0.0	    00000000     00000000	   1	[      4]
96    	0     	      7	  NegSmallBright	    204.0859	   2421.88	    0.0	    00000000     00000000	   1	[      4]
97    	0     	      9	   NeutSmallDark	    206.4102	   2324.22	    0.0	    00000000     00000000	   1	[      6]
98    	0     	      9	   NeutSmallDark	    208.6367	   2226.56	    0.0	    00000000     00000000	   1	[      6]
99    	0     	      9	   NeutSmallDark	    211.0000	   2363.28	    0.0	    00000000     00000000	   1	[      6]
100   	0     	      7	  NegSmallBright	    213.0820	   2082.03	    0.0	    00000000     00000000	   1	[      4]
101   	0     	     13	     condition13	    215.1367	   2054.69	    0.0	    00000000     00000000	   1	[       ]
102   	0     	      2	      condition2	    215.6914	    554.69	    0.0	    00000000     00000000	   1	[       ]
103   	0     	      7	  NegSmallBright	    217.1719	   1480.47	    0.0	    00000000     00000000	   1	[      4]
104   	0     	     11	 NeutSmallBright	    219.3945	   2222.66	    0.0	    00000000     00000000	   1	[      8]
105   	0     	      5	    NegSmallDark	    221.6602	   2265.62	    0.0	    00000000     00000000	   1	[      2]
106   	0     	      5	    NegSmallDark	    224.1836	   2523.44	    0.0	    00000000     00000000	   1	[      2]
107   	0     	      9	   NeutSmallDark	    226.6055	   2421.88	    0.0	    00000000     00000000	   1	[      6]
108   	0     	     10	 NeutLargeBright	    229.1328	   2527.34	    0.0	    00000000     00000000	   1	[      7]
109   	0     	     12	     condition12	    231.2461	   2113.28	    0.0	    00000000     00000000	   1	[       ]
110   	0     	      2	      condition2	    231.8828	    636.72	    0.0	    00000000     00000000	   1	[       ]
111   	0     	      8	   NeutLargeDark	    233.7188	   1835.94	    0.0	    00000000     00000000	   1	[      5]
112   	0     	     11	 NeutSmallBright	    235.7930	   2074.22	    0.0	    00000000     00000000	   1	[      8]
113   	0     	     10	 NeutLargeBright	    237.8672	   2074.22	    0.0	    00000000     00000000	   1	[      7]
114   	0     	      6	  NegLargeBright	    240.3125	   2445.31	    0.0	    00000000     00000000	   1	[      3]
115   	0     	      6	  NegLargeBright	    242.7344	   2421.88	    0.0	    00000000     00000000	   1	[      3]
116   	0     	     11	 NeutSmallBright	    245.1992	   2464.84	    0.0	    00000000     00000000	   1	[      8]
117   	0     	     15	     condition15	    247.6250	   2425.78	    0.0	    00000000     00000000	   1	[       ]
118   	0     	      2	      condition2	    248.4062	    781.25	    0.0	    00000000     00000000	   1	[       ]
119   	0     	      8	   NeutLargeDark	    250.0469	   1640.62	    0.0	    00000000     00000000	   1	[      5]
120   	0     	     14	     condition14	    252.1914	   2144.53	    0.0	    00000000     00000000	   1	[       ]
121   	0     	      2	      condition2	    252.7031	    511.72	    0.0	    00000000     00000000	   1	[       ]
122   	0     	     11	 NeutSmallBright	    254.4648	   1761.72	    0.0	    00000000     00000000	   1	[      8]
123   	0     	      6	  NegLargeBright	    257.0000	   2535.16	    0.0	    00000000     00000000	   1	[      3]
124   	0     	      8	   NeutLargeDark	    259.3945	   2394.53	    0.0	    00000000     00000000	   1	[      5]
125   	0     	      4	    NegLargeDark	    261.4570	   2062.50	    0.0	    00000000     00000000	   1	[      1]
126   	0     	      4	    NegLargeDark	    263.7812	   2324.22	    0.0	    00000000     00000000	   1	[      1]
127   	0     	     13	     condition13	    266.0664	   2285.16	    0.0	    00000000     00000000	   1	[       ]
128   	0     	      2	      condition2	    266.6367	    570.31	    0.0	    00000000     00000000	   1	[       ]
129   	0     	      9	   NeutSmallDark	    268.1719	   1535.16	    0.0	    00000000     00000000	   1	[      6]
130   	0     	      8	   NeutLargeDark	    270.2344	   2062.50	    0.0	    00000000     00000000	   1	[      5]
131   	0     	      8	   NeutLargeDark	    272.5586	   2324.22	    0.0	    00000000     00000000	   1	[      5]
132   	0     	     11	 NeutSmallBright	    274.7500	   2191.41	    0.0	    00000000     00000000	   1	[      8]
133   	0     	      8	   NeutLargeDark	    277.1758	   2425.78	    0.0	    00000000     00000000	   1	[      5]
134   	0     	     12	     condition12	    279.3984	   2222.66	    0.0	    00000000     00000000	   1	[       ]
135   	0     	      2	      condition2	    280.6641	   1265.62	    0.0	    00000000     00000000	   1	[       ]
136   	0     	      7	  NegSmallBright	    281.4219	    757.81	    0.0	    00000000     00000000	   1	[      4]
137   	0     	     13	     condition13	    283.7695	   2347.66	    0.0	    00000000     00000000	   1	[       ]
138   	0     	      2	      condition2	    284.3203	    550.78	    0.0	    00000000     00000000	   1	[       ]
139   	0     	     11	 NeutSmallBright	    285.9609	   1640.62	    0.0	    00000000     00000000	   1	[      8]
140   	0     	     11	 NeutSmallBright	    288.2070	   2246.09	    0.0	    00000000     00000000	   1	[      8]
141   	0     	      7	  NegSmallBright	    290.3594	   2152.34	    0.0	    00000000     00000000	   1	[      4]
142   	0     	      8	   NeutLargeDark	    292.6719	   2312.50	    0.0	    00000000     00000000	   1	[      5]
143   	0     	      9	   NeutSmallDark	    294.7891	   2117.19	    0.0	    00000000     00000000	   1	[      6]
144   	0     	      5	    NegSmallDark	    296.8906	   2101.56	    0.0	    00000000     00000000	   1	[      2]
145   	0     	      9	   NeutSmallDark	    298.9531	   2062.50	    0.0	    00000000     00000000	   1	[      6]
146   	0     	     10	 NeutLargeBright	    301.3594	   2406.25	    0.0	    00000000     00000000	   1	[      7]
147   	0     	      9	   NeutSmallDark	    303.8438	   2484.38	    0.0	    00000000     00000000	   1	[      6]
148   	0     	      5	    NegSmallDark	    306.1289	   2285.16	    0.0	    00000000     00000000	   1	[      2]
149   	0     	     12	     condition12	    308.1719	   2042.97	    0.0	    00000000     00000000	   1	[       ]
150   	0     	      2	      condition2	    308.7461	    574.22	    0.0	    00000000     00000000	   1	[       ]
151   	0     	      4	    NegLargeDark	    310.4648	   1718.75	    0.0	    00000000     00000000	   1	[      1]
152   	0     	      6	  NegLargeBright	    312.7305	   2265.62	    0.0	    00000000     00000000	   1	[      3]
153   	0     	      4	    NegLargeDark	    315.1328	   2402.34	    0.0	    00000000     00000000	   1	[      1]
154   	0     	     15	     condition15	    317.6484	   2515.62	    0.0	    00000000     00000000	   1	[       ]
155   	0     	      2	      condition2	    318.2422	    593.75	    0.0	    00000000     00000000	   1	[       ]
156   	0     	    253	              ""	    320.4375	   2195.31	    0.0	    00000000     00000000	   1	[       ]
157   	0     	     12	     condition12	    321.4375	   1000.00	    0.0	    00000000     00000000	   1	[       ]
158   	0     	      2	      condition2	    321.9297	    492.19	    0.0	    00000000     00000000	   1	[       ]
159   	0     	      5	    NegSmallDark	    323.6797	   1750.00	    0.0	    00000000     00000000	   1	[      2]
160   	0     	      6	  NegLargeBright	    326.0547	   2375.00	    0.0	    00000000     00000000	   1	[      3]
161   	0     	     11	 NeutSmallBright	    328.3672	   2312.50	    0.0	    00000000     00000000	   1	[      8]
162   	0     	     12	     condition12	    330.4609	   2093.75	    0.0	    00000000     00000000	   1	[       ]
163   	0     	      2	      condition2	    330.9922	    531.25	    0.0	    00000000     00000000	   1	[       ]
164   	0     	     14	     condition14	    332.9883	   1996.09	    0.0	    00000000     00000000	   1	[       ]
165   	0     	      2	      condition2	    333.5352	    546.88	    0.0	    00000000     00000000	   1	[       ]
166   	0     	     11	 NeutSmallBright	    335.4727	   1937.50	    0.0	    00000000     00000000	   1	[      8]
167   	0     	      5	    NegSmallDark	    337.7266	   2253.91	    0.0	    00000000     00000000	   1	[      2]
168   	0     	      4	    NegLargeDark	    340.0078	   2281.25	    0.0	    00000000     00000000	   1	[      1]
169   	0     	      4	    NegLargeDark	    342.2539	   2246.09	    0.0	    00000000     00000000	   1	[      1]
170   	0     	     13	     condition13	    344.6367	   2382.81	    0.0	    00000000     00000000	   1	[       ]
171   	0     	      2	      condition2	    345.1172	    480.47	    0.0	    00000000     00000000	   1	[       ]
172   	0     	      5	    NegSmallDark	    347.0898	   1972.66	    0.0	    00000000     00000000	   1	[      2]
173   	0     	      7	  NegSmallBright	    349.5664	   2476.56	    0.0	    00000000     00000000	   1	[      4]
174   	0     	     10	 NeutLargeBright	    351.6680	   2101.56	    0.0	    00000000     00000000	   1	[      7]
175   	0     	      7	  NegSmallBright	    353.7031	   2035.16	    0.0	    00000000     00000000	   1	[      4]
176   	0     	      7	  NegSmallBright	    355.9453	   2242.19	    0.0	    00000000     00000000	   1	[      4]
177   	0     	      6	  NegLargeBright	    358.1406	   2195.31	    0.0	    00000000     00000000	   1	[      3]
178   	0     	      8	   NeutLargeDark	    360.6641	   2523.44	    0.0	    00000000     00000000	   1	[      5]
179   	0     	     10	 NeutLargeBright	    363.1992	   2535.16	    0.0	    00000000     00000000	   1	[      7]
180   	0     	      4	    NegLargeDark	    365.4648	   2265.62	    0.0	    00000000     00000000	   1	[      1]
181   	0     	      9	   NeutSmallDark	    367.5977	   2132.81	    0.0	    00000000     00000000	   1	[      6]
182   	0     	      7	  NegSmallBright	    369.6719	   2074.22	    0.0	    00000000     00000000	   1	[      4]
183   	0     	      9	   NeutSmallDark	    372.1641	   2492.19	    0.0	    00000000     00000000	   1	[      6]
184   	0     	     11	 NeutSmallBright	    374.3203	   2156.25	    0.0	    00000000     00000000	   1	[      8]
185   	0     	      7	  NegSmallBright	    376.6250	   2304.69	    0.0	    00000000     00000000	   1	[      4]
186   	0     	      5	    NegSmallDark	    379.1367	   2511.72	    0.0	    00000000     00000000	   1	[      2]
187   	0     	      6	  NegLargeBright	    381.4023	   2265.62	    0.0	    00000000     00000000	   1	[      3]
188   	0     	      8	   NeutLargeDark	    383.7773	   2375.00	    0.0	    00000000     00000000	   1	[      5]
189   	0     	      4	    NegLargeDark	    385.8789	   2101.56	    0.0	    00000000     00000000	   1	[      1]
190   	0     	     11	 NeutSmallBright	    387.9141	   2035.16	    0.0	    00000000     00000000	   1	[      8]
191   	0     	      6	  NegLargeBright	    390.0078	   2093.75	    0.0	    00000000     00000000	   1	[      3]
192   	0     	      9	   NeutSmallDark	    392.1289	   2121.09	    0.0	    00000000     00000000	   1	[      6]
193   	0     	     12	     condition12	    394.2930	   2164.06	    0.0	    00000000     00000000	   1	[       ]
194   	0     	      2	      condition2	    394.7578	    464.84	    0.0	    00000000     00000000	   1	[       ]
195   	0     	      8	   NeutLargeDark	    396.3984	   1640.62	    0.0	    00000000     00000000	   1	[      5]
196   	0     	      9	   NeutSmallDark	    398.7031	   2304.69	    0.0	    00000000     00000000	   1	[      6]
197   	0     	      9	   NeutSmallDark	    400.8555	   2152.34	    0.0	    00000000     00000000	   1	[      6]
198   	0     	     10	 NeutLargeBright	    402.9805	   2125.00	    0.0	    00000000     00000000	   1	[      7]
199   	0     	     10	 NeutLargeBright	    405.1641	   2183.59	    0.0	    00000000     00000000	   1	[      7]
200   	0     	      8	   NeutLargeDark	    407.5859	   2421.88	    0.0	    00000000     00000000	   1	[      5]
201   	0     	     11	 NeutSmallBright	    409.9609	   2375.00	    0.0	    00000000     00000000	   1	[      8]
202   	0     	     13	     condition13	    412.1953	   2234.38	    0.0	    00000000     00000000	   1	[       ]
203   	0     	      2	      condition2	    412.7305	    535.16	    0.0	    00000000     00000000	   1	[       ]
204   	0     	      6	  NegLargeBright	    414.6016	   1871.09	    0.0	    00000000     00000000	   1	[      3]
205   	0     	      6	  NegLargeBright	    417.1055	   2503.91	    0.0	    00000000     00000000	   1	[      3]
206   	0     	     11	 NeutSmallBright	    419.6172	   2511.72	    0.0	    00000000     00000000	   1	[      8]
207   	0     	     14	     condition14	    421.7344	   2117.19	    0.0	    00000000     00000000	   1	[       ]
208   	0     	      2	      condition2	    422.6016	    867.19	    0.0	    00000000     00000000	   1	[       ]
209   	0     	     10	 NeutLargeBright	    424.0586	   1457.03	    0.0	    00000000     00000000	   1	[      7]
210   	0     	     11	 NeutSmallBright	    426.4414	   2382.81	    0.0	    00000000     00000000	   1	[      8]
211   	0     	     12	     condition12	    428.8047	   2363.28	    0.0	    00000000     00000000	   1	[       ]
212   	0     	      2	      condition2	    429.4375	    632.81	    0.0	    00000000     00000000	   1	[       ]
213   	0     	      8	   NeutLargeDark	    431.1406	   1703.12	    0.0	    00000000     00000000	   1	[      5]
214   	0     	      9	   NeutSmallDark	    433.3828	   2242.19	    0.0	    00000000     00000000	   1	[      6]
215   	0     	      9	   NeutSmallDark	    435.6758	   2292.97	    0.0	    00000000     00000000	   1	[      6]
216   	0     	      8	   NeutLargeDark	    437.8398	   2164.06	    0.0	    00000000     00000000	   1	[      5]
217   	0     	     11	 NeutSmallBright	    440.1367	   2296.88	    0.0	    00000000     00000000	   1	[      8]
218   	0     	     13	     condition13	    442.3398	   2203.12	    0.0	    00000000     00000000	   1	[       ]
219   	0     	      2	      condition2	    442.9727	    632.81	    0.0	    00000000     00000000	   1	[       ]
220   	0     	     14	     condition14	    444.5117	   1539.06	    0.0	    00000000     00000000	   1	[       ]
221   	0     	      2	      condition2	    445.0859	    574.22	    0.0	    00000000     00000000	   1	[       ]
222   	0     	      8	   NeutLargeDark	    446.8164	   1730.47	    0.0	    00000000     00000000	   1	[      5]
223   	0     	      9	   NeutSmallDark	    449.0195	   2203.12	    0.0	    00000000     00000000	   1	[      6]
224   	0     	     14	     condition14	    451.0742	   2054.69	    0.0	    00000000     00000000	   1	[       ]
225   	0     	      2	      condition2	    451.5859	    511.72	    0.0	    00000000     00000000	   1	[       ]
226   	0     	      4	    NegLargeDark	    453.5977	   2011.72	    0.0	    00000000     00000000	   1	[      1]
227   	0     	      4	    NegLargeDark	    455.8711	   2273.44	    0.0	    00000000     00000000	   1	[      1]
228   	0     	     11	 NeutSmallBright	    458.3555	   2484.38	    0.0	    00000000     00000000	   1	[      8]
229   	0     	      6	  NegLargeBright	    460.8008	   2445.31	    0.0	    00000000     00000000	   1	[      3]
230   	0     	     11	 NeutSmallBright	    463.0938	   2292.97	    0.0	    00000000     00000000	   1	[      8]
231   	0     	      6	  NegLargeBright	    465.1797	   2085.94	    0.0	    00000000     00000000	   1	[      3]
232   	0     	      7	  NegSmallBright	    467.5625	   2382.81	    0.0	    00000000     00000000	   1	[      4]
233   	0     	      7	  NegSmallBright	    469.7656	   2203.12	    0.0	    00000000     00000000	   1	[      4]
234   	0     	      5	    NegSmallDark	    471.9219	   2156.25	    0.0	    00000000     00000000	   1	[      2]
235   	0     	      7	  NegSmallBright	    474.1758	   2253.91	    0.0	    00000000     00000000	   1	[      4]
236   	0     	     11	 NeutSmallBright	    476.3594	   2183.59	    0.0	    00000000     00000000	   1	[      8]
237   	0     	     10	 NeutLargeBright	    478.6211	   2261.72	    0.0	    00000000     00000000	   1	[      7]
238   	0     	    253	              ""	    480.0781	   1457.03	    0.0	    00000000     00000000	   1	[       ]
239   	0     	      9	   NeutSmallDark	    481.0742	    996.09	    0.0	    00000000     00000000	   1	[      6]
240   	0     	     14	     condition14	    483.3750	   2300.78	    0.0	    00000000     00000000	   1	[       ]
241   	0     	      2	      condition2	    484.0352	    660.16	    0.0	    00000000     00000000	   1	[       ]
242   	0     	      8	   NeutLargeDark	    485.5820	   1546.88	    0.0	    00000000     00000000	   1	[      5]
243   	0     	      4	    NegLargeDark	    487.8359	   2253.91	    0.0	    00000000     00000000	   1	[      1]
244   	0     	      8	   NeutLargeDark	    490.1992	   2363.28	    0.0	    00000000     00000000	   1	[      5]
245   	0     	      4	    NegLargeDark	    492.4336	   2234.38	    0.0	    00000000     00000000	   1	[      1]
246   	0     	     12	     condition12	    494.4648	   2031.25	    0.0	    00000000     00000000	   1	[       ]
247   	0     	      2	      condition2	    495.0742	    609.38	    0.0	    00000000     00000000	   1	[       ]
248   	0     	     11	 NeutSmallBright	    496.6992	   1625.00	    0.0	    00000000     00000000	   1	[      8]
249   	0     	      9	   NeutSmallDark	    499.1562	   2457.03	    0.0	    00000000     00000000	   1	[      6]
250   	0     	     11	 NeutSmallBright	    501.5195	   2363.28	    0.0	    00000000     00000000	   1	[      8]
251   	0     	      9	   NeutSmallDark	    503.9727	   2453.12	    0.0	    00000000     00000000	   1	[      6]
252   	0     	      5	    NegSmallDark	    506.4062	   2433.59	    0.0	    00000000     00000000	   1	[      2]
253   	0     	     10	 NeutLargeBright	    508.8711	   2464.84	    0.0	    00000000     00000000	   1	[      7]
254   	0     	      8	   NeutLargeDark	    511.0664	   2195.31	    0.0	    00000000     00000000	   1	[      5]
255   	0     	     10	 NeutLargeBright	    513.1172	   2050.78	    0.0	    00000000     00000000	   1	[      7]
256   	0     	      6	  NegLargeBright	    515.3242	   2207.03	    0.0	    00000000     00000000	   1	[      3]
257   	0     	      5	    NegSmallDark	    517.6289	   2304.69	    0.0	    00000000     00000000	   1	[      2]
258   	0     	      4	    NegLargeDark	    520.0117	   2382.81	    0.0	    00000000     00000000	   1	[      1]
259   	0     	      7	  NegSmallBright	    522.2852	   2273.44	    0.0	    00000000     00000000	   1	[      4]
260   	0     	     10	 NeutLargeBright	    524.5273	   2242.19	    0.0	    00000000     00000000	   1	[      7]
261   	0     	     10	 NeutLargeBright	    526.8945	   2367.19	    0.0	    00000000     00000000	   1	[      7]
262   	0     	      8	   NeutLargeDark	    529.4180	   2523.44	    0.0	    00000000     00000000	   1	[      5]
263   	0     	     11	 NeutSmallBright	    531.7617	   2343.75	    0.0	    00000000     00000000	   1	[      8]
264   	0     	     10	 NeutLargeBright	    533.8945	   2132.81	    0.0	    00000000     00000000	   1	[      7]
265   	0     	     13	     condition13	    536.4219	   2527.34	    0.0	    00000000     00000000	   1	[       ]
266   	0     	      2	      condition2	    537.0195	    597.66	    0.0	    00000000     00000000	   1	[       ]
267   	0     	      9	   NeutSmallDark	    538.5039	   1484.38	    0.0	    00000000     00000000	   1	[      6]
268   	0     	      9	   NeutSmallDark	    540.5273	   2023.44	    0.0	    00000000     00000000	   1	[      6]
269   	0     	     15	     condition15	    543.0430	   2515.62	    0.0	    00000000     00000000	   1	[       ]
270   	0     	      2	      condition2	    543.6680	    625.00	    0.0	    00000000     00000000	   1	[       ]
271   	0     	      6	  NegLargeBright	    545.2070	   1539.06	    0.0	    00000000     00000000	   1	[      3]
272   	0     	      4	    NegLargeDark	    547.3203	   2113.28	    0.0	    00000000     00000000	   1	[      1]
273   	0     	      4	    NegLargeDark	    549.6445	   2324.22	    0.0	    00000000     00000000	   1	[      1]
274   	0     	     10	 NeutLargeBright	    551.9492	   2304.69	    0.0	    00000000     00000000	   1	[      7]
275   	0     	     10	 NeutLargeBright	    554.2695	   2320.31	    0.0	    00000000     00000000	   1	[      7]
276   	0     	      9	   NeutSmallDark	    556.4648	   2195.31	    0.0	    00000000     00000000	   1	[      6]
277   	0     	     10	 NeutLargeBright	    558.6484	   2183.59	    0.0	    00000000     00000000	   1	[      7]
278   	0     	      5	    NegSmallDark	    561.0938	   2445.31	    0.0	    00000000     00000000	   1	[      2]
279   	0     	     15	     condition15	    563.3789	   2285.16	    0.0	    00000000     00000000	   1	[       ]
280   	0     	      2	      condition2	    564.0547	    675.78	    0.0	    00000000     00000000	   1	[       ]
281   	0     	      5	    NegSmallDark	    565.8633	   1808.59	    0.0	    00000000     00000000	   1	[      2]
282   	0     	      7	  NegSmallBright	    568.1367	   2273.44	    0.0	    00000000     00000000	   1	[      4]
283   	0     	      8	   NeutLargeDark	    570.6406	   2503.91	    0.0	    00000000     00000000	   1	[      5]
284   	0     	      4	    NegLargeDark	    572.9531	   2312.50	    0.0	    00000000     00000000	   1	[      1]
285   	0     	      6	  NegLargeBright	    575.3281	   2375.00	    0.0	    00000000     00000000	   1	[      3]
286   	0     	      6	  NegLargeBright	    577.5117	   2183.59	    0.0	    00000000     00000000	   1	[      3]
287   	0     	     11	 NeutSmallBright	    579.7461	   2234.38	    0.0	    00000000     00000000	   1	[      8]
288   	0     	      7	  NegSmallBright	    582.0391	   2292.97	    0.0	    00000000     00000000	   1	[      4]
289   	0     	     14	     condition14	    584.1133	   2074.22	    0.0	    00000000     00000000	   1	[       ]
290   	0     	      2	      condition2	    584.6445	    531.25	    0.0	    00000000     00000000	   1	[       ]
291   	0     	      6	  NegLargeBright	    586.3984	   1753.91	    0.0	    00000000     00000000	   1	[      3]
292   	0     	     10	 NeutLargeBright	    588.5703	   2171.88	    0.0	    00000000     00000000	   1	[      7]
293   	0     	      7	  NegSmallBright	    590.6250	   2054.69	    0.0	    00000000     00000000	   1	[      4]
294   	0     	      5	    NegSmallDark	    592.8984	   2273.44	    0.0	    00000000     00000000	   1	[      2]
295   	0     	      4	    NegLargeDark	    595.0117	   2113.28	    0.0	    00000000     00000000	   1	[      1]
296   	0     	      4	    NegLargeDark	    597.2578	   2246.09	    0.0	    00000000     00000000	   1	[      1]
297   	0     	      6	  NegLargeBright	    599.4922	   2234.38	    0.0	    00000000     00000000	   1	[      3]
298   	0     	     10	 NeutLargeBright	    601.7344	   2242.19	    0.0	    00000000     00000000	   1	[      7]
299   	0     	      4	    NegLargeDark	    603.9492	   2214.84	    0.0	    00000000     00000000	   1	[      1]
300   	0     	     11	 NeutSmallBright	    606.0742	   2125.00	    0.0	    00000000     00000000	   1	[      8]
301   	0     	      2	      condition2	    607.0938	   1019.53	    0.0	    00000000     00000000	   1	[       ]
302   	0     	      5	    NegSmallDark	    608.5469	   1453.12	    0.0	    00000000     00000000	   1	[      2]
303   	0     	     13	     condition13	    610.8008	   2253.91	    0.0	    00000000     00000000	   1	[       ]
304   	0     	      2	      condition2	    611.3906	    589.84	    0.0	    00000000     00000000	   1	[       ]
305   	0     	      8	   NeutLargeDark	    612.9141	   1523.44	    0.0	    00000000     00000000	   1	[      5]
306   	0     	      4	    NegLargeDark	    615.1289	   2214.84	    0.0	    00000000     00000000	   1	[      1]
307   	0     	     13	     condition13	    617.3008	   2171.88	    0.0	    00000000     00000000	   1	[       ]
308   	0     	      2	      condition2	    617.9648	    664.06	    0.0	    00000000     00000000	   1	[       ]
309   	0     	      7	  NegSmallBright	    619.4453	   1480.47	    0.0	    00000000     00000000	   1	[      4]
310   	0     	      9	   NeutSmallDark	    621.5195	   2074.22	    0.0	    00000000     00000000	   1	[      6]
311   	0     	     10	 NeutLargeBright	    623.9531	   2433.59	    0.0	    00000000     00000000	   1	[      7]
312   	0     	      6	  NegLargeBright	    626.3281	   2375.00	    0.0	    00000000     00000000	   1	[      3]
313   	0     	     10	 NeutLargeBright	    628.7109	   2382.81	    0.0	    00000000     00000000	   1	[      7]
314   	0     	      7	  NegSmallBright	    631.0664	   2355.47	    0.0	    00000000     00000000	   1	[      4]
315   	0     	      8	   NeutLargeDark	    633.2109	   2144.53	    0.0	    00000000     00000000	   1	[      5]
316   	0     	      5	    NegSmallDark	    635.6953	   2484.38	    0.0	    00000000     00000000	   1	[      2]
317   	0     	     14	     condition14	    638.1680	   2472.66	    0.0	    00000000     00000000	   1	[       ]
318   	0     	     11	 NeutSmallBright	    641.2695	   3101.56	    0.0	    00000000     00000000	   1	[      8]
319   	0     	      7	  NegSmallBright	    643.7109	   2441.41	    0.0	    00000000     00000000	   1	[      4]
320   	0     	      4	    NegLargeDark	    646.0469	   2335.94	    0.0	    00000000     00000000	   1	[      1]
321   	0     	      4	    NegLargeDark	    648.2891	   2242.19	    0.0	    00000000     00000000	   1	[      1]
322   	0     	     12	     condition12	    650.4961	   2207.03	    0.0	    00000000     00000000	   1	[       ]
323   	0     	      2	      condition2	    651.0156	    519.53	    0.0	    00000000     00000000	   1	[       ]
324   	0     	      8	   NeutLargeDark	    652.9375	   1921.88	    0.0	    00000000     00000000	   1	[      5]
325   	0     	     14	     condition14	    655.3047	   2367.19	    0.0	    00000000     00000000	   1	[       ]
326   	0     	      2	      condition2	    655.8555	    550.78	    0.0	    00000000     00000000	   1	[       ]
327   	0     	      8	   NeutLargeDark	    657.6367	   1781.25	    0.0	    00000000     00000000	   1	[      5]
328   	0     	     11	 NeutSmallBright	    659.9922	   2355.47	    0.0	    00000000     00000000	   1	[      8]
329   	0     	      9	   NeutSmallDark	    662.5039	   2511.72	    0.0	    00000000     00000000	   1	[      6]
330   	0     	      5	    NegSmallDark	    664.6094	   2105.47	    0.0	    00000000     00000000	   1	[      2]
331   	0     	      9	   NeutSmallDark	    666.6914	   2082.03	    0.0	    00000000     00000000	   1	[      6]
332   	0     	      5	    NegSmallDark	    669.1875	   2496.09	    0.0	    00000000     00000000	   1	[      2]
333   	0     	      6	  NegLargeBright	    671.6914	   2503.91	    0.0	    00000000     00000000	   1	[      3]
334   	0     	     10	 NeutLargeBright	    673.8047	   2113.28	    0.0	    00000000     00000000	   1	[      7]
335   	0     	      4	    NegLargeDark	    676.3203	   2515.62	    0.0	    00000000     00000000	   1	[      1]
336   	0     	      9	   NeutSmallDark	    678.5039	   2183.59	    0.0	    00000000     00000000	   1	[      6]
337   	0     	      4	    NegLargeDark	    681.0273	   2523.44	    0.0	    00000000     00000000	   1	[      1]
338   	0     	      6	  NegLargeBright	    683.2305	   2203.12	    0.0	    00000000     00000000	   1	[      3]
339   	0     	      7	  NegSmallBright	    685.5781	   2347.66	    0.0	    00000000     00000000	   1	[      4]
340   	0     	      5	    NegSmallDark	    688.0625	   2484.38	    0.0	    00000000     00000000	   1	[      2]
341   	0     	      4	    NegLargeDark	    690.2227	   2160.16	    0.0	    00000000     00000000	   1	[      1]
342   	0     	      7	  NegSmallBright	    692.6172	   2394.53	    0.0	    00000000     00000000	   1	[      4]
343   	0     	     11	 NeutSmallBright	    694.7422	   2125.00	    0.0	    00000000     00000000	   1	[      8]
344   	0     	      6	  NegLargeBright	    697.0156	   2273.44	    0.0	    00000000     00000000	   1	[      3]
345   	0     	      6	  NegLargeBright	    699.2500	   2234.38	    0.0	    00000000     00000000	   1	[      3]
346   	0     	     10	 NeutLargeBright	    701.4336	   2183.59	    0.0	    00000000     00000000	   1	[      7]
347   	0     	      6	  NegLargeBright	    703.6797	   2246.09	    0.0	    00000000     00000000	   1	[      3]
348   	0     	      5	    NegSmallDark	    705.7617	   2082.03	    0.0	    00000000     00000000	   1	[      2]
349   	0     	      7	  NegSmallBright	    708.2266	   2464.84	    0.0	    00000000     00000000	   1	[      4]
350   	0     	     13	     condition13	    710.7109	   2484.38	    0.0	    00000000     00000000	   1	[       ]
351   	0     	      2	      condition2	    711.3789	    667.97	    0.0	    00000000     00000000	   1	[       ]
352   	0     	      8	   NeutLargeDark	    712.8555	   1476.56	    0.0	    00000000     00000000	   1	[      5]
353   	0     	      5	    NegSmallDark	    714.9766	   2121.09	    0.0	    00000000     00000000	   1	[      2]
354   	0     	      4	    NegLargeDark	    717.5039	   2527.34	    0.0	    00000000     00000000	   1	[      1]
355   	0     	     10	 NeutLargeBright	    719.7266	   2222.66	    0.0	    00000000     00000000	   1	[      7]
356   	0     	      6	  NegLargeBright	    722.2109	   2484.38	    0.0	    00000000     00000000	   1	[      3]
357   	0     	     10	 NeutLargeBright	    724.5352	   2324.22	    0.0	    00000000     00000000	   1	[      7]
358   	0     	      8	   NeutLargeDark	    726.6602	   2125.00	    0.0	    00000000     00000000	   1	[      5]
359   	0     	      5	    NegSmallDark	    729.0430	   2382.81	    0.0	    00000000     00000000	   1	[      2]
360   	0     	     10	 NeutLargeBright	    731.1875	   2144.53	    0.0	    00000000     00000000	   1	[      7]
361   	0     	      6	  NegLargeBright	    733.4414	   2253.91	    0.0	    00000000     00000000	   1	[      3]
362   	0     	      8	   NeutLargeDark	    735.8555	   2414.06	    0.0	    00000000     00000000	   1	[      5]
363   	0     	      7	  NegSmallBright	    738.1797	   2324.22	    0.0	    00000000     00000000	   1	[      4]
364   	0     	      5	    NegSmallDark	    740.5430	   2363.28	    0.0	    00000000     00000000	   1	[      2]
365   	0     	     11	 NeutSmallBright	    742.7383	   2195.31	    0.0	    00000000     00000000	   1	[      8]
366   	0     	      8	   NeutLargeDark	    744.7695	   2031.25	    0.0	    00000000     00000000	   1	[      5]
367   	0     	      4	    NegLargeDark	    747.0352	   2265.62	    0.0	    00000000     00000000	   1	[      1]
368   	0     	      4	    NegLargeDark	    749.1484	   2113.28	    0.0	    00000000     00000000	   1	[      1]
369   	0     	      8	   NeutLargeDark	    751.2305	   2082.03	    0.0	    00000000     00000000	   1	[      5]
370   	0     	      7	  NegSmallBright	    753.3047	   2074.22	    0.0	    00000000     00000000	   1	[      4]
371   	0     	      6	  NegLargeBright	    755.6094	   2304.69	    0.0	    00000000     00000000	   1	[      3]
372   	0     	      9	   NeutSmallDark	    758.1250	   2515.62	    0.0	    00000000     00000000	   1	[      6]
373   	0     	      8	   NeutLargeDark	    760.5391	   2414.06	    0.0	    00000000     00000000	   1	[      5]
374   	0     	      8	   NeutLargeDark	    763.0742	   2535.16	    0.0	    00000000     00000000	   1	[      5]
375   	0     	      5	    NegSmallDark	    765.1758	   2101.56	    0.0	    00000000     00000000	   1	[      2]
376   	0     	     12	     condition12	    767.7109	   2535.16	    0.0	    00000000     00000000	   1	[       ]
377   	0     	      2	      condition2	    768.5156	    804.69	    0.0	    00000000     00000000	   1	[       ]
378   	0     	      6	  NegLargeBright	    770.0430	   1527.34	    0.0	    00000000     00000000	   1	[      3]
379   	0     	     14	     condition14	    772.5000	   2457.03	    0.0	    00000000     00000000	   1	[       ]
380   	0     	      2	      condition2	    773.0977	    597.66	    0.0	    00000000     00000000	   1	[       ]
381   	0     	      5	    NegSmallDark	    774.5742	   1476.56	    0.0	    00000000     00000000	   1	[      2]
382   	0     	      4	    NegLargeDark	    776.8867	   2312.50	    0.0	    00000000     00000000	   1	[      1]
383   	0     	      7	  NegSmallBright	    779.2812	   2394.53	    0.0	    00000000     00000000	   1	[      4]
384   	0     	      6	  NegLargeBright	    781.5156	   2234.38	    0.0	    00000000     00000000	   1	[      3]
385   	0     	      9	   NeutSmallDark	    783.5898	   2074.22	    0.0	    00000000     00000000	   1	[      6]
386   	0     	      8	   NeutLargeDark	    786.0234	   2433.59	    0.0	    00000000     00000000	   1	[      5]
387   	0     	      4	    NegLargeDark	    788.1172	   2093.75	    0.0	    00000000     00000000	   1	[      1]
388   	0     	     10	 NeutLargeBright	    790.3906	   2273.44	    0.0	    00000000     00000000	   1	[      7]
389   	0     	      6	  NegLargeBright	    792.6055	   2214.84	    0.0	    00000000     00000000	   1	[      3]
390   	0     	      5	    NegSmallDark	    794.8398	   2234.38	    0.0	    00000000     00000000	   1	[      2]
391   	0     	     10	 NeutLargeBright	    797.2422	   2402.34	    0.0	    00000000     00000000	   1	[      7]
392   	0     	     10	 NeutLargeBright	    799.3164	   2074.22	    0.0	    00000000     00000000	   1	[      7]
393   	0     	    253	              ""	    801.4219	   2105.47	    0.0	    00000000     00000000	   1	[       ]
394   	0     	     10	 NeutLargeBright	    802.4375	   1015.62	    0.0	    00000000     00000000	   1	[      7]
395   	0     	     15	     condition15	    804.5234	   2085.94	    0.0	    00000000     00000000	   1	[       ]
396   	0     	      2	      condition2	    805.0586	    535.16	    0.0	    00000000     00000000	   1	[       ]
397   	0     	      8	   NeutLargeDark	    806.6641	   1605.47	    0.0	    00000000     00000000	   1	[      5]
398   	0     	      8	   NeutLargeDark	    809.1914	   2527.34	    0.0	    00000000     00000000	   1	[      5]
399   	0     	     14	     condition14	    811.2422	   2050.78	    0.0	    00000000     00000000	   1	[       ]
400   	0     	      2	      condition2	    811.7773	    535.16	    0.0	    00000000     00000000	   1	[       ]
401   	0     	     10	 NeutLargeBright	    813.4766	   1699.22	    0.0	    00000000     00000000	   1	[      7]
402   	0     	      9	   NeutSmallDark	    815.8828	   2406.25	    0.0	    00000000     00000000	   1	[      6]
403   	0     	     15	     condition15	    818.0273	   2144.53	    0.0	    00000000     00000000	   1	[       ]
404   	0     	      2	      condition2	    818.7031	    675.78	    0.0	    00000000     00000000	   1	[       ]
405   	0     	     10	 NeutLargeBright	    820.3203	   1617.19	    0.0	    00000000     00000000	   1	[      7]
406   	0     	      9	   NeutSmallDark	    822.6523	   2332.03	    0.0	    00000000     00000000	   1	[      6]
407   	0     	      9	   NeutSmallDark	    824.7383	   2085.94	    0.0	    00000000     00000000	   1	[      6]
408   	0     	      4	    NegLargeDark	    827.0430	   2304.69	    0.0	    00000000     00000000	   1	[      1]
409   	0     	      8	   NeutLargeDark	    829.1953	   2152.34	    0.0	    00000000     00000000	   1	[      5]
410   	0     	      5	    NegSmallDark	    831.3477	   2152.34	    0.0	    00000000     00000000	   1	[      2]
411   	0     	     12	     condition12	    833.5938	   2246.09	    0.0	    00000000     00000000	   1	[       ]
412   	0     	      2	      condition2	    834.0859	    492.19	    0.0	    00000000     00000000	   1	[       ]
413   	0     	      7	  NegSmallBright	    835.7070	   1621.09	    0.0	    00000000     00000000	   1	[      4]
414   	0     	      6	  NegLargeBright	    837.8594	   2152.34	    0.0	    00000000     00000000	   1	[      3]
415   	0     	     14	     condition14	    840.2539	   2394.53	    0.0	    00000000     00000000	   1	[       ]
416   	0     	      2	      condition2	    840.7578	    503.91	    0.0	    00000000     00000000	   1	[       ]
417   	0     	      7	  NegSmallBright	    842.6602	   1902.34	    0.0	    00000000     00000000	   1	[      4]
418   	0     	      9	   NeutSmallDark	    845.0547	   2394.53	    0.0	    00000000     00000000	   1	[      6]
419   	0     	      8	   NeutLargeDark	    847.3984	   2343.75	    0.0	    00000000     00000000	   1	[      5]
420   	0     	     13	     condition13	    849.4609	   2062.50	    0.0	    00000000     00000000	   1	[       ]
421   	0     	      2	      condition2	    850.2500	    789.06	    0.0	    00000000     00000000	   1	[       ]
422   	0     	      9	   NeutSmallDark	    851.5938	   1343.75	    0.0	    00000000     00000000	   1	[      6]
423   	0     	      5	    NegSmallDark	    853.9492	   2355.47	    0.0	    00000000     00000000	   1	[      2]
424   	0     	     13	     condition13	    856.1328	   2183.59	    0.0	    00000000     00000000	   1	[       ]
425   	0     	      2	      condition2	    856.5938	    460.94	    0.0	    00000000     00000000	   1	[       ]
426   	0     	      7	  NegSmallBright	    858.5352	   1941.41	    0.0	    00000000     00000000	   1	[      4]
427   	0     	      7	  NegSmallBright	    861.0508	   2515.62	    0.0	    00000000     00000000	   1	[      4]
428   	0     	     11	 NeutSmallBright	    863.4766	   2425.78	    0.0	    00000000     00000000	   1	[      8]
429   	0     	      4	    NegLargeDark	    865.9883	   2511.72	    0.0	    00000000     00000000	   1	[      1]
430   	0     	      9	   NeutSmallDark	    868.1719	   2183.59	    0.0	    00000000     00000000	   1	[      6]
431   	0     	      7	  NegSmallBright	    870.5977	   2425.78	    0.0	    00000000     00000000	   1	[      4]
432   	0     	      9	   NeutSmallDark	    872.6719	   2074.22	    0.0	    00000000     00000000	   1	[      6]
433   	0     	      5	    NegSmallDark	    875.1641	   2492.19	    0.0	    00000000     00000000	   1	[      2]
434   	0     	     14	     condition14	    877.3516	   2187.50	    0.0	    00000000     00000000	   1	[       ]
435   	0     	      2	      condition2	    877.8125	    460.94	    0.0	    00000000     00000000	   1	[       ]
436   	0     	     15	     condition15	    879.7344	   1921.88	    0.0	    00000000     00000000	   1	[       ]
437   	0     	      2	      condition2	    880.3320	    597.66	    0.0	    00000000     00000000	   1	[       ]
438   	0     	      5	    NegSmallDark	    882.1797	   1847.66	    0.0	    00000000     00000000	   1	[      2]
439   	0     	      4	    NegLargeDark	    884.2109	   2031.25	    0.0	    00000000     00000000	   1	[      1]
440   	0     	      7	  NegSmallBright	    886.2461	   2035.16	    0.0	    00000000     00000000	   1	[      4]
441   	0     	     11	 NeutSmallBright	    888.5977	   2351.56	    0.0	    00000000     00000000	   1	[      8]
442   	0     	      9	   NeutSmallDark	    890.9453	   2347.66	    0.0	    00000000     00000000	   1	[      6]
443   	0     	      6	  NegLargeBright	    893.1055	   2160.16	    0.0	    00000000     00000000	   1	[      3]
444   	0     	      8	   NeutLargeDark	    895.4609	   2355.47	    0.0	    00000000     00000000	   1	[      5]
445   	0     	      5	    NegSmallDark	    897.5039	   2042.97	    0.0	    00000000     00000000	   1	[      2]
446   	0     	      4	    NegLargeDark	    899.9375	   2433.59	    0.0	    00000000     00000000	   1	[      1]
447   	0     	      5	    NegSmallDark	    902.0430	   2105.47	    0.0	    00000000     00000000	   1	[      2]
448   	0     	     10	 NeutLargeBright	    904.5469	   2503.91	    0.0	    00000000     00000000	   1	[      7]
449   	0     	      6	  NegLargeBright	    906.6719	   2125.00	    0.0	    00000000     00000000	   1	[      3]
450   	0     	      7	  NegSmallBright	    908.8945	   2222.66	    0.0	    00000000     00000000	   1	[      4]
451   	0     	      9	   NeutSmallDark	    911.1289	   2234.38	    0.0	    00000000     00000000	   1	[      6]
452   	0     	      7	  NegSmallBright	    913.1914	   2062.50	    0.0	    00000000     00000000	   1	[      4]
453   	0     	      6	  NegLargeBright	    915.4062	   2214.84	    0.0	    00000000     00000000	   1	[      3]
454   	0     	     11	 NeutSmallBright	    917.5195	   2113.28	    0.0	    00000000     00000000	   1	[      8]
455   	0     	     10	 NeutLargeBright	    919.9258	   2406.25	    0.0	    00000000     00000000	   1	[      7]
456   	0     	      8	   NeutLargeDark	    922.0469	   2121.09	    0.0	    00000000     00000000	   1	[      5]
457   	0     	      9	   NeutSmallDark	    924.3438	   2296.88	    0.0	    00000000     00000000	   1	[      6]
458   	0     	      4	    NegLargeDark	    926.5547	   2210.94	    0.0	    00000000     00000000	   1	[      1]
459   	0     	      4	    NegLargeDark	    928.7500	   2195.31	    0.0	    00000000     00000000	   1	[      1]
460   	0     	     12	     condition12	    931.2148	   2464.84	    0.0	    00000000     00000000	   1	[       ]
461   	0     	      2	      condition2	    931.8711	    656.25	    0.0	    00000000     00000000	   1	[       ]
462   	0     	     10	 NeutLargeBright	    933.3281	   1457.03	    0.0	    00000000     00000000	   1	[      7]
463   	0     	      7	  NegSmallBright	    935.3828	   2054.69	    0.0	    00000000     00000000	   1	[      4]
464   	0     	     15	     condition15	    937.7773	   2394.53	    0.0	    00000000     00000000	   1	[       ]
465   	0     	      2	      condition2	    938.3008	    523.44	    0.0	    00000000     00000000	   1	[       ]
466   	0     	     14	     condition14	    939.8477	   1546.88	    0.0	    00000000     00000000	   1	[       ]
467   	0     	      2	      condition2	    940.4844	    636.72	    0.0	    00000000     00000000	   1	[       ]
468   	0     	      5	    NegSmallDark	    941.9844	   1500.00	    0.0	    00000000     00000000	   1	[      2]
469   	0     	      4	    NegLargeDark	    944.0273	   2042.97	    0.0	    00000000     00000000	   1	[      1]
470   	0     	      8	   NeutLargeDark	    946.3516	   2324.22	    0.0	    00000000     00000000	   1	[      5]
471   	0     	     15	     condition15	    948.7656	   2414.06	    0.0	    00000000     00000000	   1	[       ]
472   	0     	      2	      condition2	    949.4102	    644.53	    0.0	    00000000     00000000	   1	[       ]
473   	0     	     10	 NeutLargeBright	    951.2812	   1871.09	    0.0	    00000000     00000000	   1	[      7]
474   	0     	      9	   NeutSmallDark	    953.7148	   2433.59	    0.0	    00000000     00000000	   1	[      6]
475   	0     	      7	  NegSmallBright	    956.0664	   2351.56	    0.0	    00000000     00000000	   1	[      4]
476   	0     	     10	 NeutLargeBright	    958.5742	   2507.81	    0.0	    00000000     00000000	   1	[      7]
477   	0     	    253	              ""	    961.7812	   3207.03	    0.0	    00000000     00000000	   1	[       ]
478   	0     	      9	   NeutSmallDark	    962.7734	    992.19	    0.0	    00000000     00000000	   1	[      6]
479   	0     	     14	     condition14	    964.9062	   2132.81	    0.0	    00000000     00000000	   1	[       ]
480   	0     	      2	      condition2	    965.4141	    507.81	    0.0	    00000000     00000000	   1	[       ]
481   	0     	     15	     condition15	    966.9492	   1535.16	    0.0	    00000000     00000000	   1	[       ]
482   	0     	      2	      condition2	    967.5039	    554.69	    0.0	    00000000     00000000	   1	[       ]
483   	0     	      4	    NegLargeDark	    969.1016	   1597.66	    0.0	    00000000     00000000	   1	[      1]
484   	0     	      6	  NegLargeBright	    971.3477	   2246.09	    0.0	    00000000     00000000	   1	[      3]
485   	0     	     10	 NeutLargeBright	    973.3789	   2031.25	    0.0	    00000000     00000000	   1	[      7]
486   	0     	      5	    NegSmallDark	    975.5039	   2125.00	    0.0	    00000000     00000000	   1	[      2]
487   	0     	      8	   NeutLargeDark	    978.0000	   2496.09	    0.0	    00000000     00000000	   1	[      5]
488   	0     	      8	   NeutLargeDark	    980.0625	   2062.50	    0.0	    00000000     00000000	   1	[      5]
489   	0     	     11	 NeutSmallBright	    982.2148	   2152.34	    0.0	    00000000     00000000	   1	[      8]
490   	0     	      8	   NeutLargeDark	    984.3789	   2164.06	    0.0	    00000000     00000000	   1	[      5]
491   	0     	      4	    NegLargeDark	    986.7148	   2335.94	    0.0	    00000000     00000000	   1	[      1]
492   	0     	      9	   NeutSmallDark	    988.7461	   2031.25	    0.0	    00000000     00000000	   1	[      6]
493   	0     	     10	 NeutLargeBright	    990.8320	   2085.94	    0.0	    00000000     00000000	   1	[      7]
494   	0     	      5	    NegSmallDark	    993.0859	   2253.91	    0.0	    00000000     00000000	   1	[      2]
495   	0     	     14	     condition14	    995.2383	   2152.34	    0.0	    00000000     00000000	   1	[       ]
496   	0     	      2	      condition2	    995.7539	    515.62	    0.0	    00000000     00000000	   1	[       ]
497   	0     	     13	     condition13	    997.5039	   1750.00	    0.0	    00000000     00000000	   1	[       ]
498   	0     	      2	      condition2	    998.1445	    640.62	    0.0	    00000000     00000000	   1	[       ]
499   	0     	     15	     condition15	    999.9258	   1781.25	    0.0	    00000000     00000000	   1	[       ]
500   	0     	      2	      condition2	   1000.4492	    523.44	    0.0	    00000000     00000000	   1	[       ]
501   	0     	     10	 NeutLargeBright	   1002.1094	   1660.16	    0.0	    00000000     00000000	   1	[      7]
502   	0     	     15	     condition15	   1004.5547	   2445.31	    0.0	    00000000     00000000	   1	[       ]
503   	0     	      2	      condition2	   1005.1055	    550.78	    0.0	    00000000     00000000	   1	[       ]
504   	0     	      4	    NegLargeDark	   1006.6680	   1562.50	    0.0	    00000000     00000000	   1	[      1]
505   	0     	     10	 NeutLargeBright	   1009.1328	   2464.84	    0.0	    00000000     00000000	   1	[      7]
506   	0     	     11	 NeutSmallBright	   1011.1953	   2062.50	    0.0	    00000000     00000000	   1	[      8]
507   	0     	      4	    NegLargeDark	   1013.2422	   2046.88	    0.0	    00000000     00000000	   1	[      1]
508   	0     	      7	  NegSmallBright	   1015.3359	   2093.75	    0.0	    00000000     00000000	   1	[      4]
509   	0     	     11	 NeutSmallBright	   1017.8281	   2492.19	    0.0	    00000000     00000000	   1	[      8]
510   	0     	      6	  NegLargeBright	   1020.3438	   2515.62	    0.0	    00000000     00000000	   1	[      3]
511   	0     	     10	 NeutLargeBright	   1022.6055	   2261.72	    0.0	    00000000     00000000	   1	[      7]
512   	0     	      6	  NegLargeBright	   1024.9102	   2304.69	    0.0	    00000000     00000000	   1	[      3]
513   	0     	     10	 NeutLargeBright	   1027.4062	   2496.09	    0.0	    00000000     00000000	   1	[      7]
514   	0     	     10	 NeutLargeBright	   1029.7500	   2343.75	    0.0	    00000000     00000000	   1	[      7]
515   	0     	      5	    NegSmallDark	   1032.2539	   2503.91	    0.0	    00000000     00000000	   1	[      2]
516   	0     	      4	    NegLargeDark	   1034.7070	   2453.12	    0.0	    00000000     00000000	   1	[      1]
517   	0     	      4	    NegLargeDark	   1037.0312	   2324.22	    0.0	    00000000     00000000	   1	[      1]
518   	0     	     11	 NeutSmallBright	   1039.3477	   2316.41	    0.0	    00000000     00000000	   1	[      8]
519   	0     	     11	 NeutSmallBright	   1041.7109	   2363.28	    0.0	    00000000     00000000	   1	[      8]
520   	0     	      9	   NeutSmallDark	   1044.1055	   2394.53	    0.0	    00000000     00000000	   1	[      6]
521   	0     	     11	 NeutSmallBright	   1046.1289	   2023.44	    0.0	    00000000     00000000	   1	[      8]
522   	0     	      5	    NegSmallDark	   1048.6133	   2484.38	    0.0	    00000000     00000000	   1	[      2]
523   	0     	      5	    NegSmallDark	   1051.0859	   2472.66	    0.0	    00000000     00000000	   1	[      2]
524   	0     	      6	  NegLargeBright	   1053.2109	   2125.00	    0.0	    00000000     00000000	   1	[      3]
525   	0     	      7	  NegSmallBright	   1055.4258	   2214.84	    0.0	    00000000     00000000	   1	[      4]
526   	0     	     11	 NeutSmallBright	   1057.8594	   2433.59	    0.0	    00000000     00000000	   1	[      8]
527   	0     	      5	    NegSmallDark	   1059.8945	   2035.16	    0.0	    00000000     00000000	   1	[      2]
528   	0     	      7	  NegSmallBright	   1061.9258	   2031.25	    0.0	    00000000     00000000	   1	[      4]
529   	0     	     10	 NeutLargeBright	   1064.3320	   2406.25	    0.0	    00000000     00000000	   1	[      7]
530   	0     	      6	  NegLargeBright	   1066.6133	   2281.25	    0.0	    00000000     00000000	   1	[      3]
531   	0     	      5	    NegSmallDark	   1068.7773	   2164.06	    0.0	    00000000     00000000	   1	[      2]
532   	0     	     15	     condition15	   1070.9141	   2136.72	    0.0	    00000000     00000000	   1	[       ]
533   	0     	      2	      condition2	   1071.6211	    707.03	    0.0	    00000000     00000000	   1	[       ]
534   	0     	     11	 NeutSmallBright	   1073.4375	   1816.41	    0.0	    00000000     00000000	   1	[      8]
535   	0     	      5	    NegSmallDark	   1075.8711	   2433.59	    0.0	    00000000     00000000	   1	[      2]
536   	0     	     14	     condition14	   1077.9648	   2093.75	    0.0	    00000000     00000000	   1	[       ]
537   	0     	      2	      condition2	   1078.5703	    605.47	    0.0	    00000000     00000000	   1	[       ]
538   	0     	     12	     condition12	   1080.4805	   1910.16	    0.0	    00000000     00000000	   1	[       ]
539   	0     	      2	      condition2	   1080.9961	    515.62	    0.0	    00000000     00000000	   1	[       ]
540   	0     	      8	   NeutLargeDark	   1082.8750	   1878.91	    0.0	    00000000     00000000	   1	[      5]
541   	0     	     15	     condition15	   1085.3477	   2472.66	    0.0	    00000000     00000000	   1	[       ]
542   	0     	     11	 NeutSmallBright	   1087.6211	   2273.44	    0.0	    00000000     00000000	   1	[      8]
543   	0     	     13	     condition13	   1090.0469	   2425.78	    0.0	    00000000     00000000	   1	[       ]
544   	0     	      2	      condition2	   1090.7773	    730.47	    0.0	    00000000     00000000	   1	[       ]
545   	0     	     11	 NeutSmallBright	   1092.3398	   1562.50	    0.0	    00000000     00000000	   1	[      8]
546   	0     	     10	 NeutLargeBright	   1094.5117	   2171.88	    0.0	    00000000     00000000	   1	[      7]
547   	0     	      8	   NeutLargeDark	   1096.9297	   2417.97	    0.0	    00000000     00000000	   1	[      5]
548   	0     	      6	  NegLargeBright	   1099.2734	   2343.75	    0.0	    00000000     00000000	   1	[      3]
549   	0     	      5	    NegSmallDark	   1101.4258	   2152.34	    0.0	    00000000     00000000	   1	[      2]
550   	0     	     12	     condition12	   1103.9414	   2515.62	    0.0	    00000000     00000000	   1	[       ]
551   	0     	      2	      condition2	   1104.4219	    480.47	    0.0	    00000000     00000000	   1	[       ]
552   	0     	      6	  NegLargeBright	   1106.1328	   1710.94	    0.0	    00000000     00000000	   1	[      3]
553   	0     	     15	     condition15	   1108.1992	   2066.41	    0.0	    00000000     00000000	   1	[       ]
554   	0     	      2	      condition2	   1108.7734	    574.22	    0.0	    00000000     00000000	   1	[       ]
555   	0     	      5	    NegSmallDark	   1110.4609	   1687.50	    0.0	    00000000     00000000	   1	[      2]
556   	0     	      7	  NegSmallBright	   1112.8945	   2433.59	    0.0	    00000000     00000000	   1	[      4]
557   	0     	     12	     condition12	   1115.3086	   2414.06	    0.0	    00000000     00000000	   1	[       ]
558   	0     	      2	      condition2	   1115.8438	    535.16	    0.0	    00000000     00000000	   1	[       ]
559   	0     	      5	    NegSmallDark	   1117.3438	   1500.00	    0.0	    00000000     00000000	   1	[      2]
560   	0     	     11	 NeutSmallBright	   1119.4180	   2074.22	    0.0	    00000000     00000000	   1	[      8]
561   	0     	      8	   NeutLargeDark	   1122.3828	   2964.84	    0.0	    00000000     00000000	   1	[      5]
562   	0     	     11	 NeutSmallBright	   1124.8281	   2445.31	    0.0	    00000000     00000000	   1	[      8]
563   	0     	      4	    NegLargeDark	   1127.1719	   2343.75	    0.0	    00000000     00000000	   1	[      1]
564   	0     	     10	 NeutLargeBright	   1129.4961	   2324.22	    0.0	    00000000     00000000	   1	[      7]
565   	0     	     14	     condition14	   1132.0195	   2523.44	    0.0	    00000000     00000000	   1	[       ]
566   	0     	      2	      condition2	   1132.4570	    437.50	    0.0	    00000000     00000000	   1	[       ]
567   	0     	      9	   NeutSmallDark	   1134.3320	   1875.00	    0.0	    00000000     00000000	   1	[      6]
568   	0     	     12	     condition12	   1136.6953	   2363.28	    0.0	    00000000     00000000	   1	[       ]
569   	0     	      2	      condition2	   1137.2227	    527.34	    0.0	    00000000     00000000	   1	[       ]
570   	0     	     14	     condition14	   1139.1406	   1917.97	    0.0	    00000000     00000000	   1	[       ]
571   	0     	      2	      condition2	   1139.9258	    785.16	    0.0	    00000000     00000000	   1	[       ]
572   	0     	      9	   NeutSmallDark	   1141.2656	   1339.84	    0.0	    00000000     00000000	   1	[      6]
573   	0     	     13	     condition13	   1143.5781	   2312.50	    0.0	    00000000     00000000	   1	[       ]
574   	0     	      2	      condition2	   1144.0391	    460.94	    0.0	    00000000     00000000	   1	[       ]
575   	0     	      7	  NegSmallBright	   1145.7812	   1742.19	    0.0	    00000000     00000000	   1	[      4]
576   	0     	     14	     condition14	   1148.0469	   2265.62	    0.0	    00000000     00000000	   1	[       ]
577   	0     	      2	      condition2	   1148.6211	    574.22	    0.0	    00000000     00000000	   1	[       ]
578   	0     	     11	 NeutSmallBright	   1150.2812	   1660.16	    0.0	    00000000     00000000	   1	[      8]
579   	0     	     13	     condition13	   1152.4531	   2171.88	    0.0	    00000000     00000000	   1	[       ]
580   	0     	      2	      condition2	   1153.0117	    558.59	    0.0	    00000000     00000000	   1	[       ]
581   	0     	      7	  NegSmallBright	   1154.5781	   1566.41	    0.0	    00000000     00000000	   1	[      4]
582   	0     	      7	  NegSmallBright	   1156.7109	   2132.81	    0.0	    00000000     00000000	   1	[      4]
583   	0     	      8	   NeutLargeDark	   1158.9766	   2265.62	    0.0	    00000000     00000000	   1	[      5]
584   	0     	      8	   NeutLargeDark	   1161.0781	   2101.56	    0.0	    00000000     00000000	   1	[      5]
585   	0     	     10	 NeutLargeBright	   1163.5742	   2496.09	    0.0	    00000000     00000000	   1	[      7]
586   	0     	      6	  NegLargeBright	   1165.9375	   2363.28	    0.0	    00000000     00000000	   1	[      3]
587   	0     	      2	      condition2	   1166.7773	    839.84	    0.0	    00000000     00000000	   1	[       ]
588   	0     	      8	   NeutLargeDark	   1168.2227	   1445.31	    0.0	    00000000     00000000	   1	[      5]
589   	0     	      8	   NeutLargeDark	   1170.4766	   2253.91	    0.0	    00000000     00000000	   1	[      5]
590   	0     	      9	   NeutSmallDark	   1172.9609	   2484.38	    0.0	    00000000     00000000	   1	[      6]
591   	0     	      8	   NeutLargeDark	   1175.2031	   2242.19	    0.0	    00000000     00000000	   1	[      5]
592   	0     	      9	   NeutSmallDark	   1177.5977	   2394.53	    0.0	    00000000     00000000	   1	[      6]
593   	0     	      5	    NegSmallDark	   1180.0547	   2457.03	    0.0	    00000000     00000000	   1	[      2]
594   	0     	      5	    NegSmallDark	   1182.5469	   2492.19	    0.0	    00000000     00000000	   1	[      2]
595   	0     	      7	  NegSmallBright	   1184.7031	   2156.25	    0.0	    00000000     00000000	   1	[      4]
596   	0     	     11	 NeutSmallBright	   1186.7461	   2042.97	    0.0	    00000000     00000000	   1	[      8]
597   	0     	     15	     condition15	   1189.1211	   2375.00	    0.0	    00000000     00000000	   1	[       ]
598   	0     	      2	      condition2	   1189.6406	    519.53	    0.0	    00000000     00000000	   1	[       ]
599   	0     	      6	  NegLargeBright	   1191.5820	   1941.41	    0.0	    00000000     00000000	   1	[      3]
600   	0     	     10	 NeutLargeBright	   1193.9492	   2367.19	    0.0	    00000000     00000000	   1	[      7]
601   	0     	      7	  NegSmallBright	   1196.1016	   2152.34	    0.0	    00000000     00000000	   1	[      4]
602   	0     	      9	   NeutSmallDark	   1198.5469	   2445.31	    0.0	    00000000     00000000	   1	[      6]
603   	0     	      6	  NegLargeBright	   1200.6484	   2101.56	    0.0	    00000000     00000000	   1	[      3]
604   	0     	      4	    NegLargeDark	   1202.8945	   2246.09	    0.0	    00000000     00000000	   1	[      1]
605   	0     	      9	   NeutSmallDark	   1205.2969	   2402.34	    0.0	    00000000     00000000	   1	[      6]
606   	0     	      6	  NegLargeBright	   1207.7422	   2445.31	    0.0	    00000000     00000000	   1	[      3]
607   	0     	      5	    NegSmallDark	   1210.2461	   2503.91	    0.0	    00000000     00000000	   1	[      2]
608   	0     	     15	     condition15	   1212.7422	   2496.09	    0.0	    00000000     00000000	   1	[       ]
609   	0     	      2	      condition2	   1213.7773	   1035.16	    0.0	    00000000     00000000	   1	[       ]
610   	0     	      8	   NeutLargeDark	   1214.9766	   1199.22	    0.0	    00000000     00000000	   1	[      5]
611   	0     	     15	     condition15	   1217.3203	   2343.75	    0.0	    00000000     00000000	   1	[       ]
612   	0     	      2	      condition2	   1217.8906	    570.31	    0.0	    00000000     00000000	   1	[       ]
613   	0     	      8	   NeutLargeDark	   1219.4727	   1582.03	    0.0	    00000000     00000000	   1	[      5]
614   	0     	      4	    NegLargeDark	   1221.8477	   2375.00	    0.0	    00000000     00000000	   1	[      1]
615   	0     	     10	 NeutLargeBright	   1224.0312	   2183.59	    0.0	    00000000     00000000	   1	[      7]
616   	0     	      8	   NeutLargeDark	   1226.1562	   2125.00	    0.0	    00000000     00000000	   1	[      5]
617   	0     	      2	      condition2	   1226.9141	    757.81	    0.0	    00000000     00000000	   1	[       ]
618   	0     	      7	  NegSmallBright	   1228.5898	   1675.78	    0.0	    00000000     00000000	   1	[      4]
619   	0     	     11	 NeutSmallBright	   1231.1016	   2511.72	    0.0	    00000000     00000000	   1	[      8]
620   	0     	     12	     condition12	   1233.1484	   2046.88	    0.0	    00000000     00000000	   1	[       ]
621   	0     	      2	      condition2	   1233.7930	    644.53	    0.0	    00000000     00000000	   1	[       ]
622   	0     	     11	 NeutSmallBright	   1235.3516	   1558.59	    0.0	    00000000     00000000	   1	[      8]
623   	0     	     13	     condition13	   1237.7656	   2414.06	    0.0	    00000000     00000000	   1	[       ]
624   	0     	      2	      condition2	   1238.3750	    609.38	    0.0	    00000000     00000000	   1	[       ]
625   	0     	      9	   NeutSmallDark	   1240.0000	   1625.00	    0.0	    00000000     00000000	   1	[      6]
626   	0     	      4	    NegLargeDark	   1242.4648	   2464.84	    0.0	    00000000     00000000	   1	[      1]
627   	0     	      8	   NeutLargeDark	   1244.5977	   2132.81	    0.0	    00000000     00000000	   1	[      5]
628   	0     	      9	   NeutSmallDark	   1246.7188	   2121.09	    0.0	    00000000     00000000	   1	[      6]
629   	0     	     10	 NeutLargeBright	   1249.2344	   2515.62	    0.0	    00000000     00000000	   1	[      7]
630   	0     	      8	   NeutLargeDark	   1251.5273	   2292.97	    0.0	    00000000     00000000	   1	[      5]
631   	0     	     12	     condition12	   1253.9414	   2414.06	    0.0	    00000000     00000000	   1	[       ]
632   	0     	      2	      condition2	   1254.6602	    718.75	    0.0	    00000000     00000000	   1	[       ]
633   	0     	      5	    NegSmallDark	   1256.2656	   1605.47	    0.0	    00000000     00000000	   1	[      2]
634   	0     	      7	  NegSmallBright	   1258.3516	   2085.94	    0.0	    00000000     00000000	   1	[      4]
635   	0     	     11	 NeutSmallBright	   1260.5156	   2164.06	    0.0	    00000000     00000000	   1	[      8]
636   	0     	     12	     condition12	   1262.9688	   2453.12	    0.0	    00000000     00000000	   1	[       ]
637   	0     	      2	      condition2	   1263.4180	    449.22	    0.0	    00000000     00000000	   1	[       ]
638   	0     	      8	   NeutLargeDark	   1265.1133	   1695.31	    0.0	    00000000     00000000	   1	[      5]
639   	0     	      7	  NegSmallBright	   1267.3672	   2253.91	    0.0	    00000000     00000000	   1	[      4]
640   	0     	      4	    NegLargeDark	   1269.8320	   2464.84	    0.0	    00000000     00000000	   1	[      1]
641   	0     	     11	 NeutSmallBright	   1271.9648	   2132.81	    0.0	    00000000     00000000	   1	[      8]
642   	0     	      6	  NegLargeBright	   1274.1094	   2144.53	    0.0	    00000000     00000000	   1	[      3]
643   	0     	      4	    NegLargeDark	   1276.1641	   2054.69	    0.0	    00000000     00000000	   1	[      1]
644   	0     	     11	 NeutSmallBright	   1278.4453	   2281.25	    0.0	    00000000     00000000	   1	[      8]
645   	0     	      6	  NegLargeBright	   1280.8008	   2355.47	    0.0	    00000000     00000000	   1	[      3]
