#  Non-editable header begin --------------------------------------------------------------------------------
# 
#  data format...............: continuous
#  setname...................: BDF file
#  filename..................: none_specified
#  filepath..................: none_specified
#  nchan.....................: 64
#  pnts......................: 330496
#  srate.....................: 256
#  nevents...................: 644
#  generated by (bdf)........: 
#  generated by (set)........: BDF file
#  reported in ..............: 
#  prog Version..............: 8.02
#  creation date.............: 18-Nov-2020 17:19:41
#  user Account..............: 
# 
#  Non-editable header end --------------------------------------------------------------------------------

	bin 1,	# 60,	NegLargeDark
	bin 2,	# 60,	NegSmallDark
	bin 3,	# 60,	NegLargeBright
	bin 4,	# 60,	NegSmallBright
	bin 5,	# 59,	NeutLargeDark
	bin 6,	# 60,	NeutSmallDark
	bin 7,	# 60,	NeutLargeBright
	bin 8,	# 60,	NeutSmallBright



# item	 bepoch	  ecode	            label	      onset	          diff	     dura	b_flags	   a_flags	  enable	    bin
#                                                 (sec)           (msec)     (msec)    (binary)   (binary)


1     	0     	      7	  NegSmallBright	      1.9453	      0.00	    0.0	    00000000     00000000	   1	[      4]
2     	0     	      6	  NegLargeBright	      4.0781	   2132.81	    0.0	    00000000     00000000	   1	[      3]
3     	0     	     11	 NeutSmallBright	      6.3438	   2265.62	    0.0	    00000000     00000000	   1	[      8]
4     	0     	      4	    NegLargeDark	      8.6484	   2304.69	    0.0	    00000000     00000000	   1	[      1]
5     	0     	      6	  NegLargeBright	     11.1211	   2472.66	    0.0	    00000000     00000000	   1	[      3]
6     	0     	      4	    NegLargeDark	     13.3867	   2265.62	    0.0	    00000000     00000000	   1	[      1]
7     	0     	     10	 NeutLargeBright	     15.7812	   2394.53	    0.0	    00000000     00000000	   1	[      7]
8     	0     	      6	  NegLargeBright	     18.0352	   2253.91	    0.0	    00000000     00000000	   1	[      3]
9     	0     	     14	     condition14	     20.2578	   2222.66	    0.0	    00000000     00000000	   1	[       ]
10    	0     	      2	      condition2	     20.9688	    710.94	    0.0	    00000000     00000000	   1	[       ]
11    	0     	      4	    NegLargeDark	     22.6328	   1664.06	    0.0	    00000000     00000000	   1	[      1]
12    	0     	      6	  NegLargeBright	     24.8672	   2234.38	    0.0	    00000000     00000000	   1	[      3]
13    	0     	      9	   NeutSmallDark	     27.2812	   2414.06	    0.0	    00000000     00000000	   1	[      6]
14    	0     	      6	  NegLargeBright	     29.5430	   2261.72	    0.0	    00000000     00000000	   1	[      3]
15    	0     	      4	    NegLargeDark	     31.8281	   2285.16	    0.0	    00000000     00000000	   1	[      1]
16    	0     	      8	   NeutLargeDark	     34.0703	   2242.19	    0.0	    00000000     00000000	   1	[      5]
17    	0     	     11	 NeutSmallBright	     36.5859	   2515.62	    0.0	    00000000     00000000	   1	[      8]
18    	0     	      5	    NegSmallDark	     39.0000	   2414.06	    0.0	    00000000     00000000	   1	[      2]
19    	0     	      7	  NegSmallBright	     41.0352	   2035.16	    0.0	    00000000     00000000	   1	[      4]
20    	0     	      8	   NeutLargeDark	     43.3594	   2324.22	    0.0	    00000000     00000000	   1	[      5]
21    	0     	      7	  NegSmallBright	     45.6016	   2242.19	    0.0	    00000000     00000000	   1	[      4]
22    	0     	      7	  NegSmallBright	     47.6562	   2054.69	    0.0	    00000000     00000000	   1	[      4]
23    	0     	      9	   NeutSmallDark	     49.7812	   2125.00	    0.0	    00000000     00000000	   1	[      6]
24    	0     	      5	    NegSmallDark	     52.0352	   2253.91	    0.0	    00000000     00000000	   1	[      2]
25    	0     	     11	 NeutSmallBright	     54.4375	   2402.34	    0.0	    00000000     00000000	   1	[      8]
26    	0     	     10	 NeutLargeBright	     56.4727	   2035.16	    0.0	    00000000     00000000	   1	[      7]
27    	0     	      7	  NegSmallBright	     58.7969	   2324.22	    0.0	    00000000     00000000	   1	[      4]
28    	0     	     11	 NeutSmallBright	     61.0703	   2273.44	    0.0	    00000000     00000000	   1	[      8]
29    	0     	     11	 NeutSmallBright	     63.5820	   2511.72	    0.0	    00000000     00000000	   1	[      8]
30    	0     	      9	   NeutSmallDark	     65.8672	   2285.16	    0.0	    00000000     00000000	   1	[      6]
31    	0     	      4	    NegLargeDark	     68.2500	   2382.81	    0.0	    00000000     00000000	   1	[      1]
32    	0     	      6	  NegLargeBright	     70.6562	   2406.25	    0.0	    00000000     00000000	   1	[      3]
33    	0     	     10	 NeutLargeBright	     72.9414	   2285.16	    0.0	    00000000     00000000	   1	[      7]
34    	0     	     15	     condition15	     75.0547	   2113.28	    0.0	    00000000     00000000	   1	[       ]
35    	0     	      2	      condition2	     75.8320	    777.34	    0.0	    00000000     00000000	   1	[       ]
36    	0     	     10	 NeutLargeBright	     77.5273	   1695.31	    0.0	    00000000     00000000	   1	[      7]
37    	0     	      4	    NegLargeDark	     79.9844	   2457.03	    0.0	    00000000     00000000	   1	[      1]
38    	0     	      5	    NegSmallDark	     82.1172	   2132.81	    0.0	    00000000     00000000	   1	[      2]
39    	0     	      5	    NegSmallDark	     84.5625	   2445.31	    0.0	    00000000     00000000	   1	[      2]
40    	0     	     10	 NeutLargeBright	     86.9531	   2390.62	    0.0	    00000000     00000000	   1	[      7]
41    	0     	     13	     condition13	     89.1484	   2195.31	    0.0	    00000000     00000000	   1	[       ]
42    	0     	      2	      condition2	     89.7656	    617.19	    0.0	    00000000     00000000	   1	[       ]
43    	0     	      5	    NegSmallDark	     91.4922	   1726.56	    0.0	    00000000     00000000	   1	[      2]
44    	0     	      5	    NegSmallDark	     93.5781	   2085.94	    0.0	    00000000     00000000	   1	[      2]
45    	0     	      5	    NegSmallDark	     96.0820	   2503.91	    0.0	    00000000     00000000	   1	[      2]
46    	0     	     11	 NeutSmallBright	     98.2734	   2191.41	    0.0	    00000000     00000000	   1	[      8]
47    	0     	     15	     condition15	    100.5195	   2246.09	    0.0	    00000000     00000000	   1	[       ]
48    	0     	      2	      condition2	    101.3555	    835.94	    0.0	    00000000     00000000	   1	[       ]
49    	0     	      4	    NegLargeDark	    102.8828	   1527.34	    0.0	    00000000     00000000	   1	[      1]
50    	0     	     13	     condition13	    105.0547	   2171.88	    0.0	    00000000     00000000	   1	[       ]
51    	0     	      2	      condition2	    105.8359	    781.25	    0.0	    00000000     00000000	   1	[       ]
52    	0     	      5	    NegSmallDark	    107.3125	   1476.56	    0.0	    00000000     00000000	   1	[      2]
53    	0     	     11	 NeutSmallBright	    109.3438	   2031.25	    0.0	    00000000     00000000	   1	[      8]
54    	0     	      8	   NeutLargeDark	    111.6172	   2273.44	    0.0	    00000000     00000000	   1	[      5]
55    	0     	     10	 NeutLargeBright	    114.1328	   2515.62	    0.0	    00000000     00000000	   1	[      7]
56    	0     	     15	     condition15	    116.3984	   2265.62	    0.0	    00000000     00000000	   1	[       ]
57    	0     	      2	      condition2	    117.0664	    667.97	    0.0	    00000000     00000000	   1	[       ]
58    	0     	      7	  NegSmallBright	    118.5586	   1492.19	    0.0	    00000000     00000000	   1	[      4]
59    	0     	      9	   NeutSmallDark	    120.8750	   2316.41	    0.0	    00000000     00000000	   1	[      6]
60    	0     	     13	     condition13	    122.8984	   2023.44	    0.0	    00000000     00000000	   1	[       ]
61    	0     	      2	      condition2	    123.4102	    511.72	    0.0	    00000000     00000000	   1	[       ]
62    	0     	     10	 NeutLargeBright	    125.1133	   1703.12	    0.0	    00000000     00000000	   1	[      7]
63    	0     	     14	     condition14	    127.2070	   2093.75	    0.0	    00000000     00000000	   1	[       ]
64    	0     	      2	      condition2	    127.7773	    570.31	    0.0	    00000000     00000000	   1	[       ]
65    	0     	      8	   NeutLargeDark	    129.4805	   1703.12	    0.0	    00000000     00000000	   1	[      5]
66    	0     	     10	 NeutLargeBright	    132.0039	   2523.44	    0.0	    00000000     00000000	   1	[      7]
67    	0     	      8	   NeutLargeDark	    134.2695	   2265.62	    0.0	    00000000     00000000	   1	[      5]
68    	0     	      9	   NeutSmallDark	    136.4023	   2132.81	    0.0	    00000000     00000000	   1	[      6]
69    	0     	      8	   NeutLargeDark	    138.6445	   2242.19	    0.0	    00000000     00000000	   1	[      5]
70    	0     	     10	 NeutLargeBright	    141.1406	   2496.09	    0.0	    00000000     00000000	   1	[      7]
71    	0     	      9	   NeutSmallDark	    143.3125	   2171.88	    0.0	    00000000     00000000	   1	[      6]
72    	0     	      4	    NegLargeDark	    145.5781	   2265.62	    0.0	    00000000     00000000	   1	[      1]
73    	0     	      5	    NegSmallDark	    148.0508	   2472.66	    0.0	    00000000     00000000	   1	[      2]
74    	0     	      9	   NeutSmallDark	    150.0859	   2035.16	    0.0	    00000000     00000000	   1	[      6]
75    	0     	      8	   NeutLargeDark	    152.5000	   2414.06	    0.0	    00000000     00000000	   1	[      5]
76    	0     	      8	   NeutLargeDark	    154.6953	   2195.31	    0.0	    00000000     00000000	   1	[      5]
77    	0     	     10	 NeutLargeBright	    156.9062	   2210.94	    0.0	    00000000     00000000	   1	[      7]
78    	0     	      5	    NegSmallDark	    159.1406	   2234.38	    0.0	    00000000     00000000	   1	[      2]
79    	0     	    253	              ""	    161.6250	   2484.38	    0.0	    00000000     00000000	   1	[       ]
80    	0     	      8	   NeutLargeDark	    162.6250	   1000.00	    0.0	    00000000     00000000	   1	[      5]
81    	0     	      9	   NeutSmallDark	    165.1211	   2496.09	    0.0	    00000000     00000000	   1	[      6]
82    	0     	     15	     condition15	    167.5859	   2464.84	    0.0	    00000000     00000000	   1	[       ]
83    	0     	      2	      condition2	    168.4414	    855.47	    0.0	    00000000     00000000	   1	[       ]
84    	0     	     14	     condition14	    170.0586	   1617.19	    0.0	    00000000     00000000	   1	[       ]
85    	0     	      2	      condition2	    170.6250	    566.41	    0.0	    00000000     00000000	   1	[       ]
86    	0     	     15	     condition15	    172.2617	   1636.72	    0.0	    00000000     00000000	   1	[       ]
87    	0     	      2	      condition2	    172.7852	    523.44	    0.0	    00000000     00000000	   1	[       ]
88    	0     	     12	     condition12	    174.7773	   1992.19	    0.0	    00000000     00000000	   1	[       ]
89    	0     	      2	      condition2	    175.2344	    457.03	    0.0	    00000000     00000000	   1	[       ]
90    	0     	      6	  NegLargeBright	    177.2305	   1996.09	    0.0	    00000000     00000000	   1	[      3]
91    	0     	      6	  NegLargeBright	    179.5977	   2367.19	    0.0	    00000000     00000000	   1	[      3]
92    	0     	     14	     condition14	    181.7305	   2132.81	    0.0	    00000000     00000000	   1	[       ]
93    	0     	      2	      condition2	    182.2070	    476.56	    0.0	    00000000     00000000	   1	[       ]
94    	0     	     12	     condition12	    183.7852	   1578.12	    0.0	    00000000     00000000	   1	[       ]
95    	0     	      2	      condition2	    184.3438	    558.59	    0.0	    00000000     00000000	   1	[       ]
96    	0     	      8	   NeutLargeDark	    186.0469	   1703.12	    0.0	    00000000     00000000	   1	[      5]
97    	0     	      8	   NeutLargeDark	    188.1094	   2062.50	    0.0	    00000000     00000000	   1	[      5]
98    	0     	      6	  NegLargeBright	    190.3047	   2195.31	    0.0	    00000000     00000000	   1	[      3]
99    	0     	      7	  NegSmallBright	    192.5703	   2265.62	    0.0	    00000000     00000000	   1	[      4]
100   	0     	      9	   NeutSmallDark	    194.9648	   2394.53	    0.0	    00000000     00000000	   1	[      6]
101   	0     	      9	   NeutSmallDark	    197.2578	   2292.97	    0.0	    00000000     00000000	   1	[      6]
102   	0     	     10	 NeutLargeBright	    199.3594	   2101.56	    0.0	    00000000     00000000	   1	[      7]
103   	0     	      8	   NeutLargeDark	    201.5547	   2195.31	    0.0	    00000000     00000000	   1	[      5]
104   	0     	      8	   NeutLargeDark	    203.7578	   2203.12	    0.0	    00000000     00000000	   1	[      5]
105   	0     	     10	 NeutLargeBright	    206.0820	   2324.22	    0.0	    00000000     00000000	   1	[      7]
106   	0     	     12	     condition12	    208.5781	   2496.09	    0.0	    00000000     00000000	   1	[       ]
107   	0     	      2	      condition2	    209.1562	    578.12	    0.0	    00000000     00000000	   1	[       ]
108   	0     	      7	  NegSmallBright	    210.6992	   1542.97	    0.0	    00000000     00000000	   1	[      4]
109   	0     	      4	    NegLargeDark	    213.1055	   2406.25	    0.0	    00000000     00000000	   1	[      1]
110   	0     	      6	  NegLargeBright	    215.3984	   2292.97	    0.0	    00000000     00000000	   1	[      3]
111   	0     	      8	   NeutLargeDark	    217.6250	   2226.56	    0.0	    00000000     00000000	   1	[      5]
112   	0     	      8	   NeutLargeDark	    219.9258	   2300.78	    0.0	    00000000     00000000	   1	[      5]
113   	0     	      8	   NeutLargeDark	    222.0391	   2113.28	    0.0	    00000000     00000000	   1	[      5]
114   	0     	      7	  NegSmallBright	    224.3164	   2277.34	    0.0	    00000000     00000000	   1	[      4]
115   	0     	      5	    NegSmallDark	    226.6289	   2312.50	    0.0	    00000000     00000000	   1	[      2]
116   	0     	      4	    NegLargeDark	    228.9336	   2304.69	    0.0	    00000000     00000000	   1	[      1]
117   	0     	      5	    NegSmallDark	    231.1875	   2253.91	    0.0	    00000000     00000000	   1	[      2]
118   	0     	      4	    NegLargeDark	    233.5508	   2363.28	    0.0	    00000000     00000000	   1	[      1]
119   	0     	      7	  NegSmallBright	    235.6836	   2132.81	    0.0	    00000000     00000000	   1	[      4]
120   	0     	      9	   NeutSmallDark	    237.7188	   2035.16	    0.0	    00000000     00000000	   1	[      6]
121   	0     	      4	    NegLargeDark	    240.1641	   2445.31	    0.0	    00000000     00000000	   1	[      1]
122   	0     	     14	     condition14	    242.5352	   2371.09	    0.0	    00000000     00000000	   1	[       ]
123   	0     	      2	      condition2	    243.1758	    640.62	    0.0	    00000000     00000000	   1	[       ]
124   	0     	      6	  NegLargeBright	    244.6992	   1523.44	    0.0	    00000000     00000000	   1	[      3]
125   	0     	      8	   NeutLargeDark	    246.8047	   2105.47	    0.0	    00000000     00000000	   1	[      5]
126   	0     	      9	   NeutSmallDark	    249.0898	   2285.16	    0.0	    00000000     00000000	   1	[      6]
127   	0     	      4	    NegLargeDark	    251.3320	   2242.19	    0.0	    00000000     00000000	   1	[      1]
128   	0     	      6	  NegLargeBright	    253.4570	   2125.00	    0.0	    00000000     00000000	   1	[      3]
129   	0     	     14	     condition14	    255.8906	   2433.59	    0.0	    00000000     00000000	   1	[       ]
130   	0     	      2	      condition2	    256.9141	   1023.44	    0.0	    00000000     00000000	   1	[       ]
131   	0     	     13	     condition13	    258.3633	   1449.22	    0.0	    00000000     00000000	   1	[       ]
132   	0     	      2	      condition2	    258.8359	    472.66	    0.0	    00000000     00000000	   1	[       ]
133   	0     	      4	    NegLargeDark	    260.4688	   1632.81	    0.0	    00000000     00000000	   1	[      1]
134   	0     	     12	     condition12	    262.6641	   2195.31	    0.0	    00000000     00000000	   1	[       ]
135   	0     	      2	      condition2	    263.2266	    562.50	    0.0	    00000000     00000000	   1	[       ]
136   	0     	      4	    NegLargeDark	    265.1758	   1949.22	    0.0	    00000000     00000000	   1	[      1]
137   	0     	      7	  NegSmallBright	    267.4727	   2296.88	    0.0	    00000000     00000000	   1	[      4]
138   	0     	      6	  NegLargeBright	    269.5547	   2082.03	    0.0	    00000000     00000000	   1	[      3]
139   	0     	      5	    NegSmallDark	    271.6680	   2113.28	    0.0	    00000000     00000000	   1	[      2]
140   	0     	      6	  NegLargeBright	    273.7734	   2105.47	    0.0	    00000000     00000000	   1	[      3]
141   	0     	      5	    NegSmallDark	    276.0859	   2312.50	    0.0	    00000000     00000000	   1	[      2]
142   	0     	      5	    NegSmallDark	    278.5000	   2414.06	    0.0	    00000000     00000000	   1	[      2]
143   	0     	      6	  NegLargeBright	    280.7344	   2234.38	    0.0	    00000000     00000000	   1	[      3]
144   	0     	     10	 NeutLargeBright	    283.0664	   2332.03	    0.0	    00000000     00000000	   1	[      7]
145   	0     	      4	    NegLargeDark	    285.4727	   2406.25	    0.0	    00000000     00000000	   1	[      1]
146   	0     	      6	  NegLargeBright	    287.5547	   2082.03	    0.0	    00000000     00000000	   1	[      3]
147   	0     	      6	  NegLargeBright	    290.0000	   2445.31	    0.0	    00000000     00000000	   1	[      3]
148   	0     	      8	   NeutLargeDark	    292.2852	   2285.16	    0.0	    00000000     00000000	   1	[      5]
149   	0     	      7	  NegSmallBright	    294.6992	   2414.06	    0.0	    00000000     00000000	   1	[      4]
150   	0     	      4	    NegLargeDark	    297.2031	   2503.91	    0.0	    00000000     00000000	   1	[      1]
151   	0     	      6	  NegLargeBright	    299.6289	   2425.78	    0.0	    00000000     00000000	   1	[      3]
152   	0     	      8	   NeutLargeDark	    301.9414	   2312.50	    0.0	    00000000     00000000	   1	[      5]
153   	0     	      7	  NegSmallBright	    304.3242	   2382.81	    0.0	    00000000     00000000	   1	[      4]
154   	0     	      7	  NegSmallBright	    306.8086	   2484.38	    0.0	    00000000     00000000	   1	[      4]
155   	0     	     13	     condition13	    309.0625	   2253.91	    0.0	    00000000     00000000	   1	[       ]
156   	0     	      2	      condition2	    309.6836	    621.09	    0.0	    00000000     00000000	   1	[       ]
157   	0     	     10	 NeutLargeBright	    311.5898	   1906.25	    0.0	    00000000     00000000	   1	[      7]
158   	0     	     10	 NeutLargeBright	    314.0430	   2453.12	    0.0	    00000000     00000000	   1	[      7]
159   	0     	      6	  NegLargeBright	    316.3984	   2355.47	    0.0	    00000000     00000000	   1	[      3]
160   	0     	      8	   NeutLargeDark	    318.6719	   2273.44	    0.0	    00000000     00000000	   1	[      5]
161   	0     	      6	  NegLargeBright	    321.1836	   2511.72	    0.0	    00000000     00000000	   1	[      3]
162   	0     	    253	              ""	    324.0156	   2832.03	    0.0	    00000000     00000000	   1	[       ]
163   	0     	      6	  NegLargeBright	    325.0352	   1019.53	    0.0	    00000000     00000000	   1	[      3]
164   	0     	      8	   NeutLargeDark	    327.4570	   2421.88	    0.0	    00000000     00000000	   1	[      5]
165   	0     	     15	     condition15	    329.9609	   2503.91	    0.0	    00000000     00000000	   1	[       ]
166   	0     	      2	      condition2	    330.8477	    886.72	    0.0	    00000000     00000000	   1	[       ]
167   	0     	      6	  NegLargeBright	    332.4883	   1640.62	    0.0	    00000000     00000000	   1	[      3]
168   	0     	      9	   NeutSmallDark	    334.7617	   2273.44	    0.0	    00000000     00000000	   1	[      6]
169   	0     	     14	     condition14	    336.9648	   2203.12	    0.0	    00000000     00000000	   1	[       ]
170   	0     	      2	      condition2	    337.6172	    652.34	    0.0	    00000000     00000000	   1	[       ]
171   	0     	     14	     condition14	    339.3477	   1730.47	    0.0	    00000000     00000000	   1	[       ]
172   	0     	      2	      condition2	    339.9453	    597.66	    0.0	    00000000     00000000	   1	[       ]
173   	0     	     13	     condition13	    341.5938	   1648.44	    0.0	    00000000     00000000	   1	[       ]
174   	0     	      2	      condition2	    342.0312	    437.50	    0.0	    00000000     00000000	   1	[       ]
175   	0     	      8	   NeutLargeDark	    343.8047	   1773.44	    0.0	    00000000     00000000	   1	[      5]
176   	0     	     13	     condition13	    346.1406	   2335.94	    0.0	    00000000     00000000	   1	[       ]
177   	0     	      2	      condition2	    346.5898	    449.22	    0.0	    00000000     00000000	   1	[       ]
178   	0     	      4	    NegLargeDark	    348.2734	   1683.59	    0.0	    00000000     00000000	   1	[      1]
179   	0     	     13	     condition13	    350.7070	   2433.59	    0.0	    00000000     00000000	   1	[       ]
180   	0     	      2	      condition2	    351.2461	    539.06	    0.0	    00000000     00000000	   1	[       ]
181   	0     	     11	 NeutSmallBright	    353.1445	   1898.44	    0.0	    00000000     00000000	   1	[      8]
182   	0     	      4	    NegLargeDark	    355.6172	   2472.66	    0.0	    00000000     00000000	   1	[      1]
183   	0     	      8	   NeutLargeDark	    358.0117	   2394.53	    0.0	    00000000     00000000	   1	[      5]
184   	0     	      9	   NeutSmallDark	    360.2461	   2234.38	    0.0	    00000000     00000000	   1	[      6]
185   	0     	     11	 NeutSmallBright	    362.4883	   2242.19	    0.0	    00000000     00000000	   1	[      8]
186   	0     	     10	 NeutLargeBright	    364.9531	   2464.84	    0.0	    00000000     00000000	   1	[      7]
187   	0     	      8	   NeutLargeDark	    367.4492	   2496.09	    0.0	    00000000     00000000	   1	[      5]
188   	0     	      8	   NeutLargeDark	    369.9609	   2511.72	    0.0	    00000000     00000000	   1	[      5]
189   	0     	     11	 NeutSmallBright	    372.3555	   2394.53	    0.0	    00000000     00000000	   1	[      8]
190   	0     	     11	 NeutSmallBright	    374.8125	   2457.03	    0.0	    00000000     00000000	   1	[      8]
191   	0     	     10	 NeutLargeBright	    377.0547	   2242.19	    0.0	    00000000     00000000	   1	[      7]
192   	0     	      8	   NeutLargeDark	    379.1406	   2085.94	    0.0	    00000000     00000000	   1	[      5]
193   	0     	      5	    NegSmallDark	    381.5938	   2453.12	    0.0	    00000000     00000000	   1	[      2]
194   	0     	      5	    NegSmallDark	    384.0273	   2433.59	    0.0	    00000000     00000000	   1	[      2]
195   	0     	      8	   NeutLargeDark	    386.5000	   2472.66	    0.0	    00000000     00000000	   1	[      5]
196   	0     	      5	    NegSmallDark	    388.9766	   2476.56	    0.0	    00000000     00000000	   1	[      2]
197   	0     	      4	    NegLargeDark	    391.4219	   2445.31	    0.0	    00000000     00000000	   1	[      1]
198   	0     	      5	    NegSmallDark	    393.7734	   2351.56	    0.0	    00000000     00000000	   1	[      2]
199   	0     	      7	  NegSmallBright	    396.1680	   2394.53	    0.0	    00000000     00000000	   1	[      4]
200   	0     	      7	  NegSmallBright	    398.3008	   2132.81	    0.0	    00000000     00000000	   1	[      4]
201   	0     	      8	   NeutLargeDark	    400.4258	   2125.00	    0.0	    00000000     00000000	   1	[      5]
202   	0     	     11	 NeutSmallBright	    402.6992	   2273.44	    0.0	    00000000     00000000	   1	[      8]
203   	0     	      7	  NegSmallBright	    404.7539	   2054.69	    0.0	    00000000     00000000	   1	[      4]
204   	0     	      6	  NegLargeBright	    407.0195	   2265.62	    0.0	    00000000     00000000	   1	[      3]
205   	0     	      9	   NeutSmallDark	    409.4102	   2390.62	    0.0	    00000000     00000000	   1	[      6]
206   	0     	      7	  NegSmallBright	    411.9258	   2515.62	    0.0	    00000000     00000000	   1	[      4]
207   	0     	     11	 NeutSmallBright	    414.1406	   2214.84	    0.0	    00000000     00000000	   1	[      8]
208   	0     	      6	  NegLargeBright	    416.5234	   2382.81	    0.0	    00000000     00000000	   1	[      3]
209   	0     	     11	 NeutSmallBright	    419.0273	   2503.91	    0.0	    00000000     00000000	   1	[      8]
210   	0     	     10	 NeutLargeBright	    421.1914	   2164.06	    0.0	    00000000     00000000	   1	[      7]
211   	0     	      6	  NegLargeBright	    423.7188	   2527.34	    0.0	    00000000     00000000	   1	[      3]
212   	0     	     11	 NeutSmallBright	    425.8125	   2093.75	    0.0	    00000000     00000000	   1	[      8]
213   	0     	      4	    NegLargeDark	    428.1133	   2300.78	    0.0	    00000000     00000000	   1	[      1]
214   	0     	      4	    NegLargeDark	    430.3477	   2234.38	    0.0	    00000000     00000000	   1	[      1]
215   	0     	     11	 NeutSmallBright	    432.5234	   2175.78	    0.0	    00000000     00000000	   1	[      8]
216   	0     	      7	  NegSmallBright	    434.6172	   2093.75	    0.0	    00000000     00000000	   1	[      4]
217   	0     	     10	 NeutLargeBright	    436.7891	   2171.88	    0.0	    00000000     00000000	   1	[      7]
218   	0     	     11	 NeutSmallBright	    438.8320	   2042.97	    0.0	    00000000     00000000	   1	[      8]
219   	0     	     11	 NeutSmallBright	    441.3281	   2496.09	    0.0	    00000000     00000000	   1	[      8]
220   	0     	      7	  NegSmallBright	    443.8320	   2503.91	    0.0	    00000000     00000000	   1	[      4]
221   	0     	      5	    NegSmallDark	    446.3281	   2496.09	    0.0	    00000000     00000000	   1	[      2]
222   	0     	     11	 NeutSmallBright	    448.3594	   2031.25	    0.0	    00000000     00000000	   1	[      8]
223   	0     	     15	     condition15	    450.6328	   2273.44	    0.0	    00000000     00000000	   1	[       ]
224   	0     	      7	  NegSmallBright	    453.1602	   2527.34	    0.0	    00000000     00000000	   1	[      4]
225   	0     	     15	     condition15	    455.4922	   2332.03	    0.0	    00000000     00000000	   1	[       ]
226   	0     	      2	      condition2	    456.5977	   1105.47	    0.0	    00000000     00000000	   1	[       ]
227   	0     	     10	 NeutLargeBright	    457.7578	   1160.16	    0.0	    00000000     00000000	   1	[      7]
228   	0     	      4	    NegLargeDark	    459.9102	   2152.34	    0.0	    00000000     00000000	   1	[      1]
229   	0     	     15	     condition15	    462.0430	   2132.81	    0.0	    00000000     00000000	   1	[       ]
230   	0     	      2	      condition2	    462.8125	    769.53	    0.0	    00000000     00000000	   1	[       ]
231   	0     	     11	 NeutSmallBright	    464.0664	   1253.91	    0.0	    00000000     00000000	   1	[      8]
232   	0     	      5	    NegSmallDark	    466.5742	   2507.81	    0.0	    00000000     00000000	   1	[      2]
233   	0     	      9	   NeutSmallDark	    468.7461	   2171.88	    0.0	    00000000     00000000	   1	[      6]
234   	0     	      7	  NegSmallBright	    470.9883	   2242.19	    0.0	    00000000     00000000	   1	[      4]
235   	0     	      5	    NegSmallDark	    473.0430	   2054.69	    0.0	    00000000     00000000	   1	[      2]
236   	0     	      6	  NegLargeBright	    475.3086	   2265.62	    0.0	    00000000     00000000	   1	[      3]
237   	0     	     10	 NeutLargeBright	    477.3711	   2062.50	    0.0	    00000000     00000000	   1	[      7]
238   	0     	      6	  NegLargeBright	    479.7969	   2425.78	    0.0	    00000000     00000000	   1	[      3]
239   	0     	      4	    NegLargeDark	    482.2383	   2441.41	    0.0	    00000000     00000000	   1	[      1]
240   	0     	      5	    NegSmallDark	    484.3633	   2125.00	    0.0	    00000000     00000000	   1	[      2]
241   	0     	    253	              ""	    486.5000	   2136.72	    0.0	    00000000     00000000	   1	[       ]
242   	0     	      6	  NegLargeBright	    487.5117	   1011.72	    0.0	    00000000     00000000	   1	[      3]
243   	0     	     11	 NeutSmallBright	    490.0273	   2515.62	    0.0	    00000000     00000000	   1	[      8]
244   	0     	     11	 NeutSmallBright	    492.1719	   2144.53	    0.0	    00000000     00000000	   1	[      8]
245   	0     	      9	   NeutSmallDark	    494.3125	   2140.62	    0.0	    00000000     00000000	   1	[      6]
246   	0     	      6	  NegLargeBright	    496.5586	   2246.09	    0.0	    00000000     00000000	   1	[      3]
247   	0     	     15	     condition15	    498.6406	   2082.03	    0.0	    00000000     00000000	   1	[       ]
248   	0     	      2	      condition2	    499.2812	    640.62	    0.0	    00000000     00000000	   1	[       ]
249   	0     	      5	    NegSmallDark	    500.9062	   1625.00	    0.0	    00000000     00000000	   1	[      2]
250   	0     	     12	     condition12	    503.0273	   2121.09	    0.0	    00000000     00000000	   1	[       ]
251   	0     	      2	      condition2	    503.5352	    507.81	    0.0	    00000000     00000000	   1	[       ]
252   	0     	      4	    NegLargeDark	    505.4453	   1910.16	    0.0	    00000000     00000000	   1	[      1]
253   	0     	      5	    NegSmallDark	    507.7578	   2312.50	    0.0	    00000000     00000000	   1	[      2]
254   	0     	      9	   NeutSmallDark	    510.1523	   2394.53	    0.0	    00000000     00000000	   1	[      6]
255   	0     	      8	   NeutLargeDark	    512.4961	   2343.75	    0.0	    00000000     00000000	   1	[      5]
256   	0     	      6	  NegLargeBright	    514.6680	   2171.88	    0.0	    00000000     00000000	   1	[      3]
257   	0     	      6	  NegLargeBright	    517.1523	   2484.38	    0.0	    00000000     00000000	   1	[      3]
258   	0     	      9	   NeutSmallDark	    519.6172	   2464.84	    0.0	    00000000     00000000	   1	[      6]
259   	0     	     10	 NeutLargeBright	    521.7227	   2105.47	    0.0	    00000000     00000000	   1	[      7]
260   	0     	      7	  NegSmallBright	    524.1875	   2464.84	    0.0	    00000000     00000000	   1	[      4]
261   	0     	     11	 NeutSmallBright	    526.3203	   2132.81	    0.0	    00000000     00000000	   1	[      8]
262   	0     	      4	    NegLargeDark	    528.6055	   2285.16	    0.0	    00000000     00000000	   1	[      1]
263   	0     	      9	   NeutSmallDark	    531.0000	   2394.53	    0.0	    00000000     00000000	   1	[      6]
264   	0     	      5	    NegSmallDark	    533.4922	   2492.19	    0.0	    00000000     00000000	   1	[      2]
265   	0     	     12	     condition12	    535.6484	   2156.25	    0.0	    00000000     00000000	   1	[       ]
266   	0     	      2	      condition2	    536.3398	    691.41	    0.0	    00000000     00000000	   1	[       ]
267   	0     	      6	  NegLargeBright	    537.7695	   1429.69	    0.0	    00000000     00000000	   1	[      3]
268   	0     	      9	   NeutSmallDark	    540.1055	   2335.94	    0.0	    00000000     00000000	   1	[      6]
269   	0     	     14	     condition14	    542.2383	   2132.81	    0.0	    00000000     00000000	   1	[       ]
270   	0     	      2	      condition2	    542.9141	    675.78	    0.0	    00000000     00000000	   1	[       ]
271   	0     	      9	   NeutSmallDark	    544.3906	   1476.56	    0.0	    00000000     00000000	   1	[      6]
272   	0     	      5	    NegSmallDark	    546.4141	   2023.44	    0.0	    00000000     00000000	   1	[      2]
273   	0     	     15	     condition15	    548.6289	   2214.84	    0.0	    00000000     00000000	   1	[       ]
274   	0     	      7	  NegSmallBright	    551.0938	   2464.84	    0.0	    00000000     00000000	   1	[      4]
275   	0     	      9	   NeutSmallDark	    553.5664	   2472.66	    0.0	    00000000     00000000	   1	[      6]
276   	0     	     10	 NeutLargeBright	    555.9609	   2394.53	    0.0	    00000000     00000000	   1	[      7]
277   	0     	     10	 NeutLargeBright	    558.0156	   2054.69	    0.0	    00000000     00000000	   1	[      7]
278   	0     	     14	     condition14	    560.4297	   2414.06	    0.0	    00000000     00000000	   1	[       ]
279   	0     	      2	      condition2	    561.0078	    578.12	    0.0	    00000000     00000000	   1	[       ]
280   	0     	     12	     condition12	    562.7461	   1738.28	    0.0	    00000000     00000000	   1	[       ]
281   	0     	      2	      condition2	    563.5195	    773.44	    0.0	    00000000     00000000	   1	[       ]
282   	0     	      7	  NegSmallBright	    564.9180	   1398.44	    0.0	    00000000     00000000	   1	[      4]
283   	0     	      7	  NegSmallBright	    567.0234	   2105.47	    0.0	    00000000     00000000	   1	[      4]
284   	0     	      6	  NegLargeBright	    569.3945	   2371.09	    0.0	    00000000     00000000	   1	[      3]
285   	0     	     12	     condition12	    571.8906	   2496.09	    0.0	    00000000     00000000	   1	[       ]
286   	0     	      2	      condition2	    572.3945	    503.91	    0.0	    00000000     00000000	   1	[       ]
287   	0     	      4	    NegLargeDark	    574.0859	   1691.41	    0.0	    00000000     00000000	   1	[      1]
288   	0     	     10	 NeutLargeBright	    576.4102	   2324.22	    0.0	    00000000     00000000	   1	[      7]
289   	0     	      9	   NeutSmallDark	    578.7227	   2312.50	    0.0	    00000000     00000000	   1	[      6]
290   	0     	      8	   NeutLargeDark	    580.9062	   2183.59	    0.0	    00000000     00000000	   1	[      5]
291   	0     	      4	    NegLargeDark	    583.1094	   2203.12	    0.0	    00000000     00000000	   1	[      1]
292   	0     	      5	    NegSmallDark	    585.1445	   2035.16	    0.0	    00000000     00000000	   1	[      2]
293   	0     	      6	  NegLargeBright	    587.2070	   2062.50	    0.0	    00000000     00000000	   1	[      3]
294   	0     	      6	  NegLargeBright	    589.6211	   2414.06	    0.0	    00000000     00000000	   1	[      3]
295   	0     	      4	    NegLargeDark	    592.0273	   2406.25	    0.0	    00000000     00000000	   1	[      1]
296   	0     	      7	  NegSmallBright	    594.4609	   2433.59	    0.0	    00000000     00000000	   1	[      4]
297   	0     	      8	   NeutLargeDark	    596.6523	   2191.41	    0.0	    00000000     00000000	   1	[      5]
298   	0     	      6	  NegLargeBright	    599.1484	   2496.09	    0.0	    00000000     00000000	   1	[      3]
299   	0     	      4	    NegLargeDark	    601.3320	   2183.59	    0.0	    00000000     00000000	   1	[      1]
300   	0     	      6	  NegLargeBright	    603.5273	   2195.31	    0.0	    00000000     00000000	   1	[      3]
301   	0     	     15	     condition15	    606.0195	   2492.19	    0.0	    00000000     00000000	   1	[       ]
302   	0     	      2	      condition2	    606.7031	    683.59	    0.0	    00000000     00000000	   1	[       ]
303   	0     	      9	   NeutSmallDark	    608.3125	   1609.38	    0.0	    00000000     00000000	   1	[      6]
304   	0     	      5	    NegSmallDark	    610.4570	   2144.53	    0.0	    00000000     00000000	   1	[      2]
305   	0     	     14	     condition14	    612.9844	   2527.34	    0.0	    00000000     00000000	   1	[       ]
306   	0     	      2	      condition2	    613.4922	    507.81	    0.0	    00000000     00000000	   1	[       ]
307   	0     	      5	    NegSmallDark	    615.4883	   1996.09	    0.0	    00000000     00000000	   1	[      2]
308   	0     	     10	 NeutLargeBright	    617.5391	   2050.78	    0.0	    00000000     00000000	   1	[      7]
309   	0     	      4	    NegLargeDark	    619.5859	   2046.88	    0.0	    00000000     00000000	   1	[      1]
310   	0     	     12	     condition12	    622.0000	   2414.06	    0.0	    00000000     00000000	   1	[       ]
311   	0     	      2	      condition2	    622.6055	    605.47	    0.0	    00000000     00000000	   1	[       ]
312   	0     	     12	     condition12	    624.0703	   1464.84	    0.0	    00000000     00000000	   1	[       ]
313   	0     	      2	      condition2	    624.8359	    765.62	    0.0	    00000000     00000000	   1	[       ]
314   	0     	      9	   NeutSmallDark	    626.3242	   1488.28	    0.0	    00000000     00000000	   1	[      6]
315   	0     	      4	    NegLargeDark	    628.7891	   2464.84	    0.0	    00000000     00000000	   1	[      1]
316   	0     	      7	  NegSmallBright	    630.8750	   2085.94	    0.0	    00000000     00000000	   1	[      4]
317   	0     	      7	  NegSmallBright	    633.2578	   2382.81	    0.0	    00000000     00000000	   1	[      4]
318   	0     	     10	 NeutLargeBright	    635.5430	   2285.16	    0.0	    00000000     00000000	   1	[      7]
319   	0     	     10	 NeutLargeBright	    638.0469	   2503.91	    0.0	    00000000     00000000	   1	[      7]
320   	0     	      5	    NegSmallDark	    640.0703	   2023.44	    0.0	    00000000     00000000	   1	[      2]
321   	0     	     11	 NeutSmallBright	    642.2734	   2203.12	    0.0	    00000000     00000000	   1	[      8]
322   	0     	      6	  NegLargeBright	    644.4375	   2164.06	    0.0	    00000000     00000000	   1	[      3]
323   	0     	      2	      condition2	    647.1289	   2691.41	    0.0	    00000000     00000000	   1	[       ]
324   	0     	     10	 NeutLargeBright	    647.8906	    761.72	    0.0	    00000000     00000000	   1	[      7]
325   	0     	      7	  NegSmallBright	    650.2930	   2402.34	    0.0	    00000000     00000000	   1	[      4]
326   	0     	     10	 NeutLargeBright	    652.6172	   2324.22	    0.0	    00000000     00000000	   1	[      7]
327   	0     	      6	  NegLargeBright	    655.1445	   2527.34	    0.0	    00000000     00000000	   1	[      3]
328   	0     	      9	   NeutSmallDark	    657.1680	   2023.44	    0.0	    00000000     00000000	   1	[      6]
329   	0     	      8	   NeutLargeDark	    659.6211	   2453.12	    0.0	    00000000     00000000	   1	[      5]
330   	0     	      4	    NegLargeDark	    661.9141	   2292.97	    0.0	    00000000     00000000	   1	[      1]
331   	0     	     10	 NeutLargeBright	    664.1680	   2253.91	    0.0	    00000000     00000000	   1	[      7]
332   	0     	     13	     condition13	    666.5117	   2343.75	    0.0	    00000000     00000000	   1	[       ]
333   	0     	      2	      condition2	    667.1602	    648.44	    0.0	    00000000     00000000	   1	[       ]
334   	0     	      5	    NegSmallDark	    668.9375	   1777.34	    0.0	    00000000     00000000	   1	[      2]
335   	0     	      8	   NeutLargeDark	    671.3008	   2363.28	    0.0	    00000000     00000000	   1	[      5]
336   	0     	     11	 NeutSmallBright	    673.5352	   2234.38	    0.0	    00000000     00000000	   1	[      8]
337   	0     	      5	    NegSmallDark	    675.7500	   2214.84	    0.0	    00000000     00000000	   1	[      2]
338   	0     	      9	   NeutSmallDark	    677.8242	   2074.22	    0.0	    00000000     00000000	   1	[      6]
339   	0     	      8	   NeutLargeDark	    680.0352	   2210.94	    0.0	    00000000     00000000	   1	[      5]
340   	0     	     11	 NeutSmallBright	    682.0703	   2035.16	    0.0	    00000000     00000000	   1	[      8]
341   	0     	      4	    NegLargeDark	    684.2344	   2164.06	    0.0	    00000000     00000000	   1	[      1]
342   	0     	     10	 NeutLargeBright	    686.3789	   2144.53	    0.0	    00000000     00000000	   1	[      7]
343   	0     	      7	  NegSmallBright	    688.5117	   2132.81	    0.0	    00000000     00000000	   1	[      4]
344   	0     	      9	   NeutSmallDark	    690.8438	   2332.03	    0.0	    00000000     00000000	   1	[      6]
345   	0     	      8	   NeutLargeDark	    693.0391	   2195.31	    0.0	    00000000     00000000	   1	[      5]
346   	0     	      9	   NeutSmallDark	    695.5039	   2464.84	    0.0	    00000000     00000000	   1	[      6]
347   	0     	      6	  NegLargeBright	    697.5781	   2074.22	    0.0	    00000000     00000000	   1	[      3]
348   	0     	     11	 NeutSmallBright	    700.0312	   2453.12	    0.0	    00000000     00000000	   1	[      8]
349   	0     	     15	     condition15	    702.1367	   2105.47	    0.0	    00000000     00000000	   1	[       ]
350   	0     	      2	      condition2	    702.7695	    632.81	    0.0	    00000000     00000000	   1	[       ]
351   	0     	     13	     condition13	    704.4609	   1691.41	    0.0	    00000000     00000000	   1	[       ]
352   	0     	      2	      condition2	    704.9766	    515.62	    0.0	    00000000     00000000	   1	[       ]
353   	0     	      9	   NeutSmallDark	    706.8320	   1855.47	    0.0	    00000000     00000000	   1	[      6]
354   	0     	      7	  NegSmallBright	    709.2891	   2457.03	    0.0	    00000000     00000000	   1	[      4]
355   	0     	     15	     condition15	    711.4727	   2183.59	    0.0	    00000000     00000000	   1	[       ]
356   	0     	      2	      condition2	    712.0781	    605.47	    0.0	    00000000     00000000	   1	[       ]
357   	0     	      6	  NegLargeBright	    713.5742	   1496.09	    0.0	    00000000     00000000	   1	[      3]
358   	0     	     15	     condition15	    715.8477	   2273.44	    0.0	    00000000     00000000	   1	[       ]
359   	0     	      2	      condition2	    716.4453	    597.66	    0.0	    00000000     00000000	   1	[       ]
360   	0     	      7	  NegSmallBright	    717.9844	   1539.06	    0.0	    00000000     00000000	   1	[      4]
361   	0     	      4	    NegLargeDark	    720.2773	   2292.97	    0.0	    00000000     00000000	   1	[      1]
362   	0     	      9	   NeutSmallDark	    722.7734	   2496.09	    0.0	    00000000     00000000	   1	[      6]
363   	0     	     11	 NeutSmallBright	    725.2852	   2511.72	    0.0	    00000000     00000000	   1	[      8]
364   	0     	      7	  NegSmallBright	    727.4492	   2164.06	    0.0	    00000000     00000000	   1	[      4]
365   	0     	      6	  NegLargeBright	    729.5117	   2062.50	    0.0	    00000000     00000000	   1	[      3]
366   	0     	     10	 NeutLargeBright	    731.9688	   2457.03	    0.0	    00000000     00000000	   1	[      7]
367   	0     	      9	   NeutSmallDark	    734.0430	   2074.22	    0.0	    00000000     00000000	   1	[      6]
368   	0     	      7	  NegSmallBright	    736.4961	   2453.12	    0.0	    00000000     00000000	   1	[      4]
369   	0     	     11	 NeutSmallBright	    738.5312	   2035.16	    0.0	    00000000     00000000	   1	[      8]
370   	0     	      8	   NeutLargeDark	    740.9922	   2460.94	    0.0	    00000000     00000000	   1	[      5]
371   	0     	     11	 NeutSmallBright	    743.0859	   2093.75	    0.0	    00000000     00000000	   1	[      8]
372   	0     	      8	   NeutLargeDark	    745.1797	   2093.75	    0.0	    00000000     00000000	   1	[      5]
373   	0     	      4	    NegLargeDark	    747.6172	   2437.50	    0.0	    00000000     00000000	   1	[      1]
374   	0     	     11	 NeutSmallBright	    749.9492	   2332.03	    0.0	    00000000     00000000	   1	[      8]
375   	0     	      4	    NegLargeDark	    752.2031	   2253.91	    0.0	    00000000     00000000	   1	[      1]
376   	0     	     10	 NeutLargeBright	    754.3672	   2164.06	    0.0	    00000000     00000000	   1	[      7]
377   	0     	      7	  NegSmallBright	    756.5430	   2175.78	    0.0	    00000000     00000000	   1	[      4]
378   	0     	     11	 NeutSmallBright	    759.0469	   2503.91	    0.0	    00000000     00000000	   1	[      8]
379   	0     	      7	  NegSmallBright	    761.4414	   2394.53	    0.0	    00000000     00000000	   1	[      4]
380   	0     	     15	     condition15	    763.7344	   2292.97	    0.0	    00000000     00000000	   1	[       ]
381   	0     	      2	      condition2	    764.3984	    664.06	    0.0	    00000000     00000000	   1	[       ]
382   	0     	     15	     condition15	    765.9180	   1519.53	    0.0	    00000000     00000000	   1	[       ]
383   	0     	      2	      condition2	    766.6719	    753.91	    0.0	    00000000     00000000	   1	[       ]
384   	0     	      6	  NegLargeBright	    768.4414	   1769.53	    0.0	    00000000     00000000	   1	[      3]
385   	0     	      5	    NegSmallDark	    770.7266	   2285.16	    0.0	    00000000     00000000	   1	[      2]
386   	0     	      9	   NeutSmallDark	    773.1211	   2394.53	    0.0	    00000000     00000000	   1	[      6]
387   	0     	      9	   NeutSmallDark	    775.2734	   2152.34	    0.0	    00000000     00000000	   1	[      6]
388   	0     	      9	   NeutSmallDark	    777.6680	   2394.53	    0.0	    00000000     00000000	   1	[      6]
389   	0     	      7	  NegSmallBright	    780.1836	   2515.62	    0.0	    00000000     00000000	   1	[      4]
390   	0     	      7	  NegSmallBright	    782.6484	   2464.84	    0.0	    00000000     00000000	   1	[      4]
391   	0     	      8	   NeutLargeDark	    784.7109	   2062.50	    0.0	    00000000     00000000	   1	[      5]
392   	0     	     10	 NeutLargeBright	    786.9844	   2273.44	    0.0	    00000000     00000000	   1	[      7]
393   	0     	      5	    NegSmallDark	    789.0898	   2105.47	    0.0	    00000000     00000000	   1	[      2]
394   	0     	      9	   NeutSmallDark	    791.2734	   2183.59	    0.0	    00000000     00000000	   1	[      6]
395   	0     	      7	  NegSmallBright	    793.7656	   2492.19	    0.0	    00000000     00000000	   1	[      4]
396   	0     	      8	   NeutLargeDark	    796.1016	   2335.94	    0.0	    00000000     00000000	   1	[      5]
397   	0     	      8	   NeutLargeDark	    798.2852	   2183.59	    0.0	    00000000     00000000	   1	[      5]
398   	0     	     10	 NeutLargeBright	    800.5898	   2304.69	    0.0	    00000000     00000000	   1	[      7]
399   	0     	      7	  NegSmallBright	    802.9141	   2324.22	    0.0	    00000000     00000000	   1	[      4]
400   	0     	      7	  NegSmallBright	    805.3867	   2472.66	    0.0	    00000000     00000000	   1	[      4]
401   	0     	     14	     condition14	    808.1641	   2777.34	    0.0	    00000000     00000000	   1	[       ]
402   	0     	      2	      condition2	    808.8516	    687.50	    0.0	    00000000     00000000	   1	[       ]
403   	0     	      6	  NegLargeBright	    810.5586	   1707.03	    0.0	    00000000     00000000	   1	[      3]
404   	0     	     13	     condition13	    812.7422	   2183.59	    0.0	    00000000     00000000	   1	[       ]
405   	0     	      2	      condition2	    813.4062	    664.06	    0.0	    00000000     00000000	   1	[       ]
406   	0     	     14	     condition14	    814.7734	   1367.19	    0.0	    00000000     00000000	   1	[       ]
407   	0     	      2	      condition2	    815.5469	    773.44	    0.0	    00000000     00000000	   1	[       ]
408   	0     	     11	 NeutSmallBright	    816.8672	   1320.31	    0.0	    00000000     00000000	   1	[      8]
409   	0     	      8	   NeutLargeDark	    819.3945	   2527.34	    0.0	    00000000     00000000	   1	[      5]
410   	0     	     14	     condition14	    821.5859	   2191.41	    0.0	    00000000     00000000	   1	[       ]
411   	0     	      2	      condition2	    822.3086	    722.66	    0.0	    00000000     00000000	   1	[       ]
412   	0     	      6	  NegLargeBright	    823.9609	   1652.34	    0.0	    00000000     00000000	   1	[      3]
413   	0     	      6	  NegLargeBright	    826.2070	   2246.09	    0.0	    00000000     00000000	   1	[      3]
414   	0     	      5	    NegSmallDark	    828.3789	   2171.88	    0.0	    00000000     00000000	   1	[      2]
415   	0     	     12	     condition12	    830.9023	   2523.44	    0.0	    00000000     00000000	   1	[       ]
416   	0     	      2	      condition2	    831.4023	    500.00	    0.0	    00000000     00000000	   1	[       ]
417   	0     	      7	  NegSmallBright	    833.2891	   1886.72	    0.0	    00000000     00000000	   1	[      4]
418   	0     	      5	    NegSmallDark	    835.7617	   2472.66	    0.0	    00000000     00000000	   1	[      2]
419   	0     	      5	    NegSmallDark	    838.0273	   2265.62	    0.0	    00000000     00000000	   1	[      2]
420   	0     	      9	   NeutSmallDark	    840.1406	   2113.28	    0.0	    00000000     00000000	   1	[      6]
421   	0     	      4	    NegLargeDark	    842.4648	   2324.22	    0.0	    00000000     00000000	   1	[      1]
422   	0     	      8	   NeutLargeDark	    844.9883	   2523.44	    0.0	    00000000     00000000	   1	[      5]
423   	0     	     11	 NeutSmallBright	    847.1328	   2144.53	    0.0	    00000000     00000000	   1	[      8]
424   	0     	     11	 NeutSmallBright	    849.2852	   2152.34	    0.0	    00000000     00000000	   1	[      8]
425   	0     	     10	 NeutLargeBright	    851.4180	   2132.81	    0.0	    00000000     00000000	   1	[      7]
426   	0     	      4	    NegLargeDark	    853.4844	   2066.41	    0.0	    00000000     00000000	   1	[      1]
427   	0     	      5	    NegSmallDark	    855.8281	   2343.75	    0.0	    00000000     00000000	   1	[      2]
428   	0     	     10	 NeutLargeBright	    858.2422	   2414.06	    0.0	    00000000     00000000	   1	[      7]
429   	0     	      4	    NegLargeDark	    860.7344	   2492.19	    0.0	    00000000     00000000	   1	[      1]
430   	0     	      5	    NegSmallDark	    863.1016	   2367.19	    0.0	    00000000     00000000	   1	[      2]
431   	0     	      5	    NegSmallDark	    865.4844	   2382.81	    0.0	    00000000     00000000	   1	[      2]
432   	0     	     10	 NeutLargeBright	    867.7188	   2234.38	    0.0	    00000000     00000000	   1	[      7]
433   	0     	      4	    NegLargeDark	    870.2109	   2492.19	    0.0	    00000000     00000000	   1	[      1]
434   	0     	     10	 NeutLargeBright	    872.4180	   2207.03	    0.0	    00000000     00000000	   1	[      7]
435   	0     	      2	      condition2	    872.8516	    433.59	    0.0	    00000000     00000000	   1	[       ]
436   	0     	      9	   NeutSmallDark	    874.7109	   1859.38	    0.0	    00000000     00000000	   1	[      6]
437   	0     	      6	  NegLargeBright	    876.9336	   2222.66	    0.0	    00000000     00000000	   1	[      3]
438   	0     	     11	 NeutSmallBright	    879.2500	   2316.41	    0.0	    00000000     00000000	   1	[      8]
439   	0     	      9	   NeutSmallDark	    881.6133	   2363.28	    0.0	    00000000     00000000	   1	[      6]
440   	0     	      4	    NegLargeDark	    883.7461	   2132.81	    0.0	    00000000     00000000	   1	[      1]
441   	0     	     12	     condition12	    886.2500	   2503.91	    0.0	    00000000     00000000	   1	[       ]
442   	0     	      2	      condition2	    887.1602	    910.16	    0.0	    00000000     00000000	   1	[       ]
443   	0     	      4	    NegLargeDark	    888.3750	   1214.84	    0.0	    00000000     00000000	   1	[      1]
444   	0     	      7	  NegSmallBright	    890.7891	   2414.06	    0.0	    00000000     00000000	   1	[      4]
445   	0     	      5	    NegSmallDark	    893.2734	   2484.38	    0.0	    00000000     00000000	   1	[      2]
446   	0     	      7	  NegSmallBright	    895.3789	   2105.47	    0.0	    00000000     00000000	   1	[      4]
447   	0     	     12	     condition12	    897.4414	   2062.50	    0.0	    00000000     00000000	   1	[       ]
448   	0     	      2	      condition2	    898.0156	    574.22	    0.0	    00000000     00000000	   1	[       ]
449   	0     	      7	  NegSmallBright	    899.4844	   1468.75	    0.0	    00000000     00000000	   1	[      4]
450   	0     	     11	 NeutSmallBright	    901.6562	   2171.88	    0.0	    00000000     00000000	   1	[      8]
451   	0     	      8	   NeutLargeDark	    904.0039	   2347.66	    0.0	    00000000     00000000	   1	[      5]
452   	0     	     11	 NeutSmallBright	    906.2070	   2203.12	    0.0	    00000000     00000000	   1	[      8]
453   	0     	      8	   NeutLargeDark	    908.6992	   2492.19	    0.0	    00000000     00000000	   1	[      5]
454   	0     	     14	     condition14	    911.1562	   2457.03	    0.0	    00000000     00000000	   1	[       ]
455   	0     	      2	      condition2	    911.6836	    527.34	    0.0	    00000000     00000000	   1	[       ]
456   	0     	     10	 NeutLargeBright	    913.6289	   1945.31	    0.0	    00000000     00000000	   1	[      7]
457   	0     	      7	  NegSmallBright	    915.9023	   2273.44	    0.0	    00000000     00000000	   1	[      4]
458   	0     	     10	 NeutLargeBright	    918.2891	   2386.72	    0.0	    00000000     00000000	   1	[      7]
459   	0     	      9	   NeutSmallDark	    920.5312	   2242.19	    0.0	    00000000     00000000	   1	[      6]
460   	0     	     10	 NeutLargeBright	    922.6055	   2074.22	    0.0	    00000000     00000000	   1	[      7]
461   	0     	      8	   NeutLargeDark	    924.9297	   2324.22	    0.0	    00000000     00000000	   1	[      5]
462   	0     	     11	 NeutSmallBright	    927.1523	   2222.66	    0.0	    00000000     00000000	   1	[      8]
463   	0     	      9	   NeutSmallDark	    929.3867	   2234.38	    0.0	    00000000     00000000	   1	[      6]
464   	0     	      6	  NegLargeBright	    931.8125	   2425.78	    0.0	    00000000     00000000	   1	[      3]
465   	0     	     11	 NeutSmallBright	    933.9531	   2140.62	    0.0	    00000000     00000000	   1	[      8]
466   	0     	     10	 NeutLargeBright	    936.1094	   2156.25	    0.0	    00000000     00000000	   1	[      7]
467   	0     	     11	 NeutSmallBright	    938.1406	   2031.25	    0.0	    00000000     00000000	   1	[      8]
468   	0     	     10	 NeutLargeBright	    940.4570	   2316.41	    0.0	    00000000     00000000	   1	[      7]
469   	0     	      5	    NegSmallDark	    942.9414	   2484.38	    0.0	    00000000     00000000	   1	[      2]
470   	0     	      6	  NegLargeBright	    945.0430	   2101.56	    0.0	    00000000     00000000	   1	[      3]
471   	0     	     15	     condition15	    947.1797	   2136.72	    0.0	    00000000     00000000	   1	[       ]
472   	0     	      9	   NeutSmallDark	    949.5039	   2324.22	    0.0	    00000000     00000000	   1	[      6]
473   	0     	      6	  NegLargeBright	    951.8945	   2390.62	    0.0	    00000000     00000000	   1	[      3]
474   	0     	      5	    NegSmallDark	    953.9297	   2035.16	    0.0	    00000000     00000000	   1	[      2]
475   	0     	      5	    NegSmallDark	    956.0352	   2105.47	    0.0	    00000000     00000000	   1	[      2]
476   	0     	      6	  NegLargeBright	    958.5273	   2492.19	    0.0	    00000000     00000000	   1	[      3]
477   	0     	     11	 NeutSmallBright	    960.6523	   2125.00	    0.0	    00000000     00000000	   1	[      8]
478   	0     	      8	   NeutLargeDark	    963.0742	   2421.88	    0.0	    00000000     00000000	   1	[      5]
479   	0     	      6	  NegLargeBright	    965.4219	   2347.66	    0.0	    00000000     00000000	   1	[      3]
480   	0     	    253	              ""	    967.8594	   2437.50	    0.0	    00000000     00000000	   1	[       ]
481   	0     	      5	    NegSmallDark	    968.8516	    992.19	    0.0	    00000000     00000000	   1	[      2]
482   	0     	      5	    NegSmallDark	    970.9336	   2082.03	    0.0	    00000000     00000000	   1	[      2]
483   	0     	     10	 NeutLargeBright	    973.3008	   2367.19	    0.0	    00000000     00000000	   1	[      7]
484   	0     	      8	   NeutLargeDark	    975.5820	   2281.25	    0.0	    00000000     00000000	   1	[      5]
485   	0     	      9	   NeutSmallDark	    977.9766	   2394.53	    0.0	    00000000     00000000	   1	[      6]
486   	0     	     10	 NeutLargeBright	    980.1016	   2125.00	    0.0	    00000000     00000000	   1	[      7]
487   	0     	      4	    NegLargeDark	    982.3867	   2285.16	    0.0	    00000000     00000000	   1	[      1]
488   	0     	      2	      condition2	    982.5625	    175.78	    0.0	    00000000     00000000	   1	[       ]
489   	0     	      4	    NegLargeDark	    984.6719	   2109.38	    0.0	    00000000     00000000	   1	[      1]
490   	0     	      7	  NegSmallBright	    986.8320	   2160.16	    0.0	    00000000     00000000	   1	[      4]
491   	0     	      8	   NeutLargeDark	    989.2188	   2386.72	    0.0	    00000000     00000000	   1	[      5]
492   	0     	      9	   NeutSmallDark	    991.2617	   2042.97	    0.0	    00000000     00000000	   1	[      6]
493   	0     	     14	     condition14	    993.6953	   2433.59	    0.0	    00000000     00000000	   1	[       ]
494   	0     	      2	      condition2	    994.3633	    667.97	    0.0	    00000000     00000000	   1	[       ]
495   	0     	      8	   NeutLargeDark	    996.0391	   1675.78	    0.0	    00000000     00000000	   1	[      5]
496   	0     	      7	  NegSmallBright	    998.2617	   2222.66	    0.0	    00000000     00000000	   1	[      4]
497   	0     	     10	 NeutLargeBright	   1000.6367	   2375.00	    0.0	    00000000     00000000	   1	[      7]
498   	0     	      8	   NeutLargeDark	   1002.8203	   2183.59	    0.0	    00000000     00000000	   1	[      5]
499   	0     	      6	  NegLargeBright	   1005.3047	   2484.38	    0.0	    00000000     00000000	   1	[      3]
500   	0     	      4	    NegLargeDark	   1007.5898	   2285.16	    0.0	    00000000     00000000	   1	[      1]
501   	0     	      7	  NegSmallBright	   1009.6445	   2054.69	    0.0	    00000000     00000000	   1	[      4]
502   	0     	      4	    NegLargeDark	   1011.8984	   2253.91	    0.0	    00000000     00000000	   1	[      1]
503   	0     	      8	   NeutLargeDark	   1014.4219	   2523.44	    0.0	    00000000     00000000	   1	[      5]
504   	0     	     14	     condition14	   1016.6641	   2242.19	    0.0	    00000000     00000000	   1	[       ]
505   	0     	      2	      condition2	   1017.3672	    703.12	    0.0	    00000000     00000000	   1	[       ]
506   	0     	      9	   NeutSmallDark	   1019.0703	   1703.12	    0.0	    00000000     00000000	   1	[      6]
507   	0     	      4	    NegLargeDark	   1021.3359	   2265.62	    0.0	    00000000     00000000	   1	[      1]
508   	0     	     10	 NeutLargeBright	   1023.5195	   2183.59	    0.0	    00000000     00000000	   1	[      7]
509   	0     	     12	     condition12	   1026.0508	   2531.25	    0.0	    00000000     00000000	   1	[       ]
510   	0     	      2	      condition2	   1026.6680	    617.19	    0.0	    00000000     00000000	   1	[       ]
511   	0     	      4	    NegLargeDark	   1028.2656	   1597.66	    0.0	    00000000     00000000	   1	[      1]
512   	0     	      9	   NeutSmallDark	   1030.2891	   2023.44	    0.0	    00000000     00000000	   1	[      6]
513   	0     	      7	  NegSmallBright	   1032.5039	   2214.84	    0.0	    00000000     00000000	   1	[      4]
514   	0     	     13	     condition13	   1034.9688	   2464.84	    0.0	    00000000     00000000	   1	[       ]
515   	0     	      2	      condition2	   1035.5000	    531.25	    0.0	    00000000     00000000	   1	[       ]
516   	0     	      5	    NegSmallDark	   1037.4844	   1984.38	    0.0	    00000000     00000000	   1	[      2]
517   	0     	      5	    NegSmallDark	   1039.8984	   2414.06	    0.0	    00000000     00000000	   1	[      2]
518   	0     	      7	  NegSmallBright	   1042.0508	   2152.34	    0.0	    00000000     00000000	   1	[      4]
519   	0     	     11	 NeutSmallBright	   1044.4258	   2375.00	    0.0	    00000000     00000000	   1	[      8]
520   	0     	     11	 NeutSmallBright	   1046.8984	   2472.66	    0.0	    00000000     00000000	   1	[      8]
521   	0     	     11	 NeutSmallBright	   1049.0547	   2156.25	    0.0	    00000000     00000000	   1	[      8]
522   	0     	      5	    NegSmallDark	   1051.1367	   2082.03	    0.0	    00000000     00000000	   1	[      2]
523   	0     	      7	  NegSmallBright	   1053.6602	   2523.44	    0.0	    00000000     00000000	   1	[      4]
524   	0     	      5	    NegSmallDark	   1055.9141	   2253.91	    0.0	    00000000     00000000	   1	[      2]
525   	0     	      7	  NegSmallBright	   1058.2383	   2324.22	    0.0	    00000000     00000000	   1	[      4]
526   	0     	     13	     condition13	   1060.6445	   2406.25	    0.0	    00000000     00000000	   1	[       ]
527   	0     	      2	      condition2	   1061.2773	    632.81	    0.0	    00000000     00000000	   1	[       ]
528   	0     	      6	  NegLargeBright	   1062.8359	   1558.59	    0.0	    00000000     00000000	   1	[      3]
529   	0     	      9	   NeutSmallDark	   1065.3008	   2464.84	    0.0	    00000000     00000000	   1	[      6]
530   	0     	     13	     condition13	   1067.3359	   2035.16	    0.0	    00000000     00000000	   1	[       ]
531   	0     	      2	      condition2	   1068.0234	    687.50	    0.0	    00000000     00000000	   1	[       ]
532   	0     	      9	   NeutSmallDark	   1069.4883	   1464.84	    0.0	    00000000     00000000	   1	[      6]
533   	0     	     11	 NeutSmallBright	   1071.8828	   2394.53	    0.0	    00000000     00000000	   1	[      8]
534   	0     	      6	  NegLargeBright	   1074.1484	   2265.62	    0.0	    00000000     00000000	   1	[      3]
535   	0     	      8	   NeutLargeDark	   1076.3398	   2191.41	    0.0	    00000000     00000000	   1	[      5]
536   	0     	      4	    NegLargeDark	   1078.7344	   2394.53	    0.0	    00000000     00000000	   1	[      1]
537   	0     	      5	    NegSmallDark	   1080.8281	   2093.75	    0.0	    00000000     00000000	   1	[      2]
538   	0     	      7	  NegSmallBright	   1082.8711	   2042.97	    0.0	    00000000     00000000	   1	[      4]
539   	0     	      8	   NeutLargeDark	   1085.1680	   2296.88	    0.0	    00000000     00000000	   1	[      5]
540   	0     	     10	 NeutLargeBright	   1087.6914	   2523.44	    0.0	    00000000     00000000	   1	[      7]
541   	0     	      4	    NegLargeDark	   1089.9648	   2273.44	    0.0	    00000000     00000000	   1	[      1]
542   	0     	      5	    NegSmallDark	   1092.3984	   2433.59	    0.0	    00000000     00000000	   1	[      2]
543   	0     	      6	  NegLargeBright	   1094.5312	   2132.81	    0.0	    00000000     00000000	   1	[      3]
544   	0     	     12	     condition12	   1096.5664	   2035.16	    0.0	    00000000     00000000	   1	[       ]
545   	0     	      2	      condition2	   1097.2188	    652.34	    0.0	    00000000     00000000	   1	[       ]
546   	0     	     10	 NeutLargeBright	   1098.8711	   1652.34	    0.0	    00000000     00000000	   1	[      7]
547   	0     	     11	 NeutSmallBright	   1100.9258	   2054.69	    0.0	    00000000     00000000	   1	[      8]
548   	0     	      9	   NeutSmallDark	   1103.3281	   2402.34	    0.0	    00000000     00000000	   1	[      6]
549   	0     	     10	 NeutLargeBright	   1105.4219	   2093.75	    0.0	    00000000     00000000	   1	[      7]
550   	0     	     13	     condition13	   1107.7266	   2304.69	    0.0	    00000000     00000000	   1	[       ]
551   	0     	      2	      condition2	   1108.3516	    625.00	    0.0	    00000000     00000000	   1	[       ]
552   	0     	      9	   NeutSmallDark	   1109.9805	   1628.91	    0.0	    00000000     00000000	   1	[      6]
553   	0     	      4	    NegLargeDark	   1112.3555	   2375.00	    0.0	    00000000     00000000	   1	[      1]
554   	0     	     12	     condition12	   1114.5781	   2222.66	    0.0	    00000000     00000000	   1	[       ]
555   	0     	      2	      condition2	   1115.1172	    539.06	    0.0	    00000000     00000000	   1	[       ]
556   	0     	      6	  NegLargeBright	   1116.9805	   1863.28	    0.0	    00000000     00000000	   1	[      3]
557   	0     	     10	 NeutLargeBright	   1119.3672	   2386.72	    0.0	    00000000     00000000	   1	[      7]
558   	0     	     11	 NeutSmallBright	   1121.8711	   2503.91	    0.0	    00000000     00000000	   1	[      8]
559   	0     	      9	   NeutSmallDark	   1124.0430	   2171.88	    0.0	    00000000     00000000	   1	[      6]
560   	0     	      4	    NegLargeDark	   1126.1484	   2105.47	    0.0	    00000000     00000000	   1	[      1]
561   	0     	     13	     condition13	   1129.1445	   2996.09	    0.0	    00000000     00000000	   1	[       ]
562   	0     	      2	      condition2	   1129.6758	    531.25	    0.0	    00000000     00000000	   1	[       ]
563   	0     	      4	    NegLargeDark	   1131.3281	   1652.34	    0.0	    00000000     00000000	   1	[      1]
564   	0     	      7	  NegSmallBright	   1133.4336	   2105.47	    0.0	    00000000     00000000	   1	[      4]
565   	0     	      8	   NeutLargeDark	   1135.6641	   2230.47	    0.0	    00000000     00000000	   1	[      5]
566   	0     	      5	    NegSmallDark	   1138.1406	   2476.56	    0.0	    00000000     00000000	   1	[      2]
567   	0     	      4	    NegLargeDark	   1140.5039	   2363.28	    0.0	    00000000     00000000	   1	[      1]
568   	0     	     14	     condition14	   1142.8672	   2363.28	    0.0	    00000000     00000000	   1	[       ]
569   	0     	      2	      condition2	   1143.4180	    550.78	    0.0	    00000000     00000000	   1	[       ]
570   	0     	     11	 NeutSmallBright	   1145.0312	   1613.28	    0.0	    00000000     00000000	   1	[      8]
571   	0     	      9	   NeutSmallDark	   1147.1875	   2156.25	    0.0	    00000000     00000000	   1	[      6]
572   	0     	     11	 NeutSmallBright	   1149.5898	   2402.34	    0.0	    00000000     00000000	   1	[      8]
573   	0     	     13	     condition13	   1151.7852	   2195.31	    0.0	    00000000     00000000	   1	[       ]
574   	0     	      2	      condition2	   1152.6562	    871.09	    0.0	    00000000     00000000	   1	[       ]
575   	0     	      9	   NeutSmallDark	   1154.0664	   1410.16	    0.0	    00000000     00000000	   1	[      6]
576   	0     	      6	  NegLargeBright	   1156.2617	   2195.31	    0.0	    00000000     00000000	   1	[      3]
577   	0     	     13	     condition13	   1158.7773	   2515.62	    0.0	    00000000     00000000	   1	[       ]
578   	0     	      2	      condition2	   1159.3242	    546.88	    0.0	    00000000     00000000	   1	[       ]
579   	0     	     11	 NeutSmallBright	   1161.0508	   1726.56	    0.0	    00000000     00000000	   1	[      8]
580   	0     	      5	    NegSmallDark	   1163.4141	   2363.28	    0.0	    00000000     00000000	   1	[      2]
581   	0     	      8	   NeutLargeDark	   1165.6797	   2265.62	    0.0	    00000000     00000000	   1	[      5]
582   	0     	      7	  NegSmallBright	   1168.1523	   2472.66	    0.0	    00000000     00000000	   1	[      4]
583   	0     	      7	  NegSmallBright	   1170.2148	   2062.50	    0.0	    00000000     00000000	   1	[      4]
584   	0     	      9	   NeutSmallDark	   1172.3203	   2105.47	    0.0	    00000000     00000000	   1	[      6]
585   	0     	      4	    NegLargeDark	   1174.8633	   2542.97	    0.0	    00000000     00000000	   1	[      1]
586   	0     	      7	  NegSmallBright	   1176.9570	   2093.75	    0.0	    00000000     00000000	   1	[      4]
587   	0     	     12	     condition12	   1179.2617	   2304.69	    0.0	    00000000     00000000	   1	[       ]
588   	0     	      2	      condition2	   1179.7852	    523.44	    0.0	    00000000     00000000	   1	[       ]
589   	0     	      5	    NegSmallDark	   1181.6250	   1839.84	    0.0	    00000000     00000000	   1	[      2]
590   	0     	     12	     condition12	   1184.0820	   2457.03	    0.0	    00000000     00000000	   1	[       ]
591   	0     	      2	      condition2	   1184.5391	    457.03	    0.0	    00000000     00000000	   1	[       ]
592   	0     	     11	 NeutSmallBright	   1186.5039	   1964.84	    0.0	    00000000     00000000	   1	[      8]
593   	0     	     11	 NeutSmallBright	   1188.9297	   2425.78	    0.0	    00000000     00000000	   1	[      8]
594   	0     	      5	    NegSmallDark	   1191.2539	   2324.22	    0.0	    00000000     00000000	   1	[      2]
595   	0     	     11	 NeutSmallBright	   1193.3086	   2054.69	    0.0	    00000000     00000000	   1	[      8]
596   	0     	     10	 NeutLargeBright	   1195.3789	   2070.31	    0.0	    00000000     00000000	   1	[      7]
597   	0     	      6	  NegLargeBright	   1197.7852	   2406.25	    0.0	    00000000     00000000	   1	[      3]
598   	0     	      6	  NegLargeBright	   1199.9375	   2152.34	    0.0	    00000000     00000000	   1	[      3]
599   	0     	      8	   NeutLargeDark	   1202.4141	   2476.56	    0.0	    00000000     00000000	   1	[      5]
600   	0     	      9	   NeutSmallDark	   1204.9258	   2511.72	    0.0	    00000000     00000000	   1	[      6]
601   	0     	     10	 NeutLargeBright	   1207.3633	   2437.50	    0.0	    00000000     00000000	   1	[      7]
602   	0     	     10	 NeutLargeBright	   1209.4141	   2050.78	    0.0	    00000000     00000000	   1	[      7]
603   	0     	      7	  NegSmallBright	   1211.8711	   2457.03	    0.0	    00000000     00000000	   1	[      4]
604   	0     	      5	    NegSmallDark	   1214.1836	   2312.50	    0.0	    00000000     00000000	   1	[      2]
605   	0     	     11	 NeutSmallBright	   1216.6484	   2464.84	    0.0	    00000000     00000000	   1	[      8]
606   	0     	     14	     condition14	   1218.8320	   2183.59	    0.0	    00000000     00000000	   1	[       ]
607   	0     	      2	      condition2	   1219.4766	    644.53	    0.0	    00000000     00000000	   1	[       ]
608   	0     	     15	     condition15	   1221.1758	   1699.22	    0.0	    00000000     00000000	   1	[       ]
609   	0     	      2	      condition2	   1221.7773	    601.56	    0.0	    00000000     00000000	   1	[       ]
610   	0     	     13	     condition13	   1223.3984	   1621.09	    0.0	    00000000     00000000	   1	[       ]
611   	0     	      2	      condition2	   1224.0117	    613.28	    0.0	    00000000     00000000	   1	[       ]
612   	0     	     10	 NeutLargeBright	   1225.9258	   1914.06	    0.0	    00000000     00000000	   1	[      7]
613   	0     	      4	    NegLargeDark	   1227.9570	   2031.25	    0.0	    00000000     00000000	   1	[      1]
614   	0     	     13	     condition13	   1230.4414	   2484.38	    0.0	    00000000     00000000	   1	[       ]
615   	0     	      2	      condition2	   1230.9688	    527.34	    0.0	    00000000     00000000	   1	[       ]
616   	0     	     14	     condition14	   1232.7266	   1757.81	    0.0	    00000000     00000000	   1	[       ]
617   	0     	      2	      condition2	   1233.3594	    632.81	    0.0	    00000000     00000000	   1	[       ]
618   	0     	      8	   NeutLargeDark	   1234.9883	   1628.91	    0.0	    00000000     00000000	   1	[      5]
619   	0     	      5	    NegSmallDark	   1237.3633	   2375.00	    0.0	    00000000     00000000	   1	[      2]
620   	0     	     11	 NeutSmallBright	   1239.5664	   2203.12	    0.0	    00000000     00000000	   1	[      8]
621   	0     	     11	 NeutSmallBright	   1242.0039	   2437.50	    0.0	    00000000     00000000	   1	[      8]
622   	0     	      2	      condition2	   1244.5195	   2515.62	    0.0	    00000000     00000000	   1	[       ]
623   	0     	     11	 NeutSmallBright	   1246.8320	   2312.50	    0.0	    00000000     00000000	   1	[      8]
624   	0     	      9	   NeutSmallDark	   1249.2266	   2394.53	    0.0	    00000000     00000000	   1	[      6]
625   	0     	     12	     condition12	   1251.6484	   2421.88	    0.0	    00000000     00000000	   1	[       ]
626   	0     	      2	      condition2	   1252.2383	    589.84	    0.0	    00000000     00000000	   1	[       ]
627   	0     	      9	   NeutSmallDark	   1253.7539	   1515.62	    0.0	    00000000     00000000	   1	[      6]
628   	0     	      9	   NeutSmallDark	   1256.1992	   2445.31	    0.0	    00000000     00000000	   1	[      6]
629   	0     	     10	 NeutLargeBright	   1258.6328	   2433.59	    0.0	    00000000     00000000	   1	[      7]
630   	0     	      5	    NegSmallDark	   1261.1445	   2511.72	    0.0	    00000000     00000000	   1	[      2]
631   	0     	     12	     condition12	   1263.4688	   2324.22	    0.0	    00000000     00000000	   1	[       ]
632   	0     	      2	      condition2	   1263.9648	    496.09	    0.0	    00000000     00000000	   1	[       ]
633   	0     	     15	     condition15	   1265.5625	   1597.66	    0.0	    00000000     00000000	   1	[       ]
634   	0     	     10	 NeutLargeBright	   1267.9375	   2375.00	    0.0	    00000000     00000000	   1	[      7]
635   	0     	      8	   NeutLargeDark	   1270.1602	   2222.66	    0.0	    00000000     00000000	   1	[      5]
636   	0     	      8	   NeutLargeDark	   1272.2266	   2066.41	    0.0	    00000000     00000000	   1	[      5]
637   	0     	     11	 NeutSmallBright	   1274.5078	   2281.25	    0.0	    00000000     00000000	   1	[      8]
638   	0     	      4	    NegLargeDark	   1276.8320	   2324.22	    0.0	    00000000     00000000	   1	[      1]
639   	0     	      9	   NeutSmallDark	   1279.2891	   2457.03	    0.0	    00000000     00000000	   1	[      6]
640   	0     	     10	 NeutLargeBright	   1281.7812	   2492.19	    0.0	    00000000     00000000	   1	[      7]
641   	0     	      4	    NegLargeDark	   1284.1484	   2367.19	    0.0	    00000000     00000000	   1	[      1]
642   	0     	      2	      condition2	   1284.2305	     82.03	    0.0	    00000000     00000000	   1	[       ]
643   	0     	     11	 NeutSmallBright	   1286.5898	   2359.38	    0.0	    00000000     00000000	   1	[      8]
644   	0     	      4	    NegLargeDark	   1288.8633	   2273.44	    0.0	    00000000     00000000	   1	[      1]
