#  Non-editable header begin --------------------------------------------------------------------------------
# 
#  data format...............: continuous
#  setname...................: BDF file
#  filename..................: none_specified
#  filepath..................: none_specified
#  nchan.....................: 64
#  pnts......................: 328704
#  srate.....................: 256
#  nevents...................: 649
#  generated by (bdf)........: 
#  generated by (set)........: BDF file
#  reported in ..............: 
#  prog Version..............: 8.02
#  creation date.............: 16-Nov-2020 14:56:37
#  user Account..............: 
# 
#  Non-editable header end --------------------------------------------------------------------------------

	bin 1,	# 60,	NegLargeDark
	bin 2,	# 60,	NegSmallDark
	bin 3,	# 60,	NegLargeBright
	bin 4,	# 60,	NegSmallBright
	bin 5,	# 60,	NeutLargeDark
	bin 6,	# 60,	NeutSmallDark
	bin 7,	# 60,	NeutLargeBright
	bin 8,	# 60,	NeutSmallBright



# item	 bepoch	  ecode	            label	      onset	          diff	     dura	b_flags	   a_flags	  enable	    bin
#                                                 (sec)           (msec)     (msec)    (binary)   (binary)


1     	0     	    253	              ""	      0.4531	      0.00	    0.0	    00000000     00000000	   1	[       ]
2     	0     	     11	 NeutSmallBright	      1.4531	   1000.00	    0.0	    00000000     00000000	   1	[      8]
3     	0     	     10	 NeutLargeBright	      3.5547	   2101.56	    0.0	    00000000     00000000	   1	[      7]
4     	0     	     15	     condition15	      6.0195	   2464.84	    0.0	    00000000     00000000	   1	[       ]
5     	0     	      2	      condition2	      7.1758	   1156.25	    0.0	    00000000     00000000	   1	[       ]
6     	0     	     11	 NeutSmallBright	      8.3555	   1179.69	    0.0	    00000000     00000000	   1	[      8]
7     	0     	      7	  NegSmallBright	     10.7070	   2351.56	    0.0	    00000000     00000000	   1	[      4]
8     	0     	     11	 NeutSmallBright	     13.0547	   2347.66	    0.0	    00000000     00000000	   1	[      8]
9     	0     	      8	   NeutLargeDark	     15.2266	   2171.88	    0.0	    00000000     00000000	   1	[      5]
10    	0     	      8	   NeutLargeDark	     17.6016	   2375.00	    0.0	    00000000     00000000	   1	[      5]
11    	0     	      5	    NegSmallDark	     19.9648	   2363.28	    0.0	    00000000     00000000	   1	[      2]
12    	0     	      6	  NegLargeBright	     22.1289	   2164.06	    0.0	    00000000     00000000	   1	[      3]
13    	0     	      4	    NegLargeDark	     24.5820	   2453.12	    0.0	    00000000     00000000	   1	[      1]
14    	0     	      8	   NeutLargeDark	     26.9180	   2335.94	    0.0	    00000000     00000000	   1	[      5]
15    	0     	      6	  NegLargeBright	     28.9609	   2042.97	    0.0	    00000000     00000000	   1	[      3]
16    	0     	     15	     condition15	     31.3555	   2394.53	    0.0	    00000000     00000000	   1	[       ]
17    	0     	      2	      condition2	     32.0977	    742.19	    0.0	    00000000     00000000	   1	[       ]
18    	0     	     11	 NeutSmallBright	     33.8398	   1742.19	    0.0	    00000000     00000000	   1	[      8]
19    	0     	     13	     condition13	     36.2344	   2394.53	    0.0	    00000000     00000000	   1	[       ]
20    	0     	      2	      condition2	     36.7695	    535.16	    0.0	    00000000     00000000	   1	[       ]
21    	0     	     11	 NeutSmallBright	     38.7266	   1957.03	    0.0	    00000000     00000000	   1	[      8]
22    	0     	      6	  NegLargeBright	     41.1836	   2457.03	    0.0	    00000000     00000000	   1	[      3]
23    	0     	      8	   NeutLargeDark	     43.4180	   2234.38	    0.0	    00000000     00000000	   1	[      5]
24    	0     	     11	 NeutSmallBright	     45.6289	   2210.94	    0.0	    00000000     00000000	   1	[      8]
25    	0     	      9	   NeutSmallDark	     48.1250	   2496.09	    0.0	    00000000     00000000	   1	[      6]
26    	0     	      4	    NegLargeDark	     50.3281	   2203.12	    0.0	    00000000     00000000	   1	[      1]
27    	0     	      5	    NegSmallDark	     52.5430	   2214.84	    0.0	    00000000     00000000	   1	[      2]
28    	0     	      4	    NegLargeDark	     55.0664	   2523.44	    0.0	    00000000     00000000	   1	[      1]
29    	0     	      7	  NegSmallBright	     57.3711	   2304.69	    0.0	    00000000     00000000	   1	[      4]
30    	0     	      5	    NegSmallDark	     59.8242	   2453.12	    0.0	    00000000     00000000	   1	[      2]
31    	0     	      6	  NegLargeBright	     62.0078	   2183.59	    0.0	    00000000     00000000	   1	[      3]
32    	0     	     15	     condition15	     64.4336	   2425.78	    0.0	    00000000     00000000	   1	[       ]
33    	0     	      2	      condition2	     65.0469	    613.28	    0.0	    00000000     00000000	   1	[       ]
34    	0     	      7	  NegSmallBright	     66.9492	   1902.34	    0.0	    00000000     00000000	   1	[      4]
35    	0     	      7	  NegSmallBright	     69.0625	   2113.28	    0.0	    00000000     00000000	   1	[      4]
36    	0     	     13	     condition13	     71.3164	   2253.91	    0.0	    00000000     00000000	   1	[       ]
37    	0     	      2	      condition2	     71.8828	    566.41	    0.0	    00000000     00000000	   1	[       ]
38    	0     	      8	   NeutLargeDark	     73.5977	   1714.84	    0.0	    00000000     00000000	   1	[      5]
39    	0     	     11	 NeutSmallBright	     75.9023	   2304.69	    0.0	    00000000     00000000	   1	[      8]
40    	0     	      4	    NegLargeDark	     78.2773	   2375.00	    0.0	    00000000     00000000	   1	[      1]
41    	0     	      6	  NegLargeBright	     80.7812	   2503.91	    0.0	    00000000     00000000	   1	[      3]
42    	0     	      6	  NegLargeBright	     83.2578	   2476.56	    0.0	    00000000     00000000	   1	[      3]
43    	0     	      7	  NegSmallBright	     85.4102	   2152.34	    0.0	    00000000     00000000	   1	[      4]
44    	0     	      4	    NegLargeDark	     87.8633	   2453.12	    0.0	    00000000     00000000	   1	[      1]
45    	0     	     11	 NeutSmallBright	     89.8867	   2023.44	    0.0	    00000000     00000000	   1	[      8]
46    	0     	      4	    NegLargeDark	     92.4336	   2546.88	    0.0	    00000000     00000000	   1	[      1]
47    	0     	      8	   NeutLargeDark	     94.9453	   2511.72	    0.0	    00000000     00000000	   1	[      5]
48    	0     	      8	   NeutLargeDark	     97.0195	   2074.22	    0.0	    00000000     00000000	   1	[      5]
49    	0     	      5	    NegSmallDark	     99.4648	   2445.31	    0.0	    00000000     00000000	   1	[      2]
50    	0     	     14	     condition14	    101.5469	   2082.03	    0.0	    00000000     00000000	   1	[       ]
51    	0     	      2	      condition2	    102.4297	    882.81	    0.0	    00000000     00000000	   1	[       ]
52    	0     	     10	 NeutLargeBright	    104.0430	   1613.28	    0.0	    00000000     00000000	   1	[      7]
53    	0     	     10	 NeutLargeBright	    106.3477	   2304.69	    0.0	    00000000     00000000	   1	[      7]
54    	0     	     14	     condition14	    108.6328	   2285.16	    0.0	    00000000     00000000	   1	[       ]
55    	0     	      2	      condition2	    109.2227	    589.84	    0.0	    00000000     00000000	   1	[       ]
56    	0     	      5	    NegSmallDark	    111.1055	   1882.81	    0.0	    00000000     00000000	   1	[      2]
57    	0     	      7	  NegSmallBright	    113.4297	   2324.22	    0.0	    00000000     00000000	   1	[      4]
58    	0     	      9	   NeutSmallDark	    115.7344	   2304.69	    0.0	    00000000     00000000	   1	[      6]
59    	0     	     11	 NeutSmallBright	    117.9062	   2171.88	    0.0	    00000000     00000000	   1	[      8]
60    	0     	      8	   NeutLargeDark	    120.2500	   2343.75	    0.0	    00000000     00000000	   1	[      5]
61    	0     	      9	   NeutSmallDark	    122.4258	   2175.78	    0.0	    00000000     00000000	   1	[      6]
62    	0     	     10	 NeutLargeBright	    124.5703	   2144.53	    0.0	    00000000     00000000	   1	[      7]
63    	0     	     11	 NeutSmallBright	    126.7734	   2203.12	    0.0	    00000000     00000000	   1	[      8]
64    	0     	      5	    NegSmallDark	    129.1367	   2363.28	    0.0	    00000000     00000000	   1	[      2]
65    	0     	      4	    NegLargeDark	    131.5430	   2406.25	    0.0	    00000000     00000000	   1	[      1]
66    	0     	     10	 NeutLargeBright	    133.8750	   2332.03	    0.0	    00000000     00000000	   1	[      7]
67    	0     	      4	    NegLargeDark	    136.1914	   2316.41	    0.0	    00000000     00000000	   1	[      1]
68    	0     	     14	     condition14	    138.6445	   2453.12	    0.0	    00000000     00000000	   1	[       ]
69    	0     	      2	      condition2	    139.1992	    554.69	    0.0	    00000000     00000000	   1	[       ]
70    	0     	     15	     condition15	    140.7773	   1578.12	    0.0	    00000000     00000000	   1	[       ]
71    	0     	      2	      condition2	    141.4336	    656.25	    0.0	    00000000     00000000	   1	[       ]
72    	0     	     11	 NeutSmallBright	    143.1719	   1738.28	    0.0	    00000000     00000000	   1	[      8]
73    	0     	      6	  NegLargeBright	    145.3555	   2183.59	    0.0	    00000000     00000000	   1	[      3]
74    	0     	      4	    NegLargeDark	    147.6484	   2292.97	    0.0	    00000000     00000000	   1	[      1]
75    	0     	     13	     condition13	    149.9922	   2343.75	    0.0	    00000000     00000000	   1	[       ]
76    	0     	      2	      condition2	    150.7578	    765.62	    0.0	    00000000     00000000	   1	[       ]
77    	0     	      6	  NegLargeBright	    152.1680	   1410.16	    0.0	    00000000     00000000	   1	[      3]
78    	0     	      7	  NegSmallBright	    154.2617	   2093.75	    0.0	    00000000     00000000	   1	[      4]
79    	0     	     11	 NeutSmallBright	    156.6953	   2433.59	    0.0	    00000000     00000000	   1	[      8]
80    	0     	      6	  NegLargeBright	    159.0703	   2375.00	    0.0	    00000000     00000000	   1	[      3]
81    	0     	      6	  NegLargeBright	    161.4531	   2382.81	    0.0	    00000000     00000000	   1	[      3]
82    	0     	    253	              ""	    163.6406	   2187.50	    0.0	    00000000     00000000	   1	[       ]
83    	0     	      8	   NeutLargeDark	    164.6562	   1015.62	    0.0	    00000000     00000000	   1	[      5]
84    	0     	      7	  NegSmallBright	    166.9180	   2261.72	    0.0	    00000000     00000000	   1	[      4]
85    	0     	      7	  NegSmallBright	    169.1406	   2222.66	    0.0	    00000000     00000000	   1	[      4]
86    	0     	      6	  NegLargeBright	    171.4258	   2285.16	    0.0	    00000000     00000000	   1	[      3]
87    	0     	     13	     condition13	    173.9023	   2476.56	    0.0	    00000000     00000000	   1	[       ]
88    	0     	      2	      condition2	    174.6289	    726.56	    0.0	    00000000     00000000	   1	[       ]
89    	0     	      4	    NegLargeDark	    175.9844	   1355.47	    0.0	    00000000     00000000	   1	[      1]
90    	0     	     14	     condition14	    178.1094	   2125.00	    0.0	    00000000     00000000	   1	[       ]
91    	0     	      2	      condition2	    178.8047	    695.31	    0.0	    00000000     00000000	   1	[       ]
92    	0     	     12	     condition12	    180.2812	   1476.56	    0.0	    00000000     00000000	   1	[       ]
93    	0     	      2	      condition2	    180.7227	    441.41	    0.0	    00000000     00000000	   1	[       ]
94    	0     	      7	  NegSmallBright	    182.3750	   1652.34	    0.0	    00000000     00000000	   1	[      4]
95    	0     	      7	  NegSmallBright	    184.5781	   2203.12	    0.0	    00000000     00000000	   1	[      4]
96    	0     	     10	 NeutLargeBright	    186.8828	   2304.69	    0.0	    00000000     00000000	   1	[      7]
97    	0     	      9	   NeutSmallDark	    189.3281	   2445.31	    0.0	    00000000     00000000	   1	[      6]
98    	0     	      6	  NegLargeBright	    191.4102	   2082.03	    0.0	    00000000     00000000	   1	[      3]
99    	0     	      7	  NegSmallBright	    193.8555	   2445.31	    0.0	    00000000     00000000	   1	[      4]
100   	0     	      4	    NegLargeDark	    196.2383	   2382.81	    0.0	    00000000     00000000	   1	[      1]
101   	0     	      7	  NegSmallBright	    198.6133	   2375.00	    0.0	    00000000     00000000	   1	[      4]
102   	0     	      8	   NeutLargeDark	    200.8672	   2253.91	    0.0	    00000000     00000000	   1	[      5]
103   	0     	     15	     condition15	    203.2109	   2343.75	    0.0	    00000000     00000000	   1	[       ]
104   	0     	      2	      condition2	    204.0156	    804.69	    0.0	    00000000     00000000	   1	[       ]
105   	0     	     14	     condition14	    205.3242	   1308.59	    0.0	    00000000     00000000	   1	[       ]
106   	0     	      2	      condition2	    205.9102	    585.94	    0.0	    00000000     00000000	   1	[       ]
107   	0     	      6	  NegLargeBright	    207.3594	   1449.22	    0.0	    00000000     00000000	   1	[      3]
108   	0     	     10	 NeutLargeBright	    209.6445	   2285.16	    0.0	    00000000     00000000	   1	[      7]
109   	0     	      5	    NegSmallDark	    212.1289	   2484.38	    0.0	    00000000     00000000	   1	[      2]
110   	0     	      9	   NeutSmallDark	    214.3633	   2234.38	    0.0	    00000000     00000000	   1	[      6]
111   	0     	     10	 NeutLargeBright	    216.5547	   2191.41	    0.0	    00000000     00000000	   1	[      7]
112   	0     	      6	  NegLargeBright	    218.8984	   2343.75	    0.0	    00000000     00000000	   1	[      3]
113   	0     	      5	    NegSmallDark	    221.3359	   2437.50	    0.0	    00000000     00000000	   1	[      2]
114   	0     	      7	  NegSmallBright	    223.6602	   2324.22	    0.0	    00000000     00000000	   1	[      4]
115   	0     	      8	   NeutLargeDark	    226.0430	   2382.81	    0.0	    00000000     00000000	   1	[      5]
116   	0     	     11	 NeutSmallBright	    228.2266	   2183.59	    0.0	    00000000     00000000	   1	[      8]
117   	0     	     11	 NeutSmallBright	    230.6289	   2402.34	    0.0	    00000000     00000000	   1	[      8]
118   	0     	      5	    NegSmallDark	    232.9062	   2277.34	    0.0	    00000000     00000000	   1	[      2]
119   	0     	      4	    NegLargeDark	    235.1602	   2253.91	    0.0	    00000000     00000000	   1	[      1]
120   	0     	     15	     condition15	    237.3711	   2210.94	    0.0	    00000000     00000000	   1	[       ]
121   	0     	      2	      condition2	    237.9844	    613.28	    0.0	    00000000     00000000	   1	[       ]
122   	0     	      8	   NeutLargeDark	    239.5977	   1613.28	    0.0	    00000000     00000000	   1	[      5]
123   	0     	      9	   NeutSmallDark	    241.9102	   2312.50	    0.0	    00000000     00000000	   1	[      6]
124   	0     	      7	  NegSmallBright	    244.3242	   2414.06	    0.0	    00000000     00000000	   1	[      4]
125   	0     	      9	   NeutSmallDark	    246.5898	   2265.62	    0.0	    00000000     00000000	   1	[      6]
126   	0     	      9	   NeutSmallDark	    249.1016	   2511.72	    0.0	    00000000     00000000	   1	[      6]
127   	0     	     13	     condition13	    251.3984	   2296.88	    0.0	    00000000     00000000	   1	[       ]
128   	0     	      2	      condition2	    251.9688	    570.31	    0.0	    00000000     00000000	   1	[       ]
129   	0     	      9	   NeutSmallDark	    253.8711	   1902.34	    0.0	    00000000     00000000	   1	[      6]
130   	0     	      8	   NeutLargeDark	    256.3242	   2453.12	    0.0	    00000000     00000000	   1	[      5]
131   	0     	      7	  NegSmallBright	    258.6992	   2375.00	    0.0	    00000000     00000000	   1	[      4]
132   	0     	     14	     condition14	    260.8633	   2164.06	    0.0	    00000000     00000000	   1	[       ]
133   	0     	      2	      condition2	    261.8867	   1023.44	    0.0	    00000000     00000000	   1	[       ]
134   	0     	     14	     condition14	    263.2578	   1371.09	    0.0	    00000000     00000000	   1	[       ]
135   	0     	      2	      condition2	    263.8047	    546.88	    0.0	    00000000     00000000	   1	[       ]
136   	0     	      5	    NegSmallDark	    265.4727	   1667.97	    0.0	    00000000     00000000	   1	[      2]
137   	0     	     13	     condition13	    267.6367	   2164.06	    0.0	    00000000     00000000	   1	[       ]
138   	0     	      2	      condition2	    268.3398	    703.12	    0.0	    00000000     00000000	   1	[       ]
139   	0     	      5	    NegSmallDark	    269.6875	   1347.66	    0.0	    00000000     00000000	   1	[      2]
140   	0     	      8	   NeutLargeDark	    271.9141	   2226.56	    0.0	    00000000     00000000	   1	[      5]
141   	0     	      7	  NegSmallBright	    274.2656	   2351.56	    0.0	    00000000     00000000	   1	[      4]
142   	0     	     10	 NeutLargeBright	    276.5898	   2324.22	    0.0	    00000000     00000000	   1	[      7]
143   	0     	      8	   NeutLargeDark	    278.6836	   2093.75	    0.0	    00000000     00000000	   1	[      5]
144   	0     	     15	     condition15	    280.8906	   2207.03	    0.0	    00000000     00000000	   1	[       ]
145   	0     	      2	      condition2	    281.4922	    601.56	    0.0	    00000000     00000000	   1	[       ]
146   	0     	     10	 NeutLargeBright	    283.2539	   1761.72	    0.0	    00000000     00000000	   1	[      7]
147   	0     	     15	     condition15	    285.3281	   2074.22	    0.0	    00000000     00000000	   1	[       ]
148   	0     	      2	      condition2	    286.0977	    769.53	    0.0	    00000000     00000000	   1	[       ]
149   	0     	      9	   NeutSmallDark	    287.3711	   1273.44	    0.0	    00000000     00000000	   1	[      6]
150   	0     	     13	     condition13	    289.7031	   2332.03	    0.0	    00000000     00000000	   1	[       ]
151   	0     	      2	      condition2	    290.2109	    507.81	    0.0	    00000000     00000000	   1	[       ]
152   	0     	      9	   NeutSmallDark	    291.9883	   1777.34	    0.0	    00000000     00000000	   1	[      6]
153   	0     	      9	   NeutSmallDark	    294.0312	   2042.97	    0.0	    00000000     00000000	   1	[      6]
154   	0     	      9	   NeutSmallDark	    296.4062	   2375.00	    0.0	    00000000     00000000	   1	[      6]
155   	0     	      9	   NeutSmallDark	    298.8906	   2484.38	    0.0	    00000000     00000000	   1	[      6]
156   	0     	     10	 NeutLargeBright	    301.0625	   2171.88	    0.0	    00000000     00000000	   1	[      7]
157   	0     	      6	  NegLargeBright	    303.2969	   2234.38	    0.0	    00000000     00000000	   1	[      3]
158   	0     	      4	    NegLargeDark	    305.5312	   2234.38	    0.0	    00000000     00000000	   1	[      1]
159   	0     	      7	  NegSmallBright	    308.0273	   2496.09	    0.0	    00000000     00000000	   1	[      4]
160   	0     	      5	    NegSmallDark	    310.1406	   2113.28	    0.0	    00000000     00000000	   1	[      2]
161   	0     	     11	 NeutSmallBright	    312.3242	   2183.59	    0.0	    00000000     00000000	   1	[      8]
162   	0     	      8	   NeutLargeDark	    314.4688	   2144.53	    0.0	    00000000     00000000	   1	[      5]
163   	0     	     11	 NeutSmallBright	    316.7812	   2312.50	    0.0	    00000000     00000000	   1	[      8]
164   	0     	      8	   NeutLargeDark	    319.2148	   2433.59	    0.0	    00000000     00000000	   1	[      5]
165   	0     	      4	    NegLargeDark	    321.2812	   2066.41	    0.0	    00000000     00000000	   1	[      1]
166   	0     	    253	              ""	    323.4219	   2140.62	    0.0	    00000000     00000000	   1	[       ]
167   	0     	      5	    NegSmallDark	    324.4180	    996.09	    0.0	    00000000     00000000	   1	[      2]
168   	0     	     12	     condition12	    326.7617	   2343.75	    0.0	    00000000     00000000	   1	[       ]
169   	0     	      2	      condition2	    327.4688	    707.03	    0.0	    00000000     00000000	   1	[       ]
170   	0     	      5	    NegSmallDark	    329.1758	   1707.03	    0.0	    00000000     00000000	   1	[      2]
171   	0     	      4	    NegLargeDark	    331.6211	   2445.31	    0.0	    00000000     00000000	   1	[      1]
172   	0     	      4	    NegLargeDark	    334.1445	   2523.44	    0.0	    00000000     00000000	   1	[      1]
173   	0     	      9	   NeutSmallDark	    336.5273	   2382.81	    0.0	    00000000     00000000	   1	[      6]
174   	0     	      4	    NegLargeDark	    338.9727	   2445.31	    0.0	    00000000     00000000	   1	[      1]
175   	0     	      4	    NegLargeDark	    341.3477	   2375.00	    0.0	    00000000     00000000	   1	[      1]
176   	0     	     10	 NeutLargeBright	    343.7617	   2414.06	    0.0	    00000000     00000000	   1	[      7]
177   	0     	     15	     condition15	    346.2461	   2484.38	    0.0	    00000000     00000000	   1	[       ]
178   	0     	      2	      condition2	    346.8906	    644.53	    0.0	    00000000     00000000	   1	[       ]
179   	0     	      9	   NeutSmallDark	    348.6992	   1808.59	    0.0	    00000000     00000000	   1	[      6]
180   	0     	      4	    NegLargeDark	    350.7422	   2042.97	    0.0	    00000000     00000000	   1	[      1]
181   	0     	      9	   NeutSmallDark	    353.0273	   2285.16	    0.0	    00000000     00000000	   1	[      6]
182   	0     	      9	   NeutSmallDark	    355.3516	   2324.22	    0.0	    00000000     00000000	   1	[      6]
183   	0     	     11	 NeutSmallBright	    357.4258	   2074.22	    0.0	    00000000     00000000	   1	[      8]
184   	0     	      4	    NegLargeDark	    359.7188	   2292.97	    0.0	    00000000     00000000	   1	[      1]
185   	0     	      8	   NeutLargeDark	    362.0547	   2335.94	    0.0	    00000000     00000000	   1	[      5]
186   	0     	     11	 NeutSmallBright	    364.4883	   2433.59	    0.0	    00000000     00000000	   1	[      8]
187   	0     	     15	     condition15	    366.8320	   2343.75	    0.0	    00000000     00000000	   1	[       ]
188   	0     	      2	      condition2	    367.4922	    660.16	    0.0	    00000000     00000000	   1	[       ]
189   	0     	      9	   NeutSmallDark	    369.3359	   1843.75	    0.0	    00000000     00000000	   1	[      6]
190   	0     	     11	 NeutSmallBright	    371.4688	   2132.81	    0.0	    00000000     00000000	   1	[      8]
191   	0     	      4	    NegLargeDark	    373.9453	   2476.56	    0.0	    00000000     00000000	   1	[      1]
192   	0     	      5	    NegSmallDark	    376.1992	   2253.91	    0.0	    00000000     00000000	   1	[      2]
193   	0     	      6	  NegLargeBright	    378.7148	   2515.62	    0.0	    00000000     00000000	   1	[      3]
194   	0     	      6	  NegLargeBright	    380.9883	   2273.44	    0.0	    00000000     00000000	   1	[      3]
195   	0     	     15	     condition15	    383.0312	   2042.97	    0.0	    00000000     00000000	   1	[       ]
196   	0     	      2	      condition2	    383.6836	    652.34	    0.0	    00000000     00000000	   1	[       ]
197   	0     	     15	     condition15	    385.3164	   1632.81	    0.0	    00000000     00000000	   1	[       ]
198   	0     	      2	      condition2	    385.8672	    550.78	    0.0	    00000000     00000000	   1	[       ]
199   	0     	      5	    NegSmallDark	    387.5273	   1660.16	    0.0	    00000000     00000000	   1	[      2]
200   	0     	     13	     condition13	    389.6328	   2105.47	    0.0	    00000000     00000000	   1	[       ]
201   	0     	      2	      condition2	    390.1367	    503.91	    0.0	    00000000     00000000	   1	[       ]
202   	0     	     15	     condition15	    391.8477	   1710.94	    0.0	    00000000     00000000	   1	[       ]
203   	0     	      2	      condition2	    392.4180	    570.31	    0.0	    00000000     00000000	   1	[       ]
204   	0     	     15	     condition15	    394.0000	   1582.03	    0.0	    00000000     00000000	   1	[       ]
205   	0     	      2	      condition2	    394.6016	    601.56	    0.0	    00000000     00000000	   1	[       ]
206   	0     	      7	  NegSmallBright	    396.3125	   1710.94	    0.0	    00000000     00000000	   1	[      4]
207   	0     	     10	 NeutLargeBright	    398.6367	   2324.22	    0.0	    00000000     00000000	   1	[      7]
208   	0     	     10	 NeutLargeBright	    400.9219	   2285.16	    0.0	    00000000     00000000	   1	[      7]
209   	0     	      9	   NeutSmallDark	    403.0156	   2093.75	    0.0	    00000000     00000000	   1	[      6]
210   	0     	     11	 NeutSmallBright	    405.0781	   2062.50	    0.0	    00000000     00000000	   1	[      8]
211   	0     	      4	    NegLargeDark	    407.3516	   2273.44	    0.0	    00000000     00000000	   1	[      1]
212   	0     	      5	    NegSmallDark	    409.8086	   2457.03	    0.0	    00000000     00000000	   1	[      2]
213   	0     	     11	 NeutSmallBright	    412.3125	   2503.91	    0.0	    00000000     00000000	   1	[      8]
214   	0     	      6	  NegLargeBright	    414.5469	   2234.38	    0.0	    00000000     00000000	   1	[      3]
215   	0     	     10	 NeutLargeBright	    416.8281	   2281.25	    0.0	    00000000     00000000	   1	[      7]
216   	0     	     10	 NeutLargeBright	    419.1328	   2304.69	    0.0	    00000000     00000000	   1	[      7]
217   	0     	     11	 NeutSmallBright	    421.3789	   2246.09	    0.0	    00000000     00000000	   1	[      8]
218   	0     	      7	  NegSmallBright	    423.8008	   2421.88	    0.0	    00000000     00000000	   1	[      4]
219   	0     	     10	 NeutLargeBright	    426.3047	   2503.91	    0.0	    00000000     00000000	   1	[      7]
220   	0     	     12	     condition12	    428.7422	   2437.50	    0.0	    00000000     00000000	   1	[       ]
221   	0     	      2	      condition2	    429.3789	    636.72	    0.0	    00000000     00000000	   1	[       ]
222   	0     	     11	 NeutSmallBright	    431.1055	   1726.56	    0.0	    00000000     00000000	   1	[      8]
223   	0     	      8	   NeutLargeDark	    433.3086	   2203.12	    0.0	    00000000     00000000	   1	[      5]
224   	0     	      9	   NeutSmallDark	    435.8047	   2496.09	    0.0	    00000000     00000000	   1	[      6]
225   	0     	      7	  NegSmallBright	    437.9883	   2183.59	    0.0	    00000000     00000000	   1	[      4]
226   	0     	      9	   NeutSmallDark	    440.4023	   2414.06	    0.0	    00000000     00000000	   1	[      6]
227   	0     	      9	   NeutSmallDark	    442.6445	   2242.19	    0.0	    00000000     00000000	   1	[      6]
228   	0     	      8	   NeutLargeDark	    445.1016	   2457.03	    0.0	    00000000     00000000	   1	[      5]
229   	0     	     10	 NeutLargeBright	    447.3633	   2261.72	    0.0	    00000000     00000000	   1	[      7]
230   	0     	     13	     condition13	    449.6992	   2335.94	    0.0	    00000000     00000000	   1	[       ]
231   	0     	      2	      condition2	    450.2383	    539.06	    0.0	    00000000     00000000	   1	[       ]
232   	0     	     12	     condition12	    452.2305	   1992.19	    0.0	    00000000     00000000	   1	[       ]
233   	0     	      2	      condition2	    452.7344	    503.91	    0.0	    00000000     00000000	   1	[       ]
234   	0     	     12	     condition12	    454.4648	   1730.47	    0.0	    00000000     00000000	   1	[       ]
235   	0     	      2	      condition2	    454.8945	    429.69	    0.0	    00000000     00000000	   1	[       ]
236   	0     	     15	     condition15	    456.5586	   1664.06	    0.0	    00000000     00000000	   1	[       ]
237   	0     	      2	      condition2	    457.1250	    566.41	    0.0	    00000000     00000000	   1	[       ]
238   	0     	      5	    NegSmallDark	    459.0352	   1910.16	    0.0	    00000000     00000000	   1	[      2]
239   	0     	      4	    NegLargeDark	    461.5000	   2464.84	    0.0	    00000000     00000000	   1	[      1]
240   	0     	      8	   NeutLargeDark	    463.9336	   2433.59	    0.0	    00000000     00000000	   1	[      5]
241   	0     	      7	  NegSmallBright	    466.0078	   2074.22	    0.0	    00000000     00000000	   1	[      4]
242   	0     	      7	  NegSmallBright	    468.1211	   2113.28	    0.0	    00000000     00000000	   1	[      4]
243   	0     	     11	 NeutSmallBright	    470.4336	   2312.50	    0.0	    00000000     00000000	   1	[      8]
244   	0     	      5	    NegSmallDark	    472.8867	   2453.12	    0.0	    00000000     00000000	   1	[      2]
245   	0     	      4	    NegLargeDark	    475.2930	   2406.25	    0.0	    00000000     00000000	   1	[      1]
246   	0     	     10	 NeutLargeBright	    477.3750	   2082.03	    0.0	    00000000     00000000	   1	[      7]
247   	0     	      8	   NeutLargeDark	    479.8398	   2464.84	    0.0	    00000000     00000000	   1	[      5]
248   	0     	      9	   NeutSmallDark	    481.9844	   2144.53	    0.0	    00000000     00000000	   1	[      6]
249   	0     	      4	    NegLargeDark	    484.3281	   2343.75	    0.0	    00000000     00000000	   1	[      1]
250   	0     	    253	              ""	    486.4531	   2125.00	    0.0	    00000000     00000000	   1	[       ]
251   	0     	      4	    NegLargeDark	    487.4688	   1015.62	    0.0	    00000000     00000000	   1	[      1]
252   	0     	      4	    NegLargeDark	    489.6836	   2214.84	    0.0	    00000000     00000000	   1	[      1]
253   	0     	      8	   NeutLargeDark	    491.8359	   2152.34	    0.0	    00000000     00000000	   1	[      5]
254   	0     	      8	   NeutLargeDark	    493.9922	   2156.25	    0.0	    00000000     00000000	   1	[      5]
255   	0     	      6	  NegLargeBright	    496.4766	   2484.38	    0.0	    00000000     00000000	   1	[      3]
256   	0     	     15	     condition15	    498.5195	   2042.97	    0.0	    00000000     00000000	   1	[       ]
257   	0     	      2	      condition2	    499.2461	    726.56	    0.0	    00000000     00000000	   1	[       ]
258   	0     	     11	 NeutSmallBright	    500.9141	   1667.97	    0.0	    00000000     00000000	   1	[      8]
259   	0     	     13	     condition13	    503.0352	   2121.09	    0.0	    00000000     00000000	   1	[       ]
260   	0     	      2	      condition2	    503.4531	    417.97	    0.0	    00000000     00000000	   1	[       ]
261   	0     	      4	    NegLargeDark	    505.5000	   2046.88	    0.0	    00000000     00000000	   1	[      1]
262   	0     	      5	    NegSmallDark	    507.5430	   2042.97	    0.0	    00000000     00000000	   1	[      2]
263   	0     	      6	  NegLargeBright	    509.7500	   2207.03	    0.0	    00000000     00000000	   1	[      3]
264   	0     	     15	     condition15	    512.1328	   2382.81	    0.0	    00000000     00000000	   1	[       ]
265   	0     	      2	      condition2	    512.6836	    550.78	    0.0	    00000000     00000000	   1	[       ]
266   	0     	      5	    NegSmallDark	    514.5859	   1902.34	    0.0	    00000000     00000000	   1	[      2]
267   	0     	     11	 NeutSmallBright	    516.8320	   2246.09	    0.0	    00000000     00000000	   1	[      8]
268   	0     	      2	      condition2	    517.4570	    625.00	    0.0	    00000000     00000000	   1	[       ]
269   	0     	      5	    NegSmallDark	    519.1836	   1726.56	    0.0	    00000000     00000000	   1	[      2]
270   	0     	      8	   NeutLargeDark	    521.3203	   2136.72	    0.0	    00000000     00000000	   1	[      5]
271   	0     	     11	 NeutSmallBright	    523.4023	   2082.03	    0.0	    00000000     00000000	   1	[      8]
272   	0     	     11	 NeutSmallBright	    525.7656	   2363.28	    0.0	    00000000     00000000	   1	[      8]
273   	0     	      4	    NegLargeDark	    528.1523	   2386.72	    0.0	    00000000     00000000	   1	[      1]
274   	0     	      4	    NegLargeDark	    530.5742	   2421.88	    0.0	    00000000     00000000	   1	[      1]
275   	0     	      7	  NegSmallBright	    532.5977	   2023.44	    0.0	    00000000     00000000	   1	[      4]
276   	0     	      9	   NeutSmallDark	    534.7227	   2125.00	    0.0	    00000000     00000000	   1	[      6]
277   	0     	     11	 NeutSmallBright	    536.7852	   2062.50	    0.0	    00000000     00000000	   1	[      8]
278   	0     	     11	 NeutSmallBright	    539.0195	   2234.38	    0.0	    00000000     00000000	   1	[      8]
279   	0     	      5	    NegSmallDark	    541.3633	   2343.75	    0.0	    00000000     00000000	   1	[      2]
280   	0     	      4	    NegLargeDark	    543.4961	   2132.81	    0.0	    00000000     00000000	   1	[      1]
281   	0     	      7	  NegSmallBright	    545.9336	   2437.50	    0.0	    00000000     00000000	   1	[      4]
282   	0     	      9	   NeutSmallDark	    548.3477	   2414.06	    0.0	    00000000     00000000	   1	[      6]
283   	0     	     10	 NeutLargeBright	    550.5195	   2171.88	    0.0	    00000000     00000000	   1	[      7]
284   	0     	      7	  NegSmallBright	    552.8750	   2355.47	    0.0	    00000000     00000000	   1	[      4]
285   	0     	      4	    NegLargeDark	    555.3594	   2484.38	    0.0	    00000000     00000000	   1	[      1]
286   	0     	      7	  NegSmallBright	    557.5508	   2191.41	    0.0	    00000000     00000000	   1	[      4]
287   	0     	      5	    NegSmallDark	    559.7656	   2214.84	    0.0	    00000000     00000000	   1	[      2]
288   	0     	     11	 NeutSmallBright	    562.0820	   2316.41	    0.0	    00000000     00000000	   1	[      8]
289   	0     	      7	  NegSmallBright	    564.3047	   2222.66	    0.0	    00000000     00000000	   1	[      4]
290   	0     	      5	    NegSmallDark	    566.6602	   2355.47	    0.0	    00000000     00000000	   1	[      2]
291   	0     	     10	 NeutLargeBright	    568.9531	   2292.97	    0.0	    00000000     00000000	   1	[      7]
292   	0     	     14	     condition14	    571.3750	   2421.88	    0.0	    00000000     00000000	   1	[       ]
293   	0     	      2	      condition2	    571.9102	    535.16	    0.0	    00000000     00000000	   1	[       ]
294   	0     	      7	  NegSmallBright	    573.7422	   1832.03	    0.0	    00000000     00000000	   1	[      4]
295   	0     	     13	     condition13	    576.2266	   2484.38	    0.0	    00000000     00000000	   1	[       ]
296   	0     	      2	      condition2	    576.6562	    429.69	    0.0	    00000000     00000000	   1	[       ]
297   	0     	      9	   NeutSmallDark	    578.5977	   1941.41	    0.0	    00000000     00000000	   1	[      6]
298   	0     	      8	   NeutLargeDark	    580.6914	   2093.75	    0.0	    00000000     00000000	   1	[      5]
299   	0     	     10	 NeutLargeBright	    582.8555	   2164.06	    0.0	    00000000     00000000	   1	[      7]
300   	0     	      4	    NegLargeDark	    585.3008	   2445.31	    0.0	    00000000     00000000	   1	[      1]
301   	0     	      4	    NegLargeDark	    587.4648	   2164.06	    0.0	    00000000     00000000	   1	[      1]
302   	0     	     13	     condition13	    589.8789	   2414.06	    0.0	    00000000     00000000	   1	[       ]
303   	0     	      2	      condition2	    590.4688	    589.84	    0.0	    00000000     00000000	   1	[       ]
304   	0     	      9	   NeutSmallDark	    592.2734	   1804.69	    0.0	    00000000     00000000	   1	[      6]
305   	0     	      7	  NegSmallBright	    594.3555	   2082.03	    0.0	    00000000     00000000	   1	[      4]
306   	0     	      6	  NegLargeBright	    596.8828	   2527.34	    0.0	    00000000     00000000	   1	[      3]
307   	0     	      5	    NegSmallDark	    599.3242	   2441.41	    0.0	    00000000     00000000	   1	[      2]
308   	0     	      5	    NegSmallDark	    601.6602	   2335.94	    0.0	    00000000     00000000	   1	[      2]
309   	0     	      5	    NegSmallDark	    603.8438	   2183.59	    0.0	    00000000     00000000	   1	[      2]
310   	0     	      9	   NeutSmallDark	    606.0391	   2195.31	    0.0	    00000000     00000000	   1	[      6]
311   	0     	      8	   NeutLargeDark	    608.2422	   2203.12	    0.0	    00000000     00000000	   1	[      5]
312   	0     	      6	  NegLargeBright	    610.7266	   2484.38	    0.0	    00000000     00000000	   1	[      3]
313   	0     	     11	 NeutSmallBright	    612.8789	   2152.34	    0.0	    00000000     00000000	   1	[      8]
314   	0     	     10	 NeutLargeBright	    615.0938	   2214.84	    0.0	    00000000     00000000	   1	[      7]
315   	0     	      5	    NegSmallDark	    617.3594	   2265.62	    0.0	    00000000     00000000	   1	[      2]
316   	0     	     11	 NeutSmallBright	    619.7617	   2402.34	    0.0	    00000000     00000000	   1	[      8]
317   	0     	      7	  NegSmallBright	    621.8867	   2125.00	    0.0	    00000000     00000000	   1	[      4]
318   	0     	      4	    NegLargeDark	    624.0703	   2183.59	    0.0	    00000000     00000000	   1	[      1]
319   	0     	      6	  NegLargeBright	    626.3945	   2324.22	    0.0	    00000000     00000000	   1	[      3]
320   	0     	      9	   NeutSmallDark	    628.7969	   2402.34	    0.0	    00000000     00000000	   1	[      6]
321   	0     	     11	 NeutSmallBright	    631.2930	   2496.09	    0.0	    00000000     00000000	   1	[      8]
322   	0     	      4	    NegLargeDark	    633.5977	   2304.69	    0.0	    00000000     00000000	   1	[      1]
323   	0     	      4	    NegLargeDark	    635.8008	   2203.12	    0.0	    00000000     00000000	   1	[      1]
324   	0     	     10	 NeutLargeBright	    637.9023	   2101.56	    0.0	    00000000     00000000	   1	[      7]
325   	0     	      4	    NegLargeDark	    640.1172	   2214.84	    0.0	    00000000     00000000	   1	[      1]
326   	0     	      5	    NegSmallDark	    642.4102	   2292.97	    0.0	    00000000     00000000	   1	[      2]
327   	0     	     10	 NeutLargeBright	    644.9375	   2527.34	    0.0	    00000000     00000000	   1	[      7]
328   	0     	    253	              ""	    647.7344	   2796.88	    0.0	    00000000     00000000	   1	[       ]
329   	0     	      9	   NeutSmallDark	    648.7383	   1003.91	    0.0	    00000000     00000000	   1	[      6]
330   	0     	      6	  NegLargeBright	    650.9023	   2164.06	    0.0	    00000000     00000000	   1	[      3]
331   	0     	     10	 NeutLargeBright	    652.9648	   2062.50	    0.0	    00000000     00000000	   1	[      7]
332   	0     	      9	   NeutSmallDark	    655.0586	   2093.75	    0.0	    00000000     00000000	   1	[      6]
333   	0     	      7	  NegSmallBright	    657.3828	   2324.22	    0.0	    00000000     00000000	   1	[      4]
334   	0     	     12	     condition12	    659.4648	   2082.03	    0.0	    00000000     00000000	   1	[       ]
335   	0     	      2	      condition2	    660.0508	    585.94	    0.0	    00000000     00000000	   1	[       ]
336   	0     	      9	   NeutSmallDark	    661.8984	   1847.66	    0.0	    00000000     00000000	   1	[      6]
337   	0     	     10	 NeutLargeBright	    664.4141	   2515.62	    0.0	    00000000     00000000	   1	[      7]
338   	0     	      4	    NegLargeDark	    666.5586	   2144.53	    0.0	    00000000     00000000	   1	[      1]
339   	0     	      6	  NegLargeBright	    668.6641	   2105.47	    0.0	    00000000     00000000	   1	[      3]
340   	0     	     11	 NeutSmallBright	    671.1680	   2503.91	    0.0	    00000000     00000000	   1	[      8]
341   	0     	     10	 NeutLargeBright	    673.2891	   2121.09	    0.0	    00000000     00000000	   1	[      7]
342   	0     	      8	   NeutLargeDark	    675.6758	   2386.72	    0.0	    00000000     00000000	   1	[      5]
343   	0     	     11	 NeutSmallBright	    678.0977	   2421.88	    0.0	    00000000     00000000	   1	[      8]
344   	0     	      9	   NeutSmallDark	    680.4531	   2355.47	    0.0	    00000000     00000000	   1	[      6]
345   	0     	      7	  NegSmallBright	    682.6250	   2171.88	    0.0	    00000000     00000000	   1	[      4]
346   	0     	      5	    NegSmallDark	    685.0703	   2445.31	    0.0	    00000000     00000000	   1	[      2]
347   	0     	     12	     condition12	    687.3945	   2324.22	    0.0	    00000000     00000000	   1	[       ]
348   	0     	      2	      condition2	    687.8711	    476.56	    0.0	    00000000     00000000	   1	[       ]
349   	0     	      7	  NegSmallBright	    689.4570	   1585.94	    0.0	    00000000     00000000	   1	[      4]
350   	0     	      7	  NegSmallBright	    691.4805	   2023.44	    0.0	    00000000     00000000	   1	[      4]
351   	0     	     10	 NeutLargeBright	    693.9648	   2484.38	    0.0	    00000000     00000000	   1	[      7]
352   	0     	     10	 NeutLargeBright	    696.1914	   2226.56	    0.0	    00000000     00000000	   1	[      7]
353   	0     	      7	  NegSmallBright	    698.3750	   2183.59	    0.0	    00000000     00000000	   1	[      4]
354   	0     	      8	   NeutLargeDark	    700.4688	   2093.75	    0.0	    00000000     00000000	   1	[      5]
355   	0     	      5	    NegSmallDark	    702.7305	   2261.72	    0.0	    00000000     00000000	   1	[      2]
356   	0     	      9	   NeutSmallDark	    704.7656	   2035.16	    0.0	    00000000     00000000	   1	[      6]
357   	0     	     13	     condition13	    707.2188	   2453.12	    0.0	    00000000     00000000	   1	[       ]
358   	0     	      2	      condition2	    707.9805	    761.72	    0.0	    00000000     00000000	   1	[       ]
359   	0     	      8	   NeutLargeDark	    709.4844	   1503.91	    0.0	    00000000     00000000	   1	[      5]
360   	0     	     10	 NeutLargeBright	    711.6367	   2152.34	    0.0	    00000000     00000000	   1	[      7]
361   	0     	      9	   NeutSmallDark	    713.8320	   2195.31	    0.0	    00000000     00000000	   1	[      6]
362   	0     	      5	    NegSmallDark	    715.9961	   2164.06	    0.0	    00000000     00000000	   1	[      2]
363   	0     	      6	  NegLargeBright	    718.5000	   2503.91	    0.0	    00000000     00000000	   1	[      3]
364   	0     	      6	  NegLargeBright	    721.0234	   2523.44	    0.0	    00000000     00000000	   1	[      3]
365   	0     	     13	     condition13	    723.5000	   2476.56	    0.0	    00000000     00000000	   1	[       ]
366   	0     	      2	      condition2	    724.0742	    574.22	    0.0	    00000000     00000000	   1	[       ]
367   	0     	      8	   NeutLargeDark	    725.5625	   1488.28	    0.0	    00000000     00000000	   1	[      5]
368   	0     	     10	 NeutLargeBright	    727.6758	   2113.28	    0.0	    00000000     00000000	   1	[      7]
369   	0     	      8	   NeutLargeDark	    729.7305	   2054.69	    0.0	    00000000     00000000	   1	[      5]
370   	0     	      8	   NeutLargeDark	    731.9531	   2222.66	    0.0	    00000000     00000000	   1	[      5]
371   	0     	     10	 NeutLargeBright	    734.0156	   2062.50	    0.0	    00000000     00000000	   1	[      7]
372   	0     	      5	    NegSmallDark	    736.2109	   2195.31	    0.0	    00000000     00000000	   1	[      2]
373   	0     	      7	  NegSmallBright	    738.3945	   2183.59	    0.0	    00000000     00000000	   1	[      4]
374   	0     	      4	    NegLargeDark	    740.6680	   2273.44	    0.0	    00000000     00000000	   1	[      1]
375   	0     	      5	    NegSmallDark	    743.1641	   2496.09	    0.0	    00000000     00000000	   1	[      2]
376   	0     	     12	     condition12	    745.4766	   2312.50	    0.0	    00000000     00000000	   1	[       ]
377   	0     	      2	      condition2	    745.9570	    480.47	    0.0	    00000000     00000000	   1	[       ]
378   	0     	      6	  NegLargeBright	    747.6523	   1695.31	    0.0	    00000000     00000000	   1	[      3]
379   	0     	      4	    NegLargeDark	    750.1172	   2464.84	    0.0	    00000000     00000000	   1	[      1]
380   	0     	     13	     condition13	    752.5078	   2390.62	    0.0	    00000000     00000000	   1	[       ]
381   	0     	      2	      condition2	    753.0273	    519.53	    0.0	    00000000     00000000	   1	[       ]
382   	0     	      7	  NegSmallBright	    754.9727	   1945.31	    0.0	    00000000     00000000	   1	[      4]
383   	0     	      4	    NegLargeDark	    757.0859	   2113.28	    0.0	    00000000     00000000	   1	[      1]
384   	0     	      9	   NeutSmallDark	    759.1211	   2035.16	    0.0	    00000000     00000000	   1	[      6]
385   	0     	      5	    NegSmallDark	    761.1758	   2054.69	    0.0	    00000000     00000000	   1	[      2]
386   	0     	      8	   NeutLargeDark	    763.2383	   2062.50	    0.0	    00000000     00000000	   1	[      5]
387   	0     	     11	 NeutSmallBright	    765.3633	   2125.00	    0.0	    00000000     00000000	   1	[      8]
388   	0     	      5	    NegSmallDark	    767.8555	   2492.19	    0.0	    00000000     00000000	   1	[      2]
389   	0     	     11	 NeutSmallBright	    769.8984	   2042.97	    0.0	    00000000     00000000	   1	[      8]
390   	0     	      9	   NeutSmallDark	    772.0547	   2156.25	    0.0	    00000000     00000000	   1	[      6]
391   	0     	      5	    NegSmallDark	    774.5195	   2464.84	    0.0	    00000000     00000000	   1	[      2]
392   	0     	     10	 NeutLargeBright	    776.9609	   2441.41	    0.0	    00000000     00000000	   1	[      7]
393   	0     	      5	    NegSmallDark	    779.2852	   2324.22	    0.0	    00000000     00000000	   1	[      2]
394   	0     	     10	 NeutLargeBright	    781.8008	   2515.62	    0.0	    00000000     00000000	   1	[      7]
395   	0     	      6	  NegLargeBright	    783.9141	   2113.28	    0.0	    00000000     00000000	   1	[      3]
396   	0     	      5	    NegSmallDark	    786.2383	   2324.22	    0.0	    00000000     00000000	   1	[      2]
397   	0     	     10	 NeutLargeBright	    788.3438	   2105.47	    0.0	    00000000     00000000	   1	[      7]
398   	0     	      4	    NegLargeDark	    790.4375	   2093.75	    0.0	    00000000     00000000	   1	[      1]
399   	0     	     12	     condition12	    792.5703	   2132.81	    0.0	    00000000     00000000	   1	[       ]
400   	0     	      2	      condition2	    793.1719	    601.56	    0.0	    00000000     00000000	   1	[       ]
401   	0     	      6	  NegLargeBright	    794.8320	   1660.16	    0.0	    00000000     00000000	   1	[      3]
402   	0     	      5	    NegSmallDark	    797.0977	   2265.62	    0.0	    00000000     00000000	   1	[      2]
403   	0     	      8	   NeutLargeDark	    799.5703	   2472.66	    0.0	    00000000     00000000	   1	[      5]
404   	0     	     12	     condition12	    801.8750	   2304.69	    0.0	    00000000     00000000	   1	[       ]
405   	0     	      2	      condition2	    802.4531	    578.12	    0.0	    00000000     00000000	   1	[       ]
406   	0     	      9	   NeutSmallDark	    804.1484	   1695.31	    0.0	    00000000     00000000	   1	[      6]
407   	0     	    253	              ""	    806.9375	   2789.06	    0.0	    00000000     00000000	   1	[       ]
408   	0     	      6	  NegLargeBright	    807.9570	   1019.53	    0.0	    00000000     00000000	   1	[      3]
409   	0     	      6	  NegLargeBright	    810.1016	   2144.53	    0.0	    00000000     00000000	   1	[      3]
410   	0     	      7	  NegSmallBright	    812.4453	   2343.75	    0.0	    00000000     00000000	   1	[      4]
411   	0     	     10	 NeutLargeBright	    814.6680	   2222.66	    0.0	    00000000     00000000	   1	[      7]
412   	0     	      8	   NeutLargeDark	    816.7227	   2054.69	    0.0	    00000000     00000000	   1	[      5]
413   	0     	      9	   NeutSmallDark	    818.9570	   2234.38	    0.0	    00000000     00000000	   1	[      6]
414   	0     	      5	    NegSmallDark	    821.0703	   2113.28	    0.0	    00000000     00000000	   1	[      2]
415   	0     	     10	 NeutLargeBright	    823.1016	   2031.25	    0.0	    00000000     00000000	   1	[      7]
416   	0     	      9	   NeutSmallDark	    825.3867	   2285.16	    0.0	    00000000     00000000	   1	[      6]
417   	0     	     12	     condition12	    827.8320	   2445.31	    0.0	    00000000     00000000	   1	[       ]
418   	0     	      2	      condition2	    828.3359	    503.91	    0.0	    00000000     00000000	   1	[       ]
419   	0     	     11	 NeutSmallBright	    830.1836	   1847.66	    0.0	    00000000     00000000	   1	[      8]
420   	0     	     11	 NeutSmallBright	    832.6992	   2515.62	    0.0	    00000000     00000000	   1	[      8]
421   	0     	     14	     condition14	    834.7617	   2062.50	    0.0	    00000000     00000000	   1	[       ]
422   	0     	      2	      condition2	    835.3359	    574.22	    0.0	    00000000     00000000	   1	[       ]
423   	0     	     11	 NeutSmallBright	    836.8164	   1480.47	    0.0	    00000000     00000000	   1	[      8]
424   	0     	      4	    NegLargeDark	    839.2422	   2425.78	    0.0	    00000000     00000000	   1	[      1]
425   	0     	      7	  NegSmallBright	    841.3164	   2074.22	    0.0	    00000000     00000000	   1	[      4]
426   	0     	      5	    NegSmallDark	    843.6875	   2371.09	    0.0	    00000000     00000000	   1	[      2]
427   	0     	      4	    NegLargeDark	    846.1641	   2476.56	    0.0	    00000000     00000000	   1	[      1]
428   	0     	      5	    NegSmallDark	    848.5586	   2394.53	    0.0	    00000000     00000000	   1	[      2]
429   	0     	      9	   NeutSmallDark	    850.8633	   2304.69	    0.0	    00000000     00000000	   1	[      6]
430   	0     	      6	  NegLargeBright	    853.1445	   2281.25	    0.0	    00000000     00000000	   1	[      3]
431   	0     	     13	     condition13	    855.4805	   2335.94	    0.0	    00000000     00000000	   1	[       ]
432   	0     	      2	      condition2	    856.0352	    554.69	    0.0	    00000000     00000000	   1	[       ]
433   	0     	      4	    NegLargeDark	    857.7344	   1699.22	    0.0	    00000000     00000000	   1	[      1]
434   	0     	      8	   NeutLargeDark	    859.8672	   2132.81	    0.0	    00000000     00000000	   1	[      5]
435   	0     	      6	  NegLargeBright	    862.1406	   2273.44	    0.0	    00000000     00000000	   1	[      3]
436   	0     	      5	    NegSmallDark	    864.3867	   2246.09	    0.0	    00000000     00000000	   1	[      2]
437   	0     	      8	   NeutLargeDark	    866.7695	   2382.81	    0.0	    00000000     00000000	   1	[      5]
438   	0     	      6	  NegLargeBright	    869.1523	   2382.81	    0.0	    00000000     00000000	   1	[      3]
439   	0     	      6	  NegLargeBright	    871.2461	   2093.75	    0.0	    00000000     00000000	   1	[      3]
440   	0     	     11	 NeutSmallBright	    873.2812	   2035.16	    0.0	    00000000     00000000	   1	[      8]
441   	0     	      6	  NegLargeBright	    875.3945	   2113.28	    0.0	    00000000     00000000	   1	[      3]
442   	0     	     11	 NeutSmallBright	    877.4883	   2093.75	    0.0	    00000000     00000000	   1	[      8]
443   	0     	     10	 NeutLargeBright	    879.9414	   2453.12	    0.0	    00000000     00000000	   1	[      7]
444   	0     	      6	  NegLargeBright	    882.2773	   2335.94	    0.0	    00000000     00000000	   1	[      3]
445   	0     	     10	 NeutLargeBright	    884.5117	   2234.38	    0.0	    00000000     00000000	   1	[      7]
446   	0     	      5	    NegSmallDark	    886.5625	   2050.78	    0.0	    00000000     00000000	   1	[      2]
447   	0     	      8	   NeutLargeDark	    889.0273	   2464.84	    0.0	    00000000     00000000	   1	[      5]
448   	0     	      8	   NeutLargeDark	    891.3125	   2285.16	    0.0	    00000000     00000000	   1	[      5]
449   	0     	      4	    NegLargeDark	    893.6680	   2355.47	    0.0	    00000000     00000000	   1	[      1]
450   	0     	     14	     condition14	    895.7812	   2113.28	    0.0	    00000000     00000000	   1	[       ]
451   	0     	      2	      condition2	    896.4375	    656.25	    0.0	    00000000     00000000	   1	[       ]
452   	0     	     12	     condition12	    898.0625	   1625.00	    0.0	    00000000     00000000	   1	[       ]
453   	0     	      9	   NeutSmallDark	    900.3867	   2324.22	    0.0	    00000000     00000000	   1	[      6]
454   	0     	      6	  NegLargeBright	    902.5938	   2207.03	    0.0	    00000000     00000000	   1	[      3]
455   	0     	     10	 NeutLargeBright	    904.8672	   2273.44	    0.0	    00000000     00000000	   1	[      7]
456   	0     	     11	 NeutSmallBright	    907.0000	   2132.81	    0.0	    00000000     00000000	   1	[      8]
457   	0     	      7	  NegSmallBright	    909.3945	   2394.53	    0.0	    00000000     00000000	   1	[      4]
458   	0     	      9	   NeutSmallDark	    911.4961	   2101.56	    0.0	    00000000     00000000	   1	[      6]
459   	0     	      8	   NeutLargeDark	    913.8633	   2367.19	    0.0	    00000000     00000000	   1	[      5]
460   	0     	      4	    NegLargeDark	    916.3750	   2511.72	    0.0	    00000000     00000000	   1	[      1]
461   	0     	     13	     condition13	    918.7305	   2355.47	    0.0	    00000000     00000000	   1	[       ]
462   	0     	      2	      condition2	    919.3438	    613.28	    0.0	    00000000     00000000	   1	[       ]
463   	0     	      7	  NegSmallBright	    920.9258	   1582.03	    0.0	    00000000     00000000	   1	[      4]
464   	0     	      7	  NegSmallBright	    923.1172	   2191.41	    0.0	    00000000     00000000	   1	[      4]
465   	0     	      7	  NegSmallBright	    925.5625	   2445.31	    0.0	    00000000     00000000	   1	[      4]
466   	0     	      4	    NegLargeDark	    927.9375	   2375.00	    0.0	    00000000     00000000	   1	[      1]
467   	0     	      5	    NegSmallDark	    930.4219	   2484.38	    0.0	    00000000     00000000	   1	[      2]
468   	0     	     11	 NeutSmallBright	    932.4453	   2023.44	    0.0	    00000000     00000000	   1	[      8]
469   	0     	      8	   NeutLargeDark	    934.8477	   2402.34	    0.0	    00000000     00000000	   1	[      5]
470   	0     	     12	     condition12	    937.0625	   2214.84	    0.0	    00000000     00000000	   1	[       ]
471   	0     	      2	      condition2	    937.7188	    656.25	    0.0	    00000000     00000000	   1	[       ]
472   	0     	     14	     condition14	    939.2969	   1578.12	    0.0	    00000000     00000000	   1	[       ]
473   	0     	      2	      condition2	    939.8555	    558.59	    0.0	    00000000     00000000	   1	[       ]
474   	0     	      4	    NegLargeDark	    941.5000	   1644.53	    0.0	    00000000     00000000	   1	[      1]
475   	0     	     13	     condition13	    943.6328	   2132.81	    0.0	    00000000     00000000	   1	[       ]
476   	0     	      2	      condition2	    944.1953	    562.50	    0.0	    00000000     00000000	   1	[       ]
477   	0     	      8	   NeutLargeDark	    945.7578	   1562.50	    0.0	    00000000     00000000	   1	[      5]
478   	0     	      4	    NegLargeDark	    947.8438	   2085.94	    0.0	    00000000     00000000	   1	[      1]
479   	0     	     15	     condition15	    950.1250	   2281.25	    0.0	    00000000     00000000	   1	[       ]
480   	0     	      2	      condition2	    951.0820	    957.03	    0.0	    00000000     00000000	   1	[       ]
481   	0     	     14	     condition14	    952.4297	   1347.66	    0.0	    00000000     00000000	   1	[       ]
482   	0     	      2	      condition2	    952.9805	    550.78	    0.0	    00000000     00000000	   1	[       ]
483   	0     	     11	 NeutSmallBright	    954.7422	   1761.72	    0.0	    00000000     00000000	   1	[      8]
484   	0     	     13	     condition13	    957.1680	   2425.78	    0.0	    00000000     00000000	   1	[       ]
485   	0     	      2	      condition2	    957.8672	    699.22	    0.0	    00000000     00000000	   1	[       ]
486   	0     	      5	    NegSmallDark	    959.6719	   1804.69	    0.0	    00000000     00000000	   1	[      2]
487   	0     	      5	    NegSmallDark	    961.9453	   2273.44	    0.0	    00000000     00000000	   1	[      2]
488   	0     	      5	    NegSmallDark	    964.1992	   2253.91	    0.0	    00000000     00000000	   1	[      2]
489   	0     	    253	              ""	    966.2188	   2019.53	    0.0	    00000000     00000000	   1	[       ]
490   	0     	     10	 NeutLargeBright	    967.2344	   1015.62	    0.0	    00000000     00000000	   1	[      7]
491   	0     	      5	    NegSmallDark	    969.2891	   2054.69	    0.0	    00000000     00000000	   1	[      2]
492   	0     	      9	   NeutSmallDark	    971.3516	   2062.50	    0.0	    00000000     00000000	   1	[      6]
493   	0     	     14	     condition14	    973.5391	   2187.50	    0.0	    00000000     00000000	   1	[       ]
494   	0     	      2	      condition2	    974.1055	    566.41	    0.0	    00000000     00000000	   1	[       ]
495   	0     	      9	   NeutSmallDark	    975.7930	   1687.50	    0.0	    00000000     00000000	   1	[      6]
496   	0     	     10	 NeutLargeBright	    978.2070	   2414.06	    0.0	    00000000     00000000	   1	[      7]
497   	0     	      8	   NeutLargeDark	    980.6094	   2402.34	    0.0	    00000000     00000000	   1	[      5]
498   	0     	     11	 NeutSmallBright	    982.8828	   2273.44	    0.0	    00000000     00000000	   1	[      8]
499   	0     	     14	     condition14	    985.1562	   2273.44	    0.0	    00000000     00000000	   1	[       ]
500   	0     	      2	      condition2	    985.8086	    652.34	    0.0	    00000000     00000000	   1	[       ]
501   	0     	      7	  NegSmallBright	    987.3633	   1554.69	    0.0	    00000000     00000000	   1	[      4]
502   	0     	      9	   NeutSmallDark	    989.5859	   2222.66	    0.0	    00000000     00000000	   1	[      6]
503   	0     	      6	  NegLargeBright	    992.0703	   2484.38	    0.0	    00000000     00000000	   1	[      3]
504   	0     	      9	   NeutSmallDark	    994.5156	   2445.31	    0.0	    00000000     00000000	   1	[      6]
505   	0     	      8	   NeutLargeDark	    996.9375	   2421.88	    0.0	    00000000     00000000	   1	[      5]
506   	0     	     14	     condition14	    999.0625	   2125.00	    0.0	    00000000     00000000	   1	[       ]
507   	0     	      2	      condition2	    999.6211	    558.59	    0.0	    00000000     00000000	   1	[       ]
508   	0     	      6	  NegLargeBright	   1001.2344	   1613.28	    0.0	    00000000     00000000	   1	[      3]
509   	0     	      6	  NegLargeBright	   1003.3008	   2066.41	    0.0	    00000000     00000000	   1	[      3]
510   	0     	     10	 NeutLargeBright	   1005.5430	   2242.19	    0.0	    00000000     00000000	   1	[      7]
511   	0     	     11	 NeutSmallBright	   1007.5859	   2042.97	    0.0	    00000000     00000000	   1	[      8]
512   	0     	      6	  NegLargeBright	   1009.6406	   2054.69	    0.0	    00000000     00000000	   1	[      3]
513   	0     	     12	     condition12	   1011.8359	   2195.31	    0.0	    00000000     00000000	   1	[       ]
514   	0     	      2	      condition2	   1012.3242	    488.28	    0.0	    00000000     00000000	   1	[       ]
515   	0     	     10	 NeutLargeBright	   1013.9766	   1652.34	    0.0	    00000000     00000000	   1	[      7]
516   	0     	      7	  NegSmallBright	   1016.1836	   2207.03	    0.0	    00000000     00000000	   1	[      4]
517   	0     	     10	 NeutLargeBright	   1018.4180	   2234.38	    0.0	    00000000     00000000	   1	[      7]
518   	0     	      6	  NegLargeBright	   1020.6992	   2281.25	    0.0	    00000000     00000000	   1	[      3]
519   	0     	      9	   NeutSmallDark	   1022.9453	   2246.09	    0.0	    00000000     00000000	   1	[      6]
520   	0     	     10	 NeutLargeBright	   1025.0586	   2113.28	    0.0	    00000000     00000000	   1	[      7]
521   	0     	      7	  NegSmallBright	   1027.2812	   2222.66	    0.0	    00000000     00000000	   1	[      4]
522   	0     	      5	    NegSmallDark	   1029.4648	   2183.59	    0.0	    00000000     00000000	   1	[      2]
523   	0     	      6	  NegLargeBright	   1031.9297	   2464.84	    0.0	    00000000     00000000	   1	[      3]
524   	0     	     12	     condition12	   1034.2422	   2312.50	    0.0	    00000000     00000000	   1	[       ]
525   	0     	      2	      condition2	   1034.7500	    507.81	    0.0	    00000000     00000000	   1	[       ]
526   	0     	      5	    NegSmallDark	   1036.2969	   1546.88	    0.0	    00000000     00000000	   1	[      2]
527   	0     	      7	  NegSmallBright	   1038.4219	   2125.00	    0.0	    00000000     00000000	   1	[      4]
528   	0     	     11	 NeutSmallBright	   1040.5938	   2171.88	    0.0	    00000000     00000000	   1	[      8]
529   	0     	     11	 NeutSmallBright	   1042.9375	   2343.75	    0.0	    00000000     00000000	   1	[      8]
530   	0     	      7	  NegSmallBright	   1045.1523	   2214.84	    0.0	    00000000     00000000	   1	[      4]
531   	0     	      9	   NeutSmallDark	   1047.6172	   2464.84	    0.0	    00000000     00000000	   1	[      6]
532   	0     	      4	    NegLargeDark	   1049.7695	   2152.34	    0.0	    00000000     00000000	   1	[      1]
533   	0     	      5	    NegSmallDark	   1051.9141	   2144.53	    0.0	    00000000     00000000	   1	[      2]
534   	0     	     10	 NeutLargeBright	   1054.4180	   2503.91	    0.0	    00000000     00000000	   1	[      7]
535   	0     	      7	  NegSmallBright	   1056.5312	   2113.28	    0.0	    00000000     00000000	   1	[      4]
536   	0     	     10	 NeutLargeBright	   1058.8984	   2367.19	    0.0	    00000000     00000000	   1	[      7]
537   	0     	     11	 NeutSmallBright	   1061.1328	   2234.38	    0.0	    00000000     00000000	   1	[      8]
538   	0     	      8	   NeutLargeDark	   1063.6367	   2503.91	    0.0	    00000000     00000000	   1	[      5]
539   	0     	     13	     condition13	   1066.0703	   2433.59	    0.0	    00000000     00000000	   1	[       ]
540   	0     	      2	      condition2	   1066.6328	    562.50	    0.0	    00000000     00000000	   1	[       ]
541   	0     	      6	  NegLargeBright	   1068.1445	   1511.72	    0.0	    00000000     00000000	   1	[      3]
542   	0     	     10	 NeutLargeBright	   1070.2070	   2062.50	    0.0	    00000000     00000000	   1	[      7]
543   	0     	     12	     condition12	   1072.4414	   2234.38	    0.0	    00000000     00000000	   1	[       ]
544   	0     	      2	      condition2	   1072.9297	    488.28	    0.0	    00000000     00000000	   1	[       ]
545   	0     	      6	  NegLargeBright	   1074.7148	   1785.16	    0.0	    00000000     00000000	   1	[      3]
546   	0     	      2	      condition2	   1075.8242	   1109.38	    0.0	    00000000     00000000	   1	[       ]
547   	0     	      5	    NegSmallDark	   1076.7383	    914.06	    0.0	    00000000     00000000	   1	[      2]
548   	0     	     12	     condition12	   1078.8711	   2132.81	    0.0	    00000000     00000000	   1	[       ]
549   	0     	      2	      condition2	   1079.5039	    632.81	    0.0	    00000000     00000000	   1	[       ]
550   	0     	      4	    NegLargeDark	   1080.9141	   1410.16	    0.0	    00000000     00000000	   1	[      1]
551   	0     	     10	 NeutLargeBright	   1083.3711	   2457.03	    0.0	    00000000     00000000	   1	[      7]
552   	0     	      7	  NegSmallBright	   1085.7539	   2382.81	    0.0	    00000000     00000000	   1	[      4]
553   	0     	      5	    NegSmallDark	   1087.8789	   2125.00	    0.0	    00000000     00000000	   1	[      2]
554   	0     	     12	     condition12	   1090.1016	   2222.66	    0.0	    00000000     00000000	   1	[       ]
555   	0     	      2	      condition2	   1090.6523	    550.78	    0.0	    00000000     00000000	   1	[       ]
556   	0     	     10	 NeutLargeBright	   1092.5859	   1933.59	    0.0	    00000000     00000000	   1	[      7]
557   	0     	      5	    NegSmallDark	   1094.8086	   2222.66	    0.0	    00000000     00000000	   1	[      2]
558   	0     	      6	  NegLargeBright	   1097.3359	   2527.34	    0.0	    00000000     00000000	   1	[      3]
559   	0     	      9	   NeutSmallDark	   1099.5000	   2164.06	    0.0	    00000000     00000000	   1	[      6]
560   	0     	      6	  NegLargeBright	   1101.5508	   2050.78	    0.0	    00000000     00000000	   1	[      3]
561   	0     	     14	     condition14	   1103.6641	   2113.28	    0.0	    00000000     00000000	   1	[       ]
562   	0     	      2	      condition2	   1104.2109	    546.88	    0.0	    00000000     00000000	   1	[       ]
563   	0     	     11	 NeutSmallBright	   1105.9805	   1769.53	    0.0	    00000000     00000000	   1	[      8]
564   	0     	      4	    NegLargeDark	   1108.4258	   2445.31	    0.0	    00000000     00000000	   1	[      1]
565   	0     	      6	  NegLargeBright	   1110.7969	   2371.09	    0.0	    00000000     00000000	   1	[      3]
566   	0     	      8	   NeutLargeDark	   1113.0234	   2226.56	    0.0	    00000000     00000000	   1	[      5]
567   	0     	     11	 NeutSmallBright	   1115.4375	   2414.06	    0.0	    00000000     00000000	   1	[      8]
568   	0     	      4	    NegLargeDark	   1117.5312	   2093.75	    0.0	    00000000     00000000	   1	[      1]
569   	0     	      4	    NegLargeDark	   1119.9141	   2382.81	    0.0	    00000000     00000000	   1	[      1]
570   	0     	     10	 NeutLargeBright	   1122.2695	   2355.47	    0.0	    00000000     00000000	   1	[      7]
571   	0     	    253	              ""	   1124.3906	   2121.09	    0.0	    00000000     00000000	   1	[       ]
572   	0     	      6	  NegLargeBright	   1125.3945	   1003.91	    0.0	    00000000     00000000	   1	[      3]
573   	0     	     12	     condition12	   1127.5195	   2125.00	    0.0	    00000000     00000000	   1	[       ]
574   	0     	      2	      condition2	   1128.0039	    484.38	    0.0	    00000000     00000000	   1	[       ]
575   	0     	      9	   NeutSmallDark	   1129.7617	   1757.81	    0.0	    00000000     00000000	   1	[      6]
576   	0     	      6	  NegLargeBright	   1131.8672	   2105.47	    0.0	    00000000     00000000	   1	[      3]
577   	0     	     11	 NeutSmallBright	   1134.3516	   2484.38	    0.0	    00000000     00000000	   1	[      8]
578   	0     	      4	    NegLargeDark	   1136.4531	   2101.56	    0.0	    00000000     00000000	   1	[      1]
579   	0     	     10	 NeutLargeBright	   1138.7070	   2253.91	    0.0	    00000000     00000000	   1	[      7]
580   	0     	      7	  NegSmallBright	   1140.8828	   2175.78	    0.0	    00000000     00000000	   1	[      4]
581   	0     	      7	  NegSmallBright	   1143.0156	   2132.81	    0.0	    00000000     00000000	   1	[      4]
582   	0     	      8	   NeutLargeDark	   1145.5391	   2523.44	    0.0	    00000000     00000000	   1	[      5]
583   	0     	     11	 NeutSmallBright	   1148.0430	   2503.91	    0.0	    00000000     00000000	   1	[      8]
584   	0     	      6	  NegLargeBright	   1150.5273	   2484.38	    0.0	    00000000     00000000	   1	[      3]
585   	0     	      6	  NegLargeBright	   1152.9922	   2464.84	    0.0	    00000000     00000000	   1	[      3]
586   	0     	      9	   NeutSmallDark	   1155.1758	   2183.59	    0.0	    00000000     00000000	   1	[      6]
587   	0     	      9	   NeutSmallDark	   1157.6133	   2437.50	    0.0	    00000000     00000000	   1	[      6]
588   	0     	     11	 NeutSmallBright	   1159.8750	   2261.72	    0.0	    00000000     00000000	   1	[      8]
589   	0     	      7	  NegSmallBright	   1162.2812	   2406.25	    0.0	    00000000     00000000	   1	[      4]
590   	0     	      8	   NeutLargeDark	   1164.3750	   2093.75	    0.0	    00000000     00000000	   1	[      5]
591   	0     	     11	 NeutSmallBright	   1166.6758	   2300.78	    0.0	    00000000     00000000	   1	[      8]
592   	0     	      9	   NeutSmallDark	   1169.1016	   2425.78	    0.0	    00000000     00000000	   1	[      6]
593   	0     	      8	   NeutLargeDark	   1171.1836	   2082.03	    0.0	    00000000     00000000	   1	[      5]
594   	0     	     15	     condition15	   1173.4883	   2304.69	    0.0	    00000000     00000000	   1	[       ]
595   	0     	      2	      condition2	   1174.2188	    730.47	    0.0	    00000000     00000000	   1	[       ]
596   	0     	      6	  NegLargeBright	   1175.8828	   1664.06	    0.0	    00000000     00000000	   1	[      3]
597   	0     	      8	   NeutLargeDark	   1178.2070	   2324.22	    0.0	    00000000     00000000	   1	[      5]
598   	0     	      8	   NeutLargeDark	   1180.3633	   2156.25	    0.0	    00000000     00000000	   1	[      5]
599   	0     	      7	  NegSmallBright	   1182.7461	   2382.81	    0.0	    00000000     00000000	   1	[      4]
600   	0     	      5	    NegSmallDark	   1185.1211	   2375.00	    0.0	    00000000     00000000	   1	[      2]
601   	0     	     11	 NeutSmallBright	   1187.2422	   2121.09	    0.0	    00000000     00000000	   1	[      8]
602   	0     	     12	     condition12	   1189.2773	   2035.16	    0.0	    00000000     00000000	   1	[       ]
603   	0     	      2	      condition2	   1189.8164	    539.06	    0.0	    00000000     00000000	   1	[       ]
604   	0     	     10	 NeutLargeBright	   1191.3828	   1566.41	    0.0	    00000000     00000000	   1	[      7]
605   	0     	      5	    NegSmallDark	   1193.7344	   2351.56	    0.0	    00000000     00000000	   1	[      2]
606   	0     	      4	    NegLargeDark	   1195.8906	   2156.25	    0.0	    00000000     00000000	   1	[      1]
607   	0     	     14	     condition14	   1198.0625	   2171.88	    0.0	    00000000     00000000	   1	[       ]
608   	0     	      2	      condition2	   1198.6719	    609.38	    0.0	    00000000     00000000	   1	[       ]
609   	0     	      7	  NegSmallBright	   1200.5273	   1855.47	    0.0	    00000000     00000000	   1	[      4]
610   	0     	      8	   NeutLargeDark	   1202.6016	   2074.22	    0.0	    00000000     00000000	   1	[      5]
611   	0     	     10	 NeutLargeBright	   1204.9258	   2324.22	    0.0	    00000000     00000000	   1	[      7]
612   	0     	      8	   NeutLargeDark	   1207.1289	   2203.12	    0.0	    00000000     00000000	   1	[      5]
613   	0     	      7	  NegSmallBright	   1209.4922	   2363.28	    0.0	    00000000     00000000	   1	[      4]
614   	0     	      9	   NeutSmallDark	   1211.7656	   2273.44	    0.0	    00000000     00000000	   1	[      6]
615   	0     	      9	   NeutSmallDark	   1213.9922	   2226.56	    0.0	    00000000     00000000	   1	[      6]
616   	0     	      6	  NegLargeBright	   1216.2344	   2242.19	    0.0	    00000000     00000000	   1	[      3]
617   	0     	      4	    NegLargeDark	   1218.6875	   2453.12	    0.0	    00000000     00000000	   1	[      1]
618   	0     	      6	  NegLargeBright	   1220.7617	   2074.22	    0.0	    00000000     00000000	   1	[      3]
619   	0     	      9	   NeutSmallDark	   1222.9961	   2234.38	    0.0	    00000000     00000000	   1	[      6]
620   	0     	      9	   NeutSmallDark	   1225.1719	   2175.78	    0.0	    00000000     00000000	   1	[      6]
621   	0     	     15	     condition15	   1227.2422	   2070.31	    0.0	    00000000     00000000	   1	[       ]
622   	0     	      2	      condition2	   1227.9844	    742.19	    0.0	    00000000     00000000	   1	[       ]
623   	0     	      6	  NegLargeBright	   1229.5898	   1605.47	    0.0	    00000000     00000000	   1	[      3]
624   	0     	     14	     condition14	   1231.9609	   2371.09	    0.0	    00000000     00000000	   1	[       ]
625   	0     	      2	      condition2	   1232.5195	    558.59	    0.0	    00000000     00000000	   1	[       ]
626   	0     	     10	 NeutLargeBright	   1234.2578	   1738.28	    0.0	    00000000     00000000	   1	[      7]
627   	0     	      8	   NeutLargeDark	   1236.4414	   2183.59	    0.0	    00000000     00000000	   1	[      5]
628   	0     	      7	  NegSmallBright	   1238.7930	   2351.56	    0.0	    00000000     00000000	   1	[      4]
629   	0     	     10	 NeutLargeBright	   1240.9375	   2144.53	    0.0	    00000000     00000000	   1	[      7]
630   	0     	      7	  NegSmallBright	   1243.2422	   2304.69	    0.0	    00000000     00000000	   1	[      4]
631   	0     	     14	     condition14	   1245.6367	   2394.53	    0.0	    00000000     00000000	   1	[       ]
632   	0     	      2	      condition2	   1246.1680	    531.25	    0.0	    00000000     00000000	   1	[       ]
633   	0     	     10	 NeutLargeBright	   1248.0000	   1832.03	    0.0	    00000000     00000000	   1	[      7]
634   	0     	     11	 NeutSmallBright	   1250.4258	   2425.78	    0.0	    00000000     00000000	   1	[      8]
635   	0     	      8	   NeutLargeDark	   1252.7070	   2281.25	    0.0	    00000000     00000000	   1	[      5]
636   	0     	     11	 NeutSmallBright	   1254.9844	   2277.34	    0.0	    00000000     00000000	   1	[      8]
637   	0     	     14	     condition14	   1257.3555	   2371.09	    0.0	    00000000     00000000	   1	[       ]
638   	0     	      2	      condition2	   1257.8945	    539.06	    0.0	    00000000     00000000	   1	[       ]
639   	0     	      8	   NeutLargeDark	   1259.6016	   1707.03	    0.0	    00000000     00000000	   1	[      5]
640   	0     	      4	    NegLargeDark	   1261.8359	   2234.38	    0.0	    00000000     00000000	   1	[      1]
641   	0     	      8	   NeutLargeDark	   1263.9688	   2132.81	    0.0	    00000000     00000000	   1	[      5]
642   	0     	     10	 NeutLargeBright	   1266.2734	   2304.69	    0.0	    00000000     00000000	   1	[      7]
643   	0     	      5	    NegSmallDark	   1268.3672	   2093.75	    0.0	    00000000     00000000	   1	[      2]
644   	0     	      9	   NeutSmallDark	   1270.4180	   2050.78	    0.0	    00000000     00000000	   1	[      6]
645   	0     	      6	  NegLargeBright	   1272.7539	   2335.94	    0.0	    00000000     00000000	   1	[      3]
646   	0     	      8	   NeutLargeDark	   1275.2773	   2523.44	    0.0	    00000000     00000000	   1	[      5]
647   	0     	      8	   NeutLargeDark	   1277.7109	   2433.59	    0.0	    00000000     00000000	   1	[      5]
648   	0     	      6	  NegLargeBright	   1280.1250	   2414.06	    0.0	    00000000     00000000	   1	[      3]
649   	0     	      7	  NegSmallBright	   1282.5195	   2394.53	    0.0	    00000000     00000000	   1	[      4]
