#  Non-editable header begin --------------------------------------------------------------------------------
# 
#  data format...............: continuous
#  setname...................: BDF file
#  filename..................: none_specified
#  filepath..................: none_specified
#  nchan.....................: 64
#  pnts......................: 328704
#  srate.....................: 256
#  nevents...................: 643
#  generated by (bdf)........: 
#  generated by (set)........: BDF file
#  reported in ..............: 
#  prog Version..............: 8.02
#  creation date.............: 16-Nov-2020 14:58:17
#  user Account..............: 
# 
#  Non-editable header end --------------------------------------------------------------------------------

	bin 1,	# 60,	NegLargeDark
	bin 2,	# 60,	NegSmallDark
	bin 3,	# 60,	NegLargeBright
	bin 4,	# 60,	NegSmallBright
	bin 5,	# 60,	NeutLargeDark
	bin 6,	# 60,	NeutSmallDark
	bin 7,	# 60,	NeutLargeBright
	bin 8,	# 60,	NeutSmallBright



# item	 bepoch	  ecode	            label	      onset	          diff	     dura	b_flags	   a_flags	  enable	    bin
#                                                 (sec)           (msec)     (msec)    (binary)   (binary)


1     	0     	    253	              ""	      0.6562	      0.00	    0.0	    00000000     00000000	   1	[       ]
2     	0     	      5	    NegSmallDark	      1.6602	   1003.91	    0.0	    00000000     00000000	   1	[      2]
3     	0     	     10	 NeutLargeBright	      3.8438	   2183.59	    0.0	    00000000     00000000	   1	[      7]
4     	0     	      4	    NegLargeDark	      5.8867	   2042.97	    0.0	    00000000     00000000	   1	[      1]
5     	0     	      8	   NeutLargeDark	      8.2539	   2367.19	    0.0	    00000000     00000000	   1	[      5]
6     	0     	      7	  NegSmallBright	     10.7070	   2453.12	    0.0	    00000000     00000000	   1	[      4]
7     	0     	      9	   NeutSmallDark	     13.2109	   2503.91	    0.0	    00000000     00000000	   1	[      6]
8     	0     	      8	   NeutLargeDark	     15.3867	   2175.78	    0.0	    00000000     00000000	   1	[      5]
9     	0     	      7	  NegSmallBright	     17.5977	   2210.94	    0.0	    00000000     00000000	   1	[      4]
10    	0     	      5	    NegSmallDark	     20.0625	   2464.84	    0.0	    00000000     00000000	   1	[      2]
11    	0     	      5	    NegSmallDark	     22.3086	   2246.09	    0.0	    00000000     00000000	   1	[      2]
12    	0     	      7	  NegSmallBright	     24.7734	   2464.84	    0.0	    00000000     00000000	   1	[      4]
13    	0     	     11	 NeutSmallBright	     26.8047	   2031.25	    0.0	    00000000     00000000	   1	[      8]
14    	0     	      6	  NegLargeBright	     29.3086	   2503.91	    0.0	    00000000     00000000	   1	[      3]
15    	0     	     10	 NeutLargeBright	     31.5742	   2265.62	    0.0	    00000000     00000000	   1	[      7]
16    	0     	      7	  NegSmallBright	     33.8164	   2242.19	    0.0	    00000000     00000000	   1	[      4]
17    	0     	      7	  NegSmallBright	     35.9297	   2113.28	    0.0	    00000000     00000000	   1	[      4]
18    	0     	      5	    NegSmallDark	     38.4141	   2484.38	    0.0	    00000000     00000000	   1	[      2]
19    	0     	     10	 NeutLargeBright	     40.8398	   2425.78	    0.0	    00000000     00000000	   1	[      7]
20    	0     	     12	     condition12	     42.9336	   2093.75	    0.0	    00000000     00000000	   1	[       ]
21    	0     	      2	      condition2	     43.5000	    566.41	    0.0	    00000000     00000000	   1	[       ]
22    	0     	      4	    NegLargeDark	     45.3164	   1816.41	    0.0	    00000000     00000000	   1	[      1]
23    	0     	      8	   NeutLargeDark	     47.5625	   2246.09	    0.0	    00000000     00000000	   1	[      5]
24    	0     	      9	   NeutSmallDark	     49.6172	   2054.69	    0.0	    00000000     00000000	   1	[      6]
25    	0     	     15	     condition15	     51.8984	   2281.25	    0.0	    00000000     00000000	   1	[       ]
26    	0     	      2	      condition2	     52.5469	    648.44	    0.0	    00000000     00000000	   1	[       ]
27    	0     	      4	    NegLargeDark	     54.0430	   1496.09	    0.0	    00000000     00000000	   1	[      1]
28    	0     	      8	   NeutLargeDark	     56.1875	   2144.53	    0.0	    00000000     00000000	   1	[      5]
29    	0     	      6	  NegLargeBright	     58.3906	   2203.12	    0.0	    00000000     00000000	   1	[      3]
30    	0     	      9	   NeutSmallDark	     60.6562	   2265.62	    0.0	    00000000     00000000	   1	[      6]
31    	0     	      4	    NegLargeDark	     63.0508	   2394.53	    0.0	    00000000     00000000	   1	[      1]
32    	0     	      8	   NeutLargeDark	     65.3828	   2332.03	    0.0	    00000000     00000000	   1	[      5]
33    	0     	      9	   NeutSmallDark	     67.5156	   2132.81	    0.0	    00000000     00000000	   1	[      6]
34    	0     	      6	  NegLargeBright	     69.7305	   2214.84	    0.0	    00000000     00000000	   1	[      3]
35    	0     	      8	   NeutLargeDark	     71.7852	   2054.69	    0.0	    00000000     00000000	   1	[      5]
36    	0     	      7	  NegSmallBright	     73.9375	   2152.34	    0.0	    00000000     00000000	   1	[      4]
37    	0     	     10	 NeutLargeBright	     76.3516	   2414.06	    0.0	    00000000     00000000	   1	[      7]
38    	0     	      4	    NegLargeDark	     78.5352	   2183.59	    0.0	    00000000     00000000	   1	[      1]
39    	0     	     11	 NeutSmallBright	     81.0508	   2515.62	    0.0	    00000000     00000000	   1	[      8]
40    	0     	      6	  NegLargeBright	     83.5742	   2523.44	    0.0	    00000000     00000000	   1	[      3]
41    	0     	      4	    NegLargeDark	     85.7500	   2175.78	    0.0	    00000000     00000000	   1	[      1]
42    	0     	      7	  NegSmallBright	     87.8125	   2062.50	    0.0	    00000000     00000000	   1	[      4]
43    	0     	     14	     condition14	     90.2578	   2445.31	    0.0	    00000000     00000000	   1	[       ]
44    	0     	      2	      condition2	     90.9102	    652.34	    0.0	    00000000     00000000	   1	[       ]
45    	0     	      7	  NegSmallBright	     92.3516	   1441.41	    0.0	    00000000     00000000	   1	[      4]
46    	0     	      8	   NeutLargeDark	     94.8359	   2484.38	    0.0	    00000000     00000000	   1	[      5]
47    	0     	     10	 NeutLargeBright	     97.0000	   2164.06	    0.0	    00000000     00000000	   1	[      7]
48    	0     	     12	     condition12	     99.1719	   2171.88	    0.0	    00000000     00000000	   1	[       ]
49    	0     	      2	      condition2	     99.8359	    664.06	    0.0	    00000000     00000000	   1	[       ]
50    	0     	      7	  NegSmallBright	    101.3750	   1539.06	    0.0	    00000000     00000000	   1	[      4]
51    	0     	     12	     condition12	    103.9023	   2527.34	    0.0	    00000000     00000000	   1	[       ]
52    	0     	      2	      condition2	    104.5859	    683.59	    0.0	    00000000     00000000	   1	[       ]
53    	0     	     15	     condition15	    106.0938	   1507.81	    0.0	    00000000     00000000	   1	[       ]
54    	0     	      2	      condition2	    106.9297	    835.94	    0.0	    00000000     00000000	   1	[       ]
55    	0     	      6	  NegLargeBright	    108.3398	   1410.16	    0.0	    00000000     00000000	   1	[      3]
56    	0     	     12	     condition12	    110.8125	   2472.66	    0.0	    00000000     00000000	   1	[       ]
57    	0     	      2	      condition2	    111.4180	    605.47	    0.0	    00000000     00000000	   1	[       ]
58    	0     	     11	 NeutSmallBright	    113.2461	   1828.12	    0.0	    00000000     00000000	   1	[      8]
59    	0     	      6	  NegLargeBright	    115.5000	   2253.91	    0.0	    00000000     00000000	   1	[      3]
60    	0     	     10	 NeutLargeBright	    117.7656	   2265.62	    0.0	    00000000     00000000	   1	[      7]
61    	0     	      6	  NegLargeBright	    120.1289	   2363.28	    0.0	    00000000     00000000	   1	[      3]
62    	0     	      4	    NegLargeDark	    122.6328	   2503.91	    0.0	    00000000     00000000	   1	[      1]
63    	0     	     11	 NeutSmallBright	    124.9883	   2355.47	    0.0	    00000000     00000000	   1	[      8]
64    	0     	      8	   NeutLargeDark	    127.2539	   2265.62	    0.0	    00000000     00000000	   1	[      5]
65    	0     	      8	   NeutLargeDark	    129.6680	   2414.06	    0.0	    00000000     00000000	   1	[      5]
66    	0     	      4	    NegLargeDark	    131.9219	   2253.91	    0.0	    00000000     00000000	   1	[      1]
67    	0     	     10	 NeutLargeBright	    134.2656	   2343.75	    0.0	    00000000     00000000	   1	[      7]
68    	0     	      9	   NeutSmallDark	    136.7891	   2523.44	    0.0	    00000000     00000000	   1	[      6]
69    	0     	      6	  NegLargeBright	    139.0039	   2214.84	    0.0	    00000000     00000000	   1	[      3]
70    	0     	      6	  NegLargeBright	    141.1562	   2152.34	    0.0	    00000000     00000000	   1	[      3]
71    	0     	      9	   NeutSmallDark	    143.5391	   2382.81	    0.0	    00000000     00000000	   1	[      6]
72    	0     	      9	   NeutSmallDark	    145.8359	   2296.88	    0.0	    00000000     00000000	   1	[      6]
73    	0     	      7	  NegSmallBright	    148.0781	   2242.19	    0.0	    00000000     00000000	   1	[      4]
74    	0     	      9	   NeutSmallDark	    150.4531	   2375.00	    0.0	    00000000     00000000	   1	[      6]
75    	0     	     11	 NeutSmallBright	    152.8359	   2382.81	    0.0	    00000000     00000000	   1	[      8]
76    	0     	      8	   NeutLargeDark	    155.2305	   2394.53	    0.0	    00000000     00000000	   1	[      5]
77    	0     	      4	    NegLargeDark	    157.4141	   2183.59	    0.0	    00000000     00000000	   1	[      1]
78    	0     	      8	   NeutLargeDark	    159.8789	   2464.84	    0.0	    00000000     00000000	   1	[      5]
79    	0     	      9	   NeutSmallDark	    163.0742	   3195.31	    0.0	    00000000     00000000	   1	[      6]
80    	0     	     13	     condition13	    165.3281	   2253.91	    0.0	    00000000     00000000	   1	[       ]
81    	0     	      2	      condition2	    165.8867	    558.59	    0.0	    00000000     00000000	   1	[       ]
82    	0     	      8	   NeutLargeDark	    167.6445	   1757.81	    0.0	    00000000     00000000	   1	[      5]
83    	0     	      6	  NegLargeBright	    169.8164	   2171.88	    0.0	    00000000     00000000	   1	[      3]
84    	0     	     10	 NeutLargeBright	    172.0820	   2265.62	    0.0	    00000000     00000000	   1	[      7]
85    	0     	     13	     condition13	    174.2344	   2152.34	    0.0	    00000000     00000000	   1	[       ]
86    	0     	      2	      condition2	    174.8281	    593.75	    0.0	    00000000     00000000	   1	[       ]
87    	0     	      7	  NegSmallBright	    176.6602	   1832.03	    0.0	    00000000     00000000	   1	[      4]
88    	0     	     13	     condition13	    179.1641	   2503.91	    0.0	    00000000     00000000	   1	[       ]
89    	0     	      2	      condition2	    179.8672	    703.12	    0.0	    00000000     00000000	   1	[       ]
90    	0     	     12	     condition12	    181.6992	   1832.03	    0.0	    00000000     00000000	   1	[       ]
91    	0     	      2	      condition2	    182.2852	    585.94	    0.0	    00000000     00000000	   1	[       ]
92    	0     	     11	 NeutSmallBright	    183.9609	   1675.78	    0.0	    00000000     00000000	   1	[      8]
93    	0     	      9	   NeutSmallDark	    186.1680	   2207.03	    0.0	    00000000     00000000	   1	[      6]
94    	0     	      9	   NeutSmallDark	    188.4414	   2273.44	    0.0	    00000000     00000000	   1	[      6]
95    	0     	     11	 NeutSmallBright	    190.5859	   2144.53	    0.0	    00000000     00000000	   1	[      8]
96    	0     	      5	    NegSmallDark	    193.0000	   2414.06	    0.0	    00000000     00000000	   1	[      2]
97    	0     	     11	 NeutSmallBright	    195.3320	   2332.03	    0.0	    00000000     00000000	   1	[      8]
98    	0     	      4	    NegLargeDark	    197.7383	   2406.25	    0.0	    00000000     00000000	   1	[      1]
99    	0     	      9	   NeutSmallDark	    200.1211	   2382.81	    0.0	    00000000     00000000	   1	[      6]
100   	0     	      5	    NegSmallDark	    202.3438	   2222.66	    0.0	    00000000     00000000	   1	[      2]
101   	0     	     15	     condition15	    204.4102	   2066.41	    0.0	    00000000     00000000	   1	[       ]
102   	0     	      2	      condition2	    205.0312	    621.09	    0.0	    00000000     00000000	   1	[       ]
103   	0     	      4	    NegLargeDark	    206.5938	   1562.50	    0.0	    00000000     00000000	   1	[      1]
104   	0     	      4	    NegLargeDark	    208.8164	   2222.66	    0.0	    00000000     00000000	   1	[      1]
105   	0     	      4	    NegLargeDark	    211.2305	   2414.06	    0.0	    00000000     00000000	   1	[      1]
106   	0     	     11	 NeutSmallBright	    213.5039	   2273.44	    0.0	    00000000     00000000	   1	[      8]
107   	0     	      5	    NegSmallDark	    215.7891	   2285.16	    0.0	    00000000     00000000	   1	[      2]
108   	0     	      7	  NegSmallBright	    218.0742	   2285.16	    0.0	    00000000     00000000	   1	[      4]
109   	0     	      6	  NegLargeBright	    220.1680	   2093.75	    0.0	    00000000     00000000	   1	[      3]
110   	0     	      6	  NegLargeBright	    222.2109	   2042.97	    0.0	    00000000     00000000	   1	[      3]
111   	0     	      8	   NeutLargeDark	    224.2734	   2062.50	    0.0	    00000000     00000000	   1	[      5]
112   	0     	      4	    NegLargeDark	    226.4180	   2144.53	    0.0	    00000000     00000000	   1	[      1]
113   	0     	      4	    NegLargeDark	    228.9219	   2503.91	    0.0	    00000000     00000000	   1	[      1]
114   	0     	     12	     condition12	    231.2656	   2343.75	    0.0	    00000000     00000000	   1	[       ]
115   	0     	      2	      condition2	    232.0195	    753.91	    0.0	    00000000     00000000	   1	[       ]
116   	0     	      4	    NegLargeDark	    233.7617	   1742.19	    0.0	    00000000     00000000	   1	[      1]
117   	0     	      5	    NegSmallDark	    236.1953	   2433.59	    0.0	    00000000     00000000	   1	[      2]
118   	0     	     14	     condition14	    238.6797	   2484.38	    0.0	    00000000     00000000	   1	[       ]
119   	0     	      2	      condition2	    239.2852	    605.47	    0.0	    00000000     00000000	   1	[       ]
120   	0     	      5	    NegSmallDark	    240.9023	   1617.19	    0.0	    00000000     00000000	   1	[      2]
121   	0     	      7	  NegSmallBright	    243.0859	   2183.59	    0.0	    00000000     00000000	   1	[      4]
122   	0     	      9	   NeutSmallDark	    245.5625	   2476.56	    0.0	    00000000     00000000	   1	[      6]
123   	0     	     11	 NeutSmallBright	    248.0039	   2441.41	    0.0	    00000000     00000000	   1	[      8]
124   	0     	      5	    NegSmallDark	    250.1094	   2105.47	    0.0	    00000000     00000000	   1	[      2]
125   	0     	      6	  NegLargeBright	    252.1641	   2054.69	    0.0	    00000000     00000000	   1	[      3]
126   	0     	      4	    NegLargeDark	    254.5977	   2433.59	    0.0	    00000000     00000000	   1	[      1]
127   	0     	     14	     condition14	    257.1094	   2511.72	    0.0	    00000000     00000000	   1	[       ]
128   	0     	      2	      condition2	    257.7266	    617.19	    0.0	    00000000     00000000	   1	[       ]
129   	0     	     11	 NeutSmallBright	    259.4766	   1750.00	    0.0	    00000000     00000000	   1	[      8]
130   	0     	      8	   NeutLargeDark	    261.8477	   2371.09	    0.0	    00000000     00000000	   1	[      5]
131   	0     	     11	 NeutSmallBright	    264.0234	   2175.78	    0.0	    00000000     00000000	   1	[      8]
132   	0     	      7	  NegSmallBright	    266.5391	   2515.62	    0.0	    00000000     00000000	   1	[      4]
133   	0     	     13	     condition13	    268.6211	   2082.03	    0.0	    00000000     00000000	   1	[       ]
134   	0     	      2	      condition2	    269.7891	   1167.97	    0.0	    00000000     00000000	   1	[       ]
135   	0     	      5	    NegSmallDark	    271.0352	   1246.09	    0.0	    00000000     00000000	   1	[      2]
136   	0     	      5	    NegSmallDark	    273.3086	   2273.44	    0.0	    00000000     00000000	   1	[      2]
137   	0     	      4	    NegLargeDark	    275.8242	   2515.62	    0.0	    00000000     00000000	   1	[      1]
138   	0     	     11	 NeutSmallBright	    277.9766	   2152.34	    0.0	    00000000     00000000	   1	[      8]
139   	0     	     11	 NeutSmallBright	    280.2812	   2304.69	    0.0	    00000000     00000000	   1	[      8]
140   	0     	      6	  NegLargeBright	    282.5859	   2304.69	    0.0	    00000000     00000000	   1	[      3]
141   	0     	      8	   NeutLargeDark	    284.7812	   2195.31	    0.0	    00000000     00000000	   1	[      5]
142   	0     	      6	  NegLargeBright	    287.0742	   2292.97	    0.0	    00000000     00000000	   1	[      3]
143   	0     	      7	  NegSmallBright	    289.3086	   2234.38	    0.0	    00000000     00000000	   1	[      4]
144   	0     	      8	   NeutLargeDark	    291.7617	   2453.12	    0.0	    00000000     00000000	   1	[      5]
145   	0     	     14	     condition14	    293.9844	   2222.66	    0.0	    00000000     00000000	   1	[       ]
146   	0     	      2	      condition2	    294.6016	    617.19	    0.0	    00000000     00000000	   1	[       ]
147   	0     	      5	    NegSmallDark	    296.0703	   1468.75	    0.0	    00000000     00000000	   1	[      2]
148   	0     	      4	    NegLargeDark	    298.1133	   2042.97	    0.0	    00000000     00000000	   1	[      1]
149   	0     	      9	   NeutSmallDark	    300.3164	   2203.12	    0.0	    00000000     00000000	   1	[      6]
150   	0     	      7	  NegSmallBright	    302.6914	   2375.00	    0.0	    00000000     00000000	   1	[      4]
151   	0     	      9	   NeutSmallDark	    304.9648	   2273.44	    0.0	    00000000     00000000	   1	[      6]
152   	0     	     10	 NeutLargeBright	    307.0703	   2105.47	    0.0	    00000000     00000000	   1	[      7]
153   	0     	     11	 NeutSmallBright	    309.4141	   2343.75	    0.0	    00000000     00000000	   1	[      8]
154   	0     	      8	   NeutLargeDark	    311.4570	   2042.97	    0.0	    00000000     00000000	   1	[      5]
155   	0     	     15	     condition15	    313.5000	   2042.97	    0.0	    00000000     00000000	   1	[       ]
156   	0     	      2	      condition2	    314.3516	    851.56	    0.0	    00000000     00000000	   1	[       ]
157   	0     	     11	 NeutSmallBright	    315.8555	   1503.91	    0.0	    00000000     00000000	   1	[      8]
158   	0     	     15	     condition15	    318.3398	   2484.38	    0.0	    00000000     00000000	   1	[       ]
159   	0     	     11	 NeutSmallBright	    320.3906	   2050.78	    0.0	    00000000     00000000	   1	[      8]
160   	0     	      5	    NegSmallDark	    323.4375	   3046.88	    0.0	    00000000     00000000	   1	[      2]
161   	0     	      9	   NeutSmallDark	    325.9297	   2492.19	    0.0	    00000000     00000000	   1	[      6]
162   	0     	     10	 NeutLargeBright	    328.3867	   2457.03	    0.0	    00000000     00000000	   1	[      7]
163   	0     	      7	  NegSmallBright	    330.5000	   2113.28	    0.0	    00000000     00000000	   1	[      4]
164   	0     	     10	 NeutLargeBright	    332.7734	   2273.44	    0.0	    00000000     00000000	   1	[      7]
165   	0     	      5	    NegSmallDark	    335.1289	   2355.47	    0.0	    00000000     00000000	   1	[      2]
166   	0     	      8	   NeutLargeDark	    337.6602	   2531.25	    0.0	    00000000     00000000	   1	[      5]
167   	0     	      8	   NeutLargeDark	    339.7070	   2046.88	    0.0	    00000000     00000000	   1	[      5]
168   	0     	     15	     condition15	    342.0312	   2324.22	    0.0	    00000000     00000000	   1	[       ]
169   	0     	      2	      condition2	    342.7539	    722.66	    0.0	    00000000     00000000	   1	[       ]
170   	0     	      6	  NegLargeBright	    344.5156	   1761.72	    0.0	    00000000     00000000	   1	[      3]
171   	0     	      8	   NeutLargeDark	    346.7773	   2261.72	    0.0	    00000000     00000000	   1	[      5]
172   	0     	      7	  NegSmallBright	    348.8125	   2035.16	    0.0	    00000000     00000000	   1	[      4]
173   	0     	      6	  NegLargeBright	    350.9961	   2183.59	    0.0	    00000000     00000000	   1	[      3]
174   	0     	      5	    NegSmallDark	    353.3203	   2324.22	    0.0	    00000000     00000000	   1	[      2]
175   	0     	      6	  NegLargeBright	    355.6445	   2324.22	    0.0	    00000000     00000000	   1	[      3]
176   	0     	      9	   NeutSmallDark	    357.9883	   2343.75	    0.0	    00000000     00000000	   1	[      6]
177   	0     	     10	 NeutLargeBright	    360.4609	   2472.66	    0.0	    00000000     00000000	   1	[      7]
178   	0     	      7	  NegSmallBright	    362.6367	   2175.78	    0.0	    00000000     00000000	   1	[      4]
179   	0     	      8	   NeutLargeDark	    365.0391	   2402.34	    0.0	    00000000     00000000	   1	[      5]
180   	0     	      6	  NegLargeBright	    367.1523	   2113.28	    0.0	    00000000     00000000	   1	[      3]
181   	0     	      4	    NegLargeDark	    369.4688	   2316.41	    0.0	    00000000     00000000	   1	[      1]
182   	0     	     11	 NeutSmallBright	    371.5117	   2042.97	    0.0	    00000000     00000000	   1	[      8]
183   	0     	      5	    NegSmallDark	    373.8047	   2292.97	    0.0	    00000000     00000000	   1	[      2]
184   	0     	      5	    NegSmallDark	    376.2500	   2445.31	    0.0	    00000000     00000000	   1	[      2]
185   	0     	      5	    NegSmallDark	    378.5938	   2343.75	    0.0	    00000000     00000000	   1	[      2]
186   	0     	      8	   NeutLargeDark	    380.7773	   2183.59	    0.0	    00000000     00000000	   1	[      5]
187   	0     	      4	    NegLargeDark	    382.9102	   2132.81	    0.0	    00000000     00000000	   1	[      1]
188   	0     	      8	   NeutLargeDark	    384.9531	   2042.97	    0.0	    00000000     00000000	   1	[      5]
189   	0     	     11	 NeutSmallBright	    387.0000	   2046.88	    0.0	    00000000     00000000	   1	[      8]
190   	0     	     10	 NeutLargeBright	    389.4219	   2421.88	    0.0	    00000000     00000000	   1	[      7]
191   	0     	      5	    NegSmallDark	    391.6484	   2226.56	    0.0	    00000000     00000000	   1	[      2]
192   	0     	      6	  NegLargeBright	    393.9102	   2261.72	    0.0	    00000000     00000000	   1	[      3]
193   	0     	      9	   NeutSmallDark	    396.2344	   2324.22	    0.0	    00000000     00000000	   1	[      6]
194   	0     	      5	    NegSmallDark	    398.7305	   2496.09	    0.0	    00000000     00000000	   1	[      2]
195   	0     	     15	     condition15	    401.0547	   2324.22	    0.0	    00000000     00000000	   1	[       ]
196   	0     	      2	      condition2	    401.7422	    687.50	    0.0	    00000000     00000000	   1	[       ]
197   	0     	      4	    NegLargeDark	    403.1758	   1433.59	    0.0	    00000000     00000000	   1	[      1]
198   	0     	      8	   NeutLargeDark	    405.6914	   2515.62	    0.0	    00000000     00000000	   1	[      5]
199   	0     	      8	   NeutLargeDark	    407.9570	   2265.62	    0.0	    00000000     00000000	   1	[      5]
200   	0     	     14	     condition14	    410.2383	   2281.25	    0.0	    00000000     00000000	   1	[       ]
201   	0     	      2	      condition2	    410.9258	    687.50	    0.0	    00000000     00000000	   1	[       ]
202   	0     	      4	    NegLargeDark	    412.4023	   1476.56	    0.0	    00000000     00000000	   1	[      1]
203   	0     	      6	  NegLargeBright	    414.7461	   2343.75	    0.0	    00000000     00000000	   1	[      3]
204   	0     	      5	    NegSmallDark	    416.9492	   2203.12	    0.0	    00000000     00000000	   1	[      2]
205   	0     	      7	  NegSmallBright	    418.9766	   2027.34	    0.0	    00000000     00000000	   1	[      4]
206   	0     	      5	    NegSmallDark	    421.1992	   2222.66	    0.0	    00000000     00000000	   1	[      2]
207   	0     	      7	  NegSmallBright	    423.4141	   2214.84	    0.0	    00000000     00000000	   1	[      4]
208   	0     	      7	  NegSmallBright	    425.8359	   2421.88	    0.0	    00000000     00000000	   1	[      4]
209   	0     	     11	 NeutSmallBright	    428.1797	   2343.75	    0.0	    00000000     00000000	   1	[      8]
210   	0     	      9	   NeutSmallDark	    430.2227	   2042.97	    0.0	    00000000     00000000	   1	[      6]
211   	0     	      9	   NeutSmallDark	    432.7305	   2507.81	    0.0	    00000000     00000000	   1	[      6]
212   	0     	      9	   NeutSmallDark	    435.1133	   2382.81	    0.0	    00000000     00000000	   1	[      6]
213   	0     	     11	 NeutSmallBright	    437.2656	   2152.34	    0.0	    00000000     00000000	   1	[      8]
214   	0     	     11	 NeutSmallBright	    439.6602	   2394.53	    0.0	    00000000     00000000	   1	[      8]
215   	0     	     10	 NeutLargeBright	    441.9844	   2324.22	    0.0	    00000000     00000000	   1	[      7]
216   	0     	     11	 NeutSmallBright	    444.3008	   2316.41	    0.0	    00000000     00000000	   1	[      8]
217   	0     	      8	   NeutLargeDark	    446.4219	   2121.09	    0.0	    00000000     00000000	   1	[      5]
218   	0     	      5	    NegSmallDark	    448.5859	   2164.06	    0.0	    00000000     00000000	   1	[      2]
219   	0     	      5	    NegSmallDark	    450.8398	   2253.91	    0.0	    00000000     00000000	   1	[      2]
220   	0     	     12	     condition12	    453.1641	   2324.22	    0.0	    00000000     00000000	   1	[       ]
221   	0     	      2	      condition2	    453.6641	    500.00	    0.0	    00000000     00000000	   1	[       ]
222   	0     	     13	     condition13	    455.3906	   1726.56	    0.0	    00000000     00000000	   1	[       ]
223   	0     	      2	      condition2	    455.9805	    589.84	    0.0	    00000000     00000000	   1	[       ]
224   	0     	     15	     condition15	    457.8125	   1832.03	    0.0	    00000000     00000000	   1	[       ]
225   	0     	      2	      condition2	    458.3828	    570.31	    0.0	    00000000     00000000	   1	[       ]
226   	0     	      7	  NegSmallBright	    460.2891	   1906.25	    0.0	    00000000     00000000	   1	[      4]
227   	0     	      4	    NegLargeDark	    462.7812	   2492.19	    0.0	    00000000     00000000	   1	[      1]
228   	0     	      7	  NegSmallBright	    464.9258	   2144.53	    0.0	    00000000     00000000	   1	[      4]
229   	0     	      8	   NeutLargeDark	    467.3203	   2394.53	    0.0	    00000000     00000000	   1	[      5]
230   	0     	     12	     condition12	    469.5234	   2203.12	    0.0	    00000000     00000000	   1	[       ]
231   	0     	      2	      condition2	    470.1797	    656.25	    0.0	    00000000     00000000	   1	[       ]
232   	0     	     10	 NeutLargeBright	    471.8594	   1679.69	    0.0	    00000000     00000000	   1	[      7]
233   	0     	     11	 NeutSmallBright	    473.9297	   2070.31	    0.0	    00000000     00000000	   1	[      8]
234   	0     	     10	 NeutLargeBright	    476.3359	   2406.25	    0.0	    00000000     00000000	   1	[      7]
235   	0     	     11	 NeutSmallBright	    478.5898	   2253.91	    0.0	    00000000     00000000	   1	[      8]
236   	0     	     11	 NeutSmallBright	    480.8828	   2292.97	    0.0	    00000000     00000000	   1	[      8]
237   	0     	    253	              ""	    483.2656	   2382.81	    0.0	    00000000     00000000	   1	[       ]
238   	0     	      8	   NeutLargeDark	    484.2695	   1003.91	    0.0	    00000000     00000000	   1	[      5]
239   	0     	     11	 NeutSmallBright	    486.3203	   2050.78	    0.0	    00000000     00000000	   1	[      8]
240   	0     	      4	    NegLargeDark	    488.7070	   2386.72	    0.0	    00000000     00000000	   1	[      1]
241   	0     	      7	  NegSmallBright	    491.1602	   2453.12	    0.0	    00000000     00000000	   1	[      4]
242   	0     	     10	 NeutLargeBright	    493.4258	   2265.62	    0.0	    00000000     00000000	   1	[      7]
243   	0     	      4	    NegLargeDark	    495.6172	   2191.41	    0.0	    00000000     00000000	   1	[      1]
244   	0     	     15	     condition15	    497.9922	   2375.00	    0.0	    00000000     00000000	   1	[       ]
245   	0     	      2	      condition2	    498.8477	    855.47	    0.0	    00000000     00000000	   1	[       ]
246   	0     	     11	 NeutSmallBright	    500.3164	   1468.75	    0.0	    00000000     00000000	   1	[      8]
247   	0     	      9	   NeutSmallDark	    502.6094	   2292.97	    0.0	    00000000     00000000	   1	[      6]
248   	0     	     12	     condition12	    504.7148	   2105.47	    0.0	    00000000     00000000	   1	[       ]
249   	0     	      2	      condition2	    505.6836	    968.75	    0.0	    00000000     00000000	   1	[       ]
250   	0     	      7	  NegSmallBright	    507.0703	   1386.72	    0.0	    00000000     00000000	   1	[      4]
251   	0     	      4	    NegLargeDark	    509.2422	   2171.88	    0.0	    00000000     00000000	   1	[      1]
252   	0     	     14	     condition14	    511.5273	   2285.16	    0.0	    00000000     00000000	   1	[       ]
253   	0     	      2	      condition2	    512.1172	    589.84	    0.0	    00000000     00000000	   1	[       ]
254   	0     	      8	   NeutLargeDark	    513.6016	   1484.38	    0.0	    00000000     00000000	   1	[      5]
255   	0     	      5	    NegSmallDark	    515.8438	   2242.19	    0.0	    00000000     00000000	   1	[      2]
256   	0     	      5	    NegSmallDark	    518.3086	   2464.84	    0.0	    00000000     00000000	   1	[      2]
257   	0     	      8	   NeutLargeDark	    520.3828	   2074.22	    0.0	    00000000     00000000	   1	[      5]
258   	0     	      5	    NegSmallDark	    522.6875	   2304.69	    0.0	    00000000     00000000	   1	[      2]
259   	0     	     15	     condition15	    524.9805	   2292.97	    0.0	    00000000     00000000	   1	[       ]
260   	0     	      2	      condition2	    525.5781	    597.66	    0.0	    00000000     00000000	   1	[       ]
261   	0     	      5	    NegSmallDark	    527.4648	   1886.72	    0.0	    00000000     00000000	   1	[      2]
262   	0     	      5	    NegSmallDark	    529.8984	   2433.59	    0.0	    00000000     00000000	   1	[      2]
263   	0     	      8	   NeutLargeDark	    532.1641	   2265.62	    0.0	    00000000     00000000	   1	[      5]
264   	0     	     12	     condition12	    534.2578	   2093.75	    0.0	    00000000     00000000	   1	[       ]
265   	0     	      2	      condition2	    535.0977	    839.84	    0.0	    00000000     00000000	   1	[       ]
266   	0     	      7	  NegSmallBright	    536.7422	   1644.53	    0.0	    00000000     00000000	   1	[      4]
267   	0     	     11	 NeutSmallBright	    539.1641	   2421.88	    0.0	    00000000     00000000	   1	[      8]
268   	0     	      9	   NeutSmallDark	    541.4688	   2304.69	    0.0	    00000000     00000000	   1	[      6]
269   	0     	      7	  NegSmallBright	    543.9336	   2464.84	    0.0	    00000000     00000000	   1	[      4]
270   	0     	     12	     condition12	    546.4492	   2515.62	    0.0	    00000000     00000000	   1	[       ]
271   	0     	      2	      condition2	    547.0391	    589.84	    0.0	    00000000     00000000	   1	[       ]
272   	0     	     13	     condition13	    548.8203	   1781.25	    0.0	    00000000     00000000	   1	[       ]
273   	0     	      2	      condition2	    549.4297	    609.38	    0.0	    00000000     00000000	   1	[       ]
274   	0     	     11	 NeutSmallBright	    550.9648	   1535.16	    0.0	    00000000     00000000	   1	[      8]
275   	0     	      5	    NegSmallDark	    553.0586	   2093.75	    0.0	    00000000     00000000	   1	[      2]
276   	0     	     11	 NeutSmallBright	    555.3828	   2324.22	    0.0	    00000000     00000000	   1	[      8]
277   	0     	     13	     condition13	    557.6758	   2292.97	    0.0	    00000000     00000000	   1	[       ]
278   	0     	      2	      condition2	    558.3320	    656.25	    0.0	    00000000     00000000	   1	[       ]
279   	0     	     15	     condition15	    559.8008	   1468.75	    0.0	    00000000     00000000	   1	[       ]
280   	0     	      2	      condition2	    560.3555	    554.69	    0.0	    00000000     00000000	   1	[       ]
281   	0     	     10	 NeutLargeBright	    561.9648	   1609.38	    0.0	    00000000     00000000	   1	[      7]
282   	0     	     11	 NeutSmallBright	    564.1992	   2234.38	    0.0	    00000000     00000000	   1	[      8]
283   	0     	      7	  NegSmallBright	    566.5938	   2394.53	    0.0	    00000000     00000000	   1	[      4]
284   	0     	      6	  NegLargeBright	    568.8281	   2234.38	    0.0	    00000000     00000000	   1	[      3]
285   	0     	      8	   NeutLargeDark	    571.2422	   2414.06	    0.0	    00000000     00000000	   1	[      5]
286   	0     	      4	    NegLargeDark	    573.6367	   2394.53	    0.0	    00000000     00000000	   1	[      1]
287   	0     	      4	    NegLargeDark	    575.8398	   2203.12	    0.0	    00000000     00000000	   1	[      1]
288   	0     	     10	 NeutLargeBright	    578.0742	   2234.38	    0.0	    00000000     00000000	   1	[      7]
289   	0     	      5	    NegSmallDark	    580.3086	   2234.38	    0.0	    00000000     00000000	   1	[      2]
290   	0     	     11	 NeutSmallBright	    582.4414	   2132.81	    0.0	    00000000     00000000	   1	[      8]
291   	0     	      7	  NegSmallBright	    584.7148	   2273.44	    0.0	    00000000     00000000	   1	[      4]
292   	0     	      4	    NegLargeDark	    586.8594	   2144.53	    0.0	    00000000     00000000	   1	[      1]
293   	0     	      6	  NegLargeBright	    589.3320	   2472.66	    0.0	    00000000     00000000	   1	[      3]
294   	0     	     10	 NeutLargeBright	    591.5664	   2234.38	    0.0	    00000000     00000000	   1	[      7]
295   	0     	     10	 NeutLargeBright	    593.7617	   2195.31	    0.0	    00000000     00000000	   1	[      7]
296   	0     	      9	   NeutSmallDark	    596.0742	   2312.50	    0.0	    00000000     00000000	   1	[      6]
297   	0     	      6	  NegLargeBright	    598.3789	   2304.69	    0.0	    00000000     00000000	   1	[      3]
298   	0     	      4	    NegLargeDark	    600.8438	   2464.84	    0.0	    00000000     00000000	   1	[      1]
299   	0     	     14	     condition14	    603.0469	   2203.12	    0.0	    00000000     00000000	   1	[       ]
300   	0     	      2	      condition2	    603.6992	    652.34	    0.0	    00000000     00000000	   1	[       ]
301   	0     	      6	  NegLargeBright	    605.2422	   1542.97	    0.0	    00000000     00000000	   1	[      3]
302   	0     	      9	   NeutSmallDark	    607.3164	   2074.22	    0.0	    00000000     00000000	   1	[      6]
303   	0     	      9	   NeutSmallDark	    609.4883	   2171.88	    0.0	    00000000     00000000	   1	[      6]
304   	0     	      5	    NegSmallDark	    611.9648	   2476.56	    0.0	    00000000     00000000	   1	[      2]
305   	0     	      5	    NegSmallDark	    614.0078	   2042.97	    0.0	    00000000     00000000	   1	[      2]
306   	0     	      9	   NeutSmallDark	    616.1211	   2113.28	    0.0	    00000000     00000000	   1	[      6]
307   	0     	     11	 NeutSmallBright	    618.1523	   2031.25	    0.0	    00000000     00000000	   1	[      8]
308   	0     	      4	    NegLargeDark	    620.5469	   2394.53	    0.0	    00000000     00000000	   1	[      1]
309   	0     	      6	  NegLargeBright	    622.6406	   2093.75	    0.0	    00000000     00000000	   1	[      3]
310   	0     	      5	    NegSmallDark	    624.6836	   2042.97	    0.0	    00000000     00000000	   1	[      2]
311   	0     	      7	  NegSmallBright	    626.9805	   2296.88	    0.0	    00000000     00000000	   1	[      4]
312   	0     	      6	  NegLargeBright	    629.2930	   2312.50	    0.0	    00000000     00000000	   1	[      3]
313   	0     	      4	    NegLargeDark	    631.3477	   2054.69	    0.0	    00000000     00000000	   1	[      1]
314   	0     	     10	 NeutLargeBright	    633.7695	   2421.88	    0.0	    00000000     00000000	   1	[      7]
315   	0     	      6	  NegLargeBright	    636.0039	   2234.38	    0.0	    00000000     00000000	   1	[      3]
316   	0     	      9	   NeutSmallDark	    638.4492	   2445.31	    0.0	    00000000     00000000	   1	[      6]
317   	0     	     11	 NeutSmallBright	    640.7148	   2265.62	    0.0	    00000000     00000000	   1	[      8]
318   	0     	      8	   NeutLargeDark	    643.6992	   2984.38	    0.0	    00000000     00000000	   1	[      5]
319   	0     	      9	   NeutSmallDark	    645.9648	   2265.62	    0.0	    00000000     00000000	   1	[      6]
320   	0     	     10	 NeutLargeBright	    648.1875	   2222.66	    0.0	    00000000     00000000	   1	[      7]
321   	0     	      9	   NeutSmallDark	    650.3008	   2113.28	    0.0	    00000000     00000000	   1	[      6]
322   	0     	     13	     condition13	    652.4062	   2105.47	    0.0	    00000000     00000000	   1	[       ]
323   	0     	      2	      condition2	    653.0586	    652.34	    0.0	    00000000     00000000	   1	[       ]
324   	0     	     14	     condition14	    654.7305	   1671.88	    0.0	    00000000     00000000	   1	[       ]
325   	0     	      2	      condition2	    655.4102	    679.69	    0.0	    00000000     00000000	   1	[       ]
326   	0     	     11	 NeutSmallBright	    657.1016	   1691.41	    0.0	    00000000     00000000	   1	[      8]
327   	0     	     10	 NeutLargeBright	    659.3164	   2214.84	    0.0	    00000000     00000000	   1	[      7]
328   	0     	      8	   NeutLargeDark	    661.8398	   2523.44	    0.0	    00000000     00000000	   1	[      5]
329   	0     	      8	   NeutLargeDark	    663.9961	   2156.25	    0.0	    00000000     00000000	   1	[      5]
330   	0     	      4	    NegLargeDark	    666.1484	   2152.34	    0.0	    00000000     00000000	   1	[      1]
331   	0     	      8	   NeutLargeDark	    668.2930	   2144.53	    0.0	    00000000     00000000	   1	[      5]
332   	0     	      4	    NegLargeDark	    670.6680	   2375.00	    0.0	    00000000     00000000	   1	[      1]
333   	0     	      5	    NegSmallDark	    673.1328	   2464.84	    0.0	    00000000     00000000	   1	[      2]
334   	0     	     10	 NeutLargeBright	    675.4570	   2324.22	    0.0	    00000000     00000000	   1	[      7]
335   	0     	     10	 NeutLargeBright	    677.6797	   2222.66	    0.0	    00000000     00000000	   1	[      7]
336   	0     	     10	 NeutLargeBright	    680.2031	   2523.44	    0.0	    00000000     00000000	   1	[      7]
337   	0     	      9	   NeutSmallDark	    682.6172	   2414.06	    0.0	    00000000     00000000	   1	[      6]
338   	0     	     10	 NeutLargeBright	    684.8203	   2203.12	    0.0	    00000000     00000000	   1	[      7]
339   	0     	     10	 NeutLargeBright	    687.3359	   2515.62	    0.0	    00000000     00000000	   1	[      7]
340   	0     	      7	  NegSmallBright	    689.5586	   2222.66	    0.0	    00000000     00000000	   1	[      4]
341   	0     	      5	    NegSmallDark	    691.9844	   2425.78	    0.0	    00000000     00000000	   1	[      2]
342   	0     	      6	  NegLargeBright	    694.4805	   2496.09	    0.0	    00000000     00000000	   1	[      3]
343   	0     	     10	 NeutLargeBright	    696.5430	   2062.50	    0.0	    00000000     00000000	   1	[      7]
344   	0     	      8	   NeutLargeDark	    698.9180	   2375.00	    0.0	    00000000     00000000	   1	[      5]
345   	0     	     15	     condition15	    701.1484	   2230.47	    0.0	    00000000     00000000	   1	[       ]
346   	0     	      2	      condition2	    701.7695	    621.09	    0.0	    00000000     00000000	   1	[       ]
347   	0     	      8	   NeutLargeDark	    703.3828	   1613.28	    0.0	    00000000     00000000	   1	[      5]
348   	0     	      5	    NegSmallDark	    705.5898	   2207.03	    0.0	    00000000     00000000	   1	[      2]
349   	0     	      5	    NegSmallDark	    707.8125	   2222.66	    0.0	    00000000     00000000	   1	[      2]
350   	0     	      5	    NegSmallDark	    710.2656	   2453.12	    0.0	    00000000     00000000	   1	[      2]
351   	0     	     13	     condition13	    712.5117	   2246.09	    0.0	    00000000     00000000	   1	[       ]
352   	0     	      2	      condition2	    713.1445	    632.81	    0.0	    00000000     00000000	   1	[       ]
353   	0     	      6	  NegLargeBright	    714.9336	   1789.06	    0.0	    00000000     00000000	   1	[      3]
354   	0     	      7	  NegSmallBright	    717.0898	   2156.25	    0.0	    00000000     00000000	   1	[      4]
355   	0     	     15	     condition15	    719.2109	   2121.09	    0.0	    00000000     00000000	   1	[       ]
356   	0     	     11	 NeutSmallBright	    721.3477	   2136.72	    0.0	    00000000     00000000	   1	[      8]
357   	0     	     10	 NeutLargeBright	    723.6016	   2253.91	    0.0	    00000000     00000000	   1	[      7]
358   	0     	     11	 NeutSmallBright	    725.8633	   2261.72	    0.0	    00000000     00000000	   1	[      8]
359   	0     	      5	    NegSmallDark	    728.3086	   2445.31	    0.0	    00000000     00000000	   1	[      2]
360   	0     	      9	   NeutSmallDark	    730.4336	   2125.00	    0.0	    00000000     00000000	   1	[      6]
361   	0     	      9	   NeutSmallDark	    732.6641	   2230.47	    0.0	    00000000     00000000	   1	[      6]
362   	0     	      8	   NeutLargeDark	    735.1914	   2527.34	    0.0	    00000000     00000000	   1	[      5]
363   	0     	      8	   NeutLargeDark	    737.4023	   2210.94	    0.0	    00000000     00000000	   1	[      5]
364   	0     	      4	    NegLargeDark	    739.6992	   2296.88	    0.0	    00000000     00000000	   1	[      1]
365   	0     	     12	     condition12	    741.8320	   2132.81	    0.0	    00000000     00000000	   1	[       ]
366   	0     	      2	      condition2	    742.6055	    773.44	    0.0	    00000000     00000000	   1	[       ]
367   	0     	      9	   NeutSmallDark	    743.8555	   1250.00	    0.0	    00000000     00000000	   1	[      6]
368   	0     	     11	 NeutSmallBright	    746.0195	   2164.06	    0.0	    00000000     00000000	   1	[      8]
369   	0     	     10	 NeutLargeBright	    748.4727	   2453.12	    0.0	    00000000     00000000	   1	[      7]
370   	0     	     13	     condition13	    750.8359	   2363.28	    0.0	    00000000     00000000	   1	[       ]
371   	0     	      2	      condition2	    751.3867	    550.78	    0.0	    00000000     00000000	   1	[       ]
372   	0     	      4	    NegLargeDark	    753.2422	   1855.47	    0.0	    00000000     00000000	   1	[      1]
373   	0     	     10	 NeutLargeBright	    755.3945	   2152.34	    0.0	    00000000     00000000	   1	[      7]
374   	0     	     13	     condition13	    757.6289	   2234.38	    0.0	    00000000     00000000	   1	[       ]
375   	0     	      2	      condition2	    758.2266	    597.66	    0.0	    00000000     00000000	   1	[       ]
376   	0     	     11	 NeutSmallBright	    759.6641	   1437.50	    0.0	    00000000     00000000	   1	[      8]
377   	0     	      7	  NegSmallBright	    761.8477	   2183.59	    0.0	    00000000     00000000	   1	[      4]
378   	0     	      8	   NeutLargeDark	    763.9219	   2074.22	    0.0	    00000000     00000000	   1	[      5]
379   	0     	      5	    NegSmallDark	    765.9844	   2062.50	    0.0	    00000000     00000000	   1	[      2]
380   	0     	      7	  NegSmallBright	    768.3594	   2375.00	    0.0	    00000000     00000000	   1	[      4]
381   	0     	      9	   NeutSmallDark	    770.5234	   2164.06	    0.0	    00000000     00000000	   1	[      6]
382   	0     	      8	   NeutLargeDark	    772.6562	   2132.81	    0.0	    00000000     00000000	   1	[      5]
383   	0     	     14	     condition14	    775.1406	   2484.38	    0.0	    00000000     00000000	   1	[       ]
384   	0     	      2	      condition2	    775.7656	    625.00	    0.0	    00000000     00000000	   1	[       ]
385   	0     	      6	  NegLargeBright	    777.6250	   1859.38	    0.0	    00000000     00000000	   1	[      3]
386   	0     	     10	 NeutLargeBright	    779.6680	   2042.97	    0.0	    00000000     00000000	   1	[      7]
387   	0     	      7	  NegSmallBright	    781.7812	   2113.28	    0.0	    00000000     00000000	   1	[      4]
388   	0     	      9	   NeutSmallDark	    783.9648	   2183.59	    0.0	    00000000     00000000	   1	[      6]
389   	0     	     10	 NeutLargeBright	    786.1406	   2175.78	    0.0	    00000000     00000000	   1	[      7]
390   	0     	      9	   NeutSmallDark	    788.2734	   2132.81	    0.0	    00000000     00000000	   1	[      6]
391   	0     	      6	  NegLargeBright	    790.3555	   2082.03	    0.0	    00000000     00000000	   1	[      3]
392   	0     	      6	  NegLargeBright	    792.4727	   2117.19	    0.0	    00000000     00000000	   1	[      3]
393   	0     	     11	 NeutSmallBright	    794.6328	   2160.16	    0.0	    00000000     00000000	   1	[      8]
394   	0     	     10	 NeutLargeBright	    796.9297	   2296.88	    0.0	    00000000     00000000	   1	[      7]
395   	0     	      6	  NegLargeBright	    799.3125	   2382.81	    0.0	    00000000     00000000	   1	[      3]
396   	0     	    253	              ""	    801.6406	   2328.12	    0.0	    00000000     00000000	   1	[       ]
397   	0     	     11	 NeutSmallBright	    802.6445	   1003.91	    0.0	    00000000     00000000	   1	[      8]
398   	0     	      7	  NegSmallBright	    805.0703	   2425.78	    0.0	    00000000     00000000	   1	[      4]
399   	0     	     14	     condition14	    807.5234	   2453.12	    0.0	    00000000     00000000	   1	[       ]
400   	0     	      2	      condition2	    808.3672	    843.75	    0.0	    00000000     00000000	   1	[       ]
401   	0     	      5	    NegSmallDark	    809.9375	   1570.31	    0.0	    00000000     00000000	   1	[      2]
402   	0     	     11	 NeutSmallBright	    812.0742	   2136.72	    0.0	    00000000     00000000	   1	[      8]
403   	0     	      6	  NegLargeBright	    814.4766	   2402.34	    0.0	    00000000     00000000	   1	[      3]
404   	0     	     15	     condition15	    816.8008	   2324.22	    0.0	    00000000     00000000	   1	[       ]
405   	0     	      2	      condition2	    817.8477	   1046.88	    0.0	    00000000     00000000	   1	[       ]
406   	0     	      9	   NeutSmallDark	    819.2031	   1355.47	    0.0	    00000000     00000000	   1	[      6]
407   	0     	     14	     condition14	    821.7109	   2507.81	    0.0	    00000000     00000000	   1	[       ]
408   	0     	      2	      condition2	    822.3086	    597.66	    0.0	    00000000     00000000	   1	[       ]
409   	0     	     11	 NeutSmallBright	    823.8945	   1585.94	    0.0	    00000000     00000000	   1	[      8]
410   	0     	     13	     condition13	    826.3594	   2464.84	    0.0	    00000000     00000000	   1	[       ]
411   	0     	      2	      condition2	    826.9102	    550.78	    0.0	    00000000     00000000	   1	[       ]
412   	0     	      8	   NeutLargeDark	    828.4609	   1550.78	    0.0	    00000000     00000000	   1	[      5]
413   	0     	      6	  NegLargeBright	    830.7344	   2273.44	    0.0	    00000000     00000000	   1	[      3]
414   	0     	      9	   NeutSmallDark	    833.0195	   2285.16	    0.0	    00000000     00000000	   1	[      6]
415   	0     	     13	     condition13	    835.1641	   2144.53	    0.0	    00000000     00000000	   1	[       ]
416   	0     	      2	      condition2	    835.6992	    535.16	    0.0	    00000000     00000000	   1	[       ]
417   	0     	      8	   NeutLargeDark	    837.6875	   1988.28	    0.0	    00000000     00000000	   1	[      5]
418   	0     	     15	     condition15	    840.2109	   2523.44	    0.0	    00000000     00000000	   1	[       ]
419   	0     	      2	      condition2	    840.8047	    593.75	    0.0	    00000000     00000000	   1	[       ]
420   	0     	      4	    NegLargeDark	    842.4375	   1632.81	    0.0	    00000000     00000000	   1	[      1]
421   	0     	      4	    NegLargeDark	    844.6211	   2183.59	    0.0	    00000000     00000000	   1	[      1]
422   	0     	     10	 NeutLargeBright	    847.0039	   2382.81	    0.0	    00000000     00000000	   1	[      7]
423   	0     	      6	  NegLargeBright	    849.1289	   2125.00	    0.0	    00000000     00000000	   1	[      3]
424   	0     	     15	     condition15	    851.4297	   2300.78	    0.0	    00000000     00000000	   1	[       ]
425   	0     	      2	      condition2	    852.1445	    714.84	    0.0	    00000000     00000000	   1	[       ]
426   	0     	     13	     condition13	    853.5742	   1429.69	    0.0	    00000000     00000000	   1	[       ]
427   	0     	      2	      condition2	    854.0977	    523.44	    0.0	    00000000     00000000	   1	[       ]
428   	0     	     13	     condition13	    856.0508	   1953.12	    0.0	    00000000     00000000	   1	[       ]
429   	0     	      2	      condition2	    856.5352	    484.38	    0.0	    00000000     00000000	   1	[       ]
430   	0     	     12	     condition12	    858.5625	   2027.34	    0.0	    00000000     00000000	   1	[       ]
431   	0     	      2	      condition2	    859.2227	    660.16	    0.0	    00000000     00000000	   1	[       ]
432   	0     	      9	   NeutSmallDark	    860.8086	   1585.94	    0.0	    00000000     00000000	   1	[      6]
433   	0     	     14	     condition14	    862.9336	   2125.00	    0.0	    00000000     00000000	   1	[       ]
434   	0     	      2	      condition2	    863.4492	    515.62	    0.0	    00000000     00000000	   1	[       ]
435   	0     	      9	   NeutSmallDark	    865.0352	   1585.94	    0.0	    00000000     00000000	   1	[      6]
436   	0     	     12	     condition12	    867.5117	   2476.56	    0.0	    00000000     00000000	   1	[       ]
437   	0     	      2	      condition2	    868.1523	    640.62	    0.0	    00000000     00000000	   1	[       ]
438   	0     	     10	 NeutLargeBright	    869.5742	   1421.88	    0.0	    00000000     00000000	   1	[      7]
439   	0     	      7	  NegSmallBright	    871.9961	   2421.88	    0.0	    00000000     00000000	   1	[      4]
440   	0     	     10	 NeutLargeBright	    874.4102	   2414.06	    0.0	    00000000     00000000	   1	[      7]
441   	0     	      6	  NegLargeBright	    876.5977	   2187.50	    0.0	    00000000     00000000	   1	[      3]
442   	0     	      4	    NegLargeDark	    878.8203	   2222.66	    0.0	    00000000     00000000	   1	[      1]
443   	0     	      5	    NegSmallDark	    880.9727	   2152.34	    0.0	    00000000     00000000	   1	[      2]
444   	0     	     11	 NeutSmallBright	    883.0156	   2042.97	    0.0	    00000000     00000000	   1	[      8]
445   	0     	      4	    NegLargeDark	    885.2617	   2246.09	    0.0	    00000000     00000000	   1	[      1]
446   	0     	     10	 NeutLargeBright	    887.5156	   2253.91	    0.0	    00000000     00000000	   1	[      7]
447   	0     	      6	  NegLargeBright	    889.9883	   2472.66	    0.0	    00000000     00000000	   1	[      3]
448   	0     	      9	   NeutSmallDark	    892.0742	   2085.94	    0.0	    00000000     00000000	   1	[      6]
449   	0     	      8	   NeutLargeDark	    894.1250	   2050.78	    0.0	    00000000     00000000	   1	[      5]
450   	0     	     10	 NeutLargeBright	    896.2891	   2164.06	    0.0	    00000000     00000000	   1	[      7]
451   	0     	      8	   NeutLargeDark	    898.3242	   2035.16	    0.0	    00000000     00000000	   1	[      5]
452   	0     	      9	   NeutSmallDark	    900.4062	   2082.03	    0.0	    00000000     00000000	   1	[      6]
453   	0     	      6	  NegLargeBright	    902.8008	   2394.53	    0.0	    00000000     00000000	   1	[      3]
454   	0     	     10	 NeutLargeBright	    905.0977	   2296.88	    0.0	    00000000     00000000	   1	[      7]
455   	0     	      8	   NeutLargeDark	    907.1406	   2042.97	    0.0	    00000000     00000000	   1	[      5]
456   	0     	     13	     condition13	    909.2852	   2144.53	    0.0	    00000000     00000000	   1	[       ]
457   	0     	      2	      condition2	    909.9766	    691.41	    0.0	    00000000     00000000	   1	[       ]
458   	0     	      4	    NegLargeDark	    911.5859	   1609.38	    0.0	    00000000     00000000	   1	[      1]
459   	0     	     14	     condition14	    913.8828	   2296.88	    0.0	    00000000     00000000	   1	[       ]
460   	0     	      2	      condition2	    914.6055	    722.66	    0.0	    00000000     00000000	   1	[       ]
461   	0     	     10	 NeutLargeBright	    916.3672	   1761.72	    0.0	    00000000     00000000	   1	[      7]
462   	0     	      7	  NegSmallBright	    918.5000	   2132.81	    0.0	    00000000     00000000	   1	[      4]
463   	0     	     10	 NeutLargeBright	    920.7539	   2253.91	    0.0	    00000000     00000000	   1	[      7]
464   	0     	     10	 NeutLargeBright	    922.9883	   2234.38	    0.0	    00000000     00000000	   1	[      7]
465   	0     	     14	     condition14	    925.2812	   2292.97	    0.0	    00000000     00000000	   1	[       ]
466   	0     	      2	      condition2	    926.0195	    738.28	    0.0	    00000000     00000000	   1	[       ]
467   	0     	      7	  NegSmallBright	    927.4062	   1386.72	    0.0	    00000000     00000000	   1	[      4]
468   	0     	      9	   NeutSmallDark	    929.8398	   2433.59	    0.0	    00000000     00000000	   1	[      6]
469   	0     	      5	    NegSmallDark	    932.0117	   2171.88	    0.0	    00000000     00000000	   1	[      2]
470   	0     	      8	   NeutLargeDark	    934.0586	   2046.88	    0.0	    00000000     00000000	   1	[      5]
471   	0     	      6	  NegLargeBright	    936.4414	   2382.81	    0.0	    00000000     00000000	   1	[      3]
472   	0     	      5	    NegSmallDark	    938.8672	   2425.78	    0.0	    00000000     00000000	   1	[      2]
473   	0     	      7	  NegSmallBright	    941.0508	   2183.59	    0.0	    00000000     00000000	   1	[      4]
474   	0     	      4	    NegLargeDark	    943.4141	   2363.28	    0.0	    00000000     00000000	   1	[      1]
475   	0     	      6	  NegLargeBright	    945.5781	   2164.06	    0.0	    00000000     00000000	   1	[      3]
476   	0     	      8	   NeutLargeDark	    948.0000	   2421.88	    0.0	    00000000     00000000	   1	[      5]
477   	0     	     13	     condition13	    950.1836	   2183.59	    0.0	    00000000     00000000	   1	[       ]
478   	0     	      2	      condition2	    950.9297	    746.09	    0.0	    00000000     00000000	   1	[       ]
479   	0     	      8	   NeutLargeDark	    952.3984	   1468.75	    0.0	    00000000     00000000	   1	[      5]
480   	0     	      9	   NeutSmallDark	    954.5742	   2175.78	    0.0	    00000000     00000000	   1	[      6]
481   	0     	      6	  NegLargeBright	    957.0977	   2523.44	    0.0	    00000000     00000000	   1	[      3]
482   	0     	     10	 NeutLargeBright	    959.3516	   2253.91	    0.0	    00000000     00000000	   1	[      7]
483   	0     	    253	              ""	    961.3438	   1992.19	    0.0	    00000000     00000000	   1	[       ]
484   	0     	      6	  NegLargeBright	    962.3555	   1011.72	    0.0	    00000000     00000000	   1	[      3]
485   	0     	      4	    NegLargeDark	    964.5898	   2234.38	    0.0	    00000000     00000000	   1	[      1]
486   	0     	      9	   NeutSmallDark	    966.7422	   2152.34	    0.0	    00000000     00000000	   1	[      6]
487   	0     	      9	   NeutSmallDark	    969.2266	   2484.38	    0.0	    00000000     00000000	   1	[      6]
488   	0     	      4	    NegLargeDark	    971.6016	   2375.00	    0.0	    00000000     00000000	   1	[      1]
489   	0     	     15	     condition15	    974.0547	   2453.12	    0.0	    00000000     00000000	   1	[       ]
490   	0     	      2	      condition2	    974.7969	    742.19	    0.0	    00000000     00000000	   1	[       ]
491   	0     	      4	    NegLargeDark	    976.4102	   1613.28	    0.0	    00000000     00000000	   1	[      1]
492   	0     	      7	  NegSmallBright	    978.6836	   2273.44	    0.0	    00000000     00000000	   1	[      4]
493   	0     	      6	  NegLargeBright	    981.0977	   2414.06	    0.0	    00000000     00000000	   1	[      3]
494   	0     	     10	 NeutLargeBright	    983.2109	   2113.28	    0.0	    00000000     00000000	   1	[      7]
495   	0     	      6	  NegLargeBright	    985.6875	   2476.56	    0.0	    00000000     00000000	   1	[      3]
496   	0     	      7	  NegSmallBright	    987.8906	   2203.12	    0.0	    00000000     00000000	   1	[      4]
497   	0     	     12	     condition12	    990.2031	   2312.50	    0.0	    00000000     00000000	   1	[       ]
498   	0     	      2	      condition2	    990.7461	    542.97	    0.0	    00000000     00000000	   1	[       ]
499   	0     	      8	   NeutLargeDark	    992.5703	   1824.22	    0.0	    00000000     00000000	   1	[      5]
500   	0     	     11	 NeutSmallBright	    994.6133	   2042.97	    0.0	    00000000     00000000	   1	[      8]
501   	0     	     11	 NeutSmallBright	    996.8164	   2203.12	    0.0	    00000000     00000000	   1	[      8]
502   	0     	      9	   NeutSmallDark	    999.2305	   2414.06	    0.0	    00000000     00000000	   1	[      6]
503   	0     	     11	 NeutSmallBright	   1001.7031	   2472.66	    0.0	    00000000     00000000	   1	[      8]
504   	0     	      8	   NeutLargeDark	   1004.2188	   2515.62	    0.0	    00000000     00000000	   1	[      5]
505   	0     	      9	   NeutSmallDark	   1006.5742	   2355.47	    0.0	    00000000     00000000	   1	[      6]
506   	0     	      7	  NegSmallBright	   1008.6484	   2074.22	    0.0	    00000000     00000000	   1	[      4]
507   	0     	      5	    NegSmallDark	   1011.1602	   2511.72	    0.0	    00000000     00000000	   1	[      2]
508   	0     	      9	   NeutSmallDark	   1013.1953	   2035.16	    0.0	    00000000     00000000	   1	[      6]
509   	0     	     12	     condition12	   1015.5273	   2332.03	    0.0	    00000000     00000000	   1	[       ]
510   	0     	      2	      condition2	   1016.2383	    710.94	    0.0	    00000000     00000000	   1	[       ]
511   	0     	      7	  NegSmallBright	   1017.8516	   1613.28	    0.0	    00000000     00000000	   1	[      4]
512   	0     	     11	 NeutSmallBright	   1020.1875	   2335.94	    0.0	    00000000     00000000	   1	[      8]
513   	0     	     10	 NeutLargeBright	   1022.2500	   2062.50	    0.0	    00000000     00000000	   1	[      7]
514   	0     	      5	    NegSmallDark	   1024.4141	   2164.06	    0.0	    00000000     00000000	   1	[      2]
515   	0     	     10	 NeutLargeBright	   1026.6094	   2195.31	    0.0	    00000000     00000000	   1	[      7]
516   	0     	      6	  NegLargeBright	   1028.8516	   2242.19	    0.0	    00000000     00000000	   1	[      3]
517   	0     	      6	  NegLargeBright	   1031.0781	   2226.56	    0.0	    00000000     00000000	   1	[      3]
518   	0     	     11	 NeutSmallBright	   1033.3516	   2273.44	    0.0	    00000000     00000000	   1	[      8]
519   	0     	      4	    NegLargeDark	   1035.8555	   2503.91	    0.0	    00000000     00000000	   1	[      1]
520   	0     	      7	  NegSmallBright	   1038.1484	   2292.97	    0.0	    00000000     00000000	   1	[      4]
521   	0     	      6	  NegLargeBright	   1040.5547	   2406.25	    0.0	    00000000     00000000	   1	[      3]
522   	0     	     11	 NeutSmallBright	   1042.8867	   2332.03	    0.0	    00000000     00000000	   1	[      8]
523   	0     	     10	 NeutLargeBright	   1045.0195	   2132.81	    0.0	    00000000     00000000	   1	[      7]
524   	0     	      6	  NegLargeBright	   1047.0742	   2054.69	    0.0	    00000000     00000000	   1	[      3]
525   	0     	     10	 NeutLargeBright	   1049.2578	   2183.59	    0.0	    00000000     00000000	   1	[      7]
526   	0     	      5	    NegSmallDark	   1051.5938	   2335.94	    0.0	    00000000     00000000	   1	[      2]
527   	0     	      4	    NegLargeDark	   1053.9375	   2343.75	    0.0	    00000000     00000000	   1	[      1]
528   	0     	      7	  NegSmallBright	   1056.0195	   2082.03	    0.0	    00000000     00000000	   1	[      4]
529   	0     	      4	    NegLargeDark	   1058.5430	   2523.44	    0.0	    00000000     00000000	   1	[      1]
530   	0     	     10	 NeutLargeBright	   1060.8203	   2277.34	    0.0	    00000000     00000000	   1	[      7]
531   	0     	     11	 NeutSmallBright	   1063.0625	   2242.19	    0.0	    00000000     00000000	   1	[      8]
532   	0     	      8	   NeutLargeDark	   1065.3555	   2292.97	    0.0	    00000000     00000000	   1	[      5]
533   	0     	     10	 NeutLargeBright	   1067.7109	   2355.47	    0.0	    00000000     00000000	   1	[      7]
534   	0     	      6	  NegLargeBright	   1070.2266	   2515.62	    0.0	    00000000     00000000	   1	[      3]
535   	0     	     12	     condition12	   1072.3086	   2082.03	    0.0	    00000000     00000000	   1	[       ]
536   	0     	      2	      condition2	   1072.9062	    597.66	    0.0	    00000000     00000000	   1	[       ]
537   	0     	      6	  NegLargeBright	   1074.7812	   1875.00	    0.0	    00000000     00000000	   1	[      3]
538   	0     	      6	  NegLargeBright	   1076.8164	   2035.16	    0.0	    00000000     00000000	   1	[      3]
539   	0     	     13	     condition13	   1079.0703	   2253.91	    0.0	    00000000     00000000	   1	[       ]
540   	0     	      2	      condition2	   1079.6992	    628.91	    0.0	    00000000     00000000	   1	[       ]
541   	0     	     10	 NeutLargeBright	   1081.2930	   1593.75	    0.0	    00000000     00000000	   1	[      7]
542   	0     	      9	   NeutSmallDark	   1083.3789	   2085.94	    0.0	    00000000     00000000	   1	[      6]
543   	0     	      5	    NegSmallDark	   1085.6016	   2222.66	    0.0	    00000000     00000000	   1	[      2]
544   	0     	     12	     condition12	   1087.7461	   2144.53	    0.0	    00000000     00000000	   1	[       ]
545   	0     	      2	      condition2	   1088.2891	    542.97	    0.0	    00000000     00000000	   1	[       ]
546   	0     	      9	   NeutSmallDark	   1090.0781	   1789.06	    0.0	    00000000     00000000	   1	[      6]
547   	0     	     12	     condition12	   1092.5352	   2457.03	    0.0	    00000000     00000000	   1	[       ]
548   	0     	      2	      condition2	   1093.2969	    761.72	    0.0	    00000000     00000000	   1	[       ]
549   	0     	     10	 NeutLargeBright	   1094.8164	   1519.53	    0.0	    00000000     00000000	   1	[      7]
550   	0     	      6	  NegLargeBright	   1097.0508	   2234.38	    0.0	    00000000     00000000	   1	[      3]
551   	0     	     15	     condition15	   1099.3477	   2296.88	    0.0	    00000000     00000000	   1	[       ]
552   	0     	      2	      condition2	   1100.0625	    714.84	    0.0	    00000000     00000000	   1	[       ]
553   	0     	      5	    NegSmallDark	   1101.5391	   1476.56	    0.0	    00000000     00000000	   1	[      2]
554   	0     	      4	    NegLargeDark	   1103.7930	   2253.91	    0.0	    00000000     00000000	   1	[      1]
555   	0     	      8	   NeutLargeDark	   1106.0781	   2285.16	    0.0	    00000000     00000000	   1	[      5]
556   	0     	     13	     condition13	   1108.1328	   2054.69	    0.0	    00000000     00000000	   1	[       ]
557   	0     	      2	      condition2	   1108.7734	    640.62	    0.0	    00000000     00000000	   1	[       ]
558   	0     	     14	     condition14	   1110.5859	   1812.50	    0.0	    00000000     00000000	   1	[       ]
559   	0     	      2	      condition2	   1111.4609	    875.00	    0.0	    00000000     00000000	   1	[       ]
560   	0     	     10	 NeutLargeBright	   1112.7812	   1320.31	    0.0	    00000000     00000000	   1	[      7]
561   	0     	     10	 NeutLargeBright	   1115.2031	   2421.88	    0.0	    00000000     00000000	   1	[      7]
562   	0     	      4	    NegLargeDark	   1117.5977	   2394.53	    0.0	    00000000     00000000	   1	[      1]
563   	0     	      5	    NegSmallDark	   1120.1016	   2503.91	    0.0	    00000000     00000000	   1	[      2]
564   	0     	    253	              ""	   1122.7344	   2632.81	    0.0	    00000000     00000000	   1	[       ]
565   	0     	     10	 NeutLargeBright	   1123.7266	    992.19	    0.0	    00000000     00000000	   1	[      7]
566   	0     	     11	 NeutSmallBright	   1126.0820	   2355.47	    0.0	    00000000     00000000	   1	[      8]
567   	0     	      7	  NegSmallBright	   1128.3047	   2222.66	    0.0	    00000000     00000000	   1	[      4]
568   	0     	      5	    NegSmallDark	   1130.8203	   2515.62	    0.0	    00000000     00000000	   1	[      2]
569   	0     	     11	 NeutSmallBright	   1132.8828	   2062.50	    0.0	    00000000     00000000	   1	[      8]
570   	0     	     11	 NeutSmallBright	   1134.9570	   2074.22	    0.0	    00000000     00000000	   1	[      8]
571   	0     	      6	  NegLargeBright	   1137.2500	   2292.97	    0.0	    00000000     00000000	   1	[      3]
572   	0     	      8	   NeutLargeDark	   1139.7656	   2515.62	    0.0	    00000000     00000000	   1	[      5]
573   	0     	      9	   NeutSmallDark	   1141.8516	   2085.94	    0.0	    00000000     00000000	   1	[      6]
574   	0     	     15	     condition15	   1144.3633	   2511.72	    0.0	    00000000     00000000	   1	[       ]
575   	0     	      2	      condition2	   1145.1758	    812.50	    0.0	    00000000     00000000	   1	[       ]
576   	0     	      7	  NegSmallBright	   1146.3867	   1210.94	    0.0	    00000000     00000000	   1	[      4]
577   	0     	      4	    NegLargeDark	   1148.9023	   2515.62	    0.0	    00000000     00000000	   1	[      1]
578   	0     	     14	     condition14	   1151.3281	   2425.78	    0.0	    00000000     00000000	   1	[       ]
579   	0     	      2	      condition2	   1152.0391	    710.94	    0.0	    00000000     00000000	   1	[       ]
580   	0     	      4	    NegLargeDark	   1153.7617	   1722.66	    0.0	    00000000     00000000	   1	[      1]
581   	0     	      8	   NeutLargeDark	   1156.0859	   2324.22	    0.0	    00000000     00000000	   1	[      5]
582   	0     	      5	    NegSmallDark	   1158.3789	   2292.97	    0.0	    00000000     00000000	   1	[      2]
583   	0     	     14	     condition14	   1160.8945	   2515.62	    0.0	    00000000     00000000	   1	[       ]
584   	0     	      2	      condition2	   1161.5781	    683.59	    0.0	    00000000     00000000	   1	[       ]
585   	0     	      9	   NeutSmallDark	   1162.9375	   1359.38	    0.0	    00000000     00000000	   1	[      6]
586   	0     	      9	   NeutSmallDark	   1164.9609	   2023.44	    0.0	    00000000     00000000	   1	[      6]
587   	0     	     11	 NeutSmallBright	   1167.4531	   2492.19	    0.0	    00000000     00000000	   1	[      8]
588   	0     	      7	  NegSmallBright	   1169.7383	   2285.16	    0.0	    00000000     00000000	   1	[      4]
589   	0     	     14	     condition14	   1172.2148	   2476.56	    0.0	    00000000     00000000	   1	[       ]
590   	0     	      2	      condition2	   1172.7617	    546.88	    0.0	    00000000     00000000	   1	[       ]
591   	0     	      6	  NegLargeBright	   1174.3867	   1625.00	    0.0	    00000000     00000000	   1	[      3]
592   	0     	      7	  NegSmallBright	   1176.7500	   2363.28	    0.0	    00000000     00000000	   1	[      4]
593   	0     	      7	  NegSmallBright	   1179.0039	   2253.91	    0.0	    00000000     00000000	   1	[      4]
594   	0     	     11	 NeutSmallBright	   1181.0469	   2042.97	    0.0	    00000000     00000000	   1	[      8]
595   	0     	      4	    NegLargeDark	   1183.5430	   2496.09	    0.0	    00000000     00000000	   1	[      1]
596   	0     	      6	  NegLargeBright	   1185.8867	   2343.75	    0.0	    00000000     00000000	   1	[      3]
597   	0     	      5	    NegSmallDark	   1188.3711	   2484.38	    0.0	    00000000     00000000	   1	[      2]
598   	0     	      5	    NegSmallDark	   1190.7539	   2382.81	    0.0	    00000000     00000000	   1	[      2]
599   	0     	     11	 NeutSmallBright	   1192.8789	   2125.00	    0.0	    00000000     00000000	   1	[      8]
600   	0     	      8	   NeutLargeDark	   1194.9922	   2113.28	    0.0	    00000000     00000000	   1	[      5]
601   	0     	      4	    NegLargeDark	   1197.2656	   2273.44	    0.0	    00000000     00000000	   1	[      1]
602   	0     	      7	  NegSmallBright	   1199.7227	   2457.03	    0.0	    00000000     00000000	   1	[      4]
603   	0     	      9	   NeutSmallDark	   1201.7461	   2023.44	    0.0	    00000000     00000000	   1	[      6]
604   	0     	      9	   NeutSmallDark	   1204.2695	   2523.44	    0.0	    00000000     00000000	   1	[      6]
605   	0     	      4	    NegLargeDark	   1206.4727	   2203.12	    0.0	    00000000     00000000	   1	[      1]
606   	0     	     10	 NeutLargeBright	   1208.9570	   2484.38	    0.0	    00000000     00000000	   1	[      7]
607   	0     	      7	  NegSmallBright	   1211.1016	   2144.53	    0.0	    00000000     00000000	   1	[      4]
608   	0     	      6	  NegLargeBright	   1213.5977	   2496.09	    0.0	    00000000     00000000	   1	[      3]
609   	0     	     10	 NeutLargeBright	   1215.9688	   2371.09	    0.0	    00000000     00000000	   1	[      7]
610   	0     	     11	 NeutSmallBright	   1218.1641	   2195.31	    0.0	    00000000     00000000	   1	[      8]
611   	0     	     15	     condition15	   1220.5781	   2414.06	    0.0	    00000000     00000000	   1	[       ]
612   	0     	      2	      condition2	   1221.2344	    656.25	    0.0	    00000000     00000000	   1	[       ]
613   	0     	      7	  NegSmallBright	   1222.8008	   1566.41	    0.0	    00000000     00000000	   1	[      4]
614   	0     	      4	    NegLargeDark	   1224.9766	   2175.78	    0.0	    00000000     00000000	   1	[      1]
615   	0     	      7	  NegSmallBright	   1227.3320	   2355.47	    0.0	    00000000     00000000	   1	[      4]
616   	0     	      6	  NegLargeBright	   1229.7227	   2390.62	    0.0	    00000000     00000000	   1	[      3]
617   	0     	      4	    NegLargeDark	   1231.8164	   2093.75	    0.0	    00000000     00000000	   1	[      1]
618   	0     	     12	     condition12	   1233.9414	   2125.00	    0.0	    00000000     00000000	   1	[       ]
619   	0     	      2	      condition2	   1234.5508	    609.38	    0.0	    00000000     00000000	   1	[       ]
620   	0     	      9	   NeutSmallDark	   1236.3477	   1796.88	    0.0	    00000000     00000000	   1	[      6]
621   	0     	      7	  NegSmallBright	   1238.5312	   2183.59	    0.0	    00000000     00000000	   1	[      4]
622   	0     	      5	    NegSmallDark	   1240.9648	   2433.59	    0.0	    00000000     00000000	   1	[      2]
623   	0     	      5	    NegSmallDark	   1243.4297	   2464.84	    0.0	    00000000     00000000	   1	[      2]
624   	0     	      6	  NegLargeBright	   1245.6016	   2171.88	    0.0	    00000000     00000000	   1	[      3]
625   	0     	     14	     condition14	   1248.0352	   2433.59	    0.0	    00000000     00000000	   1	[       ]
626   	0     	      2	      condition2	   1248.6758	    640.62	    0.0	    00000000     00000000	   1	[       ]
627   	0     	      4	    NegLargeDark	   1250.1094	   1433.59	    0.0	    00000000     00000000	   1	[      1]
628   	0     	      9	   NeutSmallDark	   1252.6055	   2496.09	    0.0	    00000000     00000000	   1	[      6]
629   	0     	      7	  NegSmallBright	   1254.8203	   2214.84	    0.0	    00000000     00000000	   1	[      4]
630   	0     	      9	   NeutSmallDark	   1257.0312	   2210.94	    0.0	    00000000     00000000	   1	[      6]
631   	0     	     11	 NeutSmallBright	   1259.4375	   2406.25	    0.0	    00000000     00000000	   1	[      8]
632   	0     	      8	   NeutLargeDark	   1261.6211	   2183.59	    0.0	    00000000     00000000	   1	[      5]
633   	0     	      8	   NeutLargeDark	   1263.9258	   2304.69	    0.0	    00000000     00000000	   1	[      5]
634   	0     	     13	     condition13	   1266.0781	   2152.34	    0.0	    00000000     00000000	   1	[       ]
635   	0     	      2	      condition2	   1266.6758	    597.66	    0.0	    00000000     00000000	   1	[       ]
636   	0     	      8	   NeutLargeDark	   1268.2812	   1605.47	    0.0	    00000000     00000000	   1	[      5]
637   	0     	      7	  NegSmallBright	   1270.4961	   2214.84	    0.0	    00000000     00000000	   1	[      4]
638   	0     	      4	    NegLargeDark	   1272.6094	   2113.28	    0.0	    00000000     00000000	   1	[      1]
639   	0     	      7	  NegSmallBright	   1274.8945	   2285.16	    0.0	    00000000     00000000	   1	[      4]
640   	0     	      5	    NegSmallDark	   1277.1367	   2242.19	    0.0	    00000000     00000000	   1	[      2]
641   	0     	      5	    NegSmallDark	   1279.2930	   2156.25	    0.0	    00000000     00000000	   1	[      2]
642   	0     	     14	     condition14	   1281.7344	   2441.41	    0.0	    00000000     00000000	   1	[       ]
643   	0     	      2	      condition2	   1282.3438	    609.38	    0.0	    00000000     00000000	   1	[       ]
