#  Non-editable header begin --------------------------------------------------------------------------------
# 
#  data format...............: continuous
#  setname...................: BDF file
#  filename..................: none_specified
#  filepath..................: none_specified
#  nchan.....................: 64
#  pnts......................: 328704
#  srate.....................: 256
#  nevents...................: 662
#  generated by (bdf)........: 
#  generated by (set)........: BDF file
#  reported in ..............: 
#  prog Version..............: 8.02
#  creation date.............: 18-Nov-2020 17:23:20
#  user Account..............: 
# 
#  Non-editable header end --------------------------------------------------------------------------------

	bin 1,	# 60,	NegLargeDark
	bin 2,	# 60,	NegSmallDark
	bin 3,	# 60,	NegLargeBright
	bin 4,	# 60,	NegSmallBright
	bin 5,	# 60,	NeutLargeDark
	bin 6,	# 60,	NeutSmallDark
	bin 7,	# 60,	NeutLargeBright
	bin 8,	# 60,	NeutSmallBright



# item	 bepoch	  ecode	            label	      onset	          diff	     dura	b_flags	   a_flags	  enable	    bin
#                                                 (sec)           (msec)     (msec)    (binary)   (binary)


1     	0     	    253	              ""	      0.8438	      0.00	    0.0	    00000000     00000000	   1	[       ]
2     	0     	     15	     condition15	      1.8398	    996.09	    0.0	    00000000     00000000	   1	[       ]
3     	0     	      5	    NegSmallDark	      4.2539	   2414.06	    0.0	    00000000     00000000	   1	[      2]
4     	0     	     14	     condition14	      6.5469	   2292.97	    0.0	    00000000     00000000	   1	[       ]
5     	0     	      9	   NeutSmallDark	      8.6836	   2136.72	    0.0	    00000000     00000000	   1	[      6]
6     	0     	      5	    NegSmallDark	     10.8867	   2203.12	    0.0	    00000000     00000000	   1	[      2]
7     	0     	     11	 NeutSmallBright	     12.9414	   2054.69	    0.0	    00000000     00000000	   1	[      8]
8     	0     	      2	      condition2	     13.6250	    683.59	    0.0	    00000000     00000000	   1	[       ]
9     	0     	     15	     condition15	     14.9727	   1347.66	    0.0	    00000000     00000000	   1	[       ]
10    	0     	      2	      condition2	     15.7617	    789.06	    0.0	    00000000     00000000	   1	[       ]
11    	0     	      2	      condition2	     17.0195	   1257.81	    0.0	    00000000     00000000	   1	[       ]
12    	0     	     10	 NeutLargeBright	     17.1484	    128.91	    0.0	    00000000     00000000	   1	[      7]
13    	0     	     10	 NeutLargeBright	     19.6328	   2484.38	    0.0	    00000000     00000000	   1	[      7]
14    	0     	      6	  NegLargeBright	     21.9648	   2332.03	    0.0	    00000000     00000000	   1	[      3]
15    	0     	      8	   NeutLargeDark	     24.4609	   2496.09	    0.0	    00000000     00000000	   1	[      5]
16    	0     	      8	   NeutLargeDark	     26.9453	   2484.38	    0.0	    00000000     00000000	   1	[      5]
17    	0     	      5	    NegSmallDark	     29.1875	   2242.19	    0.0	    00000000     00000000	   1	[      2]
18    	0     	     11	 NeutSmallBright	     31.5508	   2363.28	    0.0	    00000000     00000000	   1	[      8]
19    	0     	      5	    NegSmallDark	     33.8867	   2335.94	    0.0	    00000000     00000000	   1	[      2]
20    	0     	     13	     condition13	     36.2422	   2355.47	    0.0	    00000000     00000000	   1	[       ]
21    	0     	      2	      condition2	     36.8867	    644.53	    0.0	    00000000     00000000	   1	[       ]
22    	0     	      9	   NeutSmallDark	     38.7148	   1828.12	    0.0	    00000000     00000000	   1	[      6]
23    	0     	     12	     condition12	     41.1406	   2425.78	    0.0	    00000000     00000000	   1	[       ]
24    	0     	      2	      condition2	     41.6289	    488.28	    0.0	    00000000     00000000	   1	[       ]
25    	0     	      6	  NegLargeBright	     43.5625	   1933.59	    0.0	    00000000     00000000	   1	[      3]
26    	0     	      8	   NeutLargeDark	     46.0273	   2464.84	    0.0	    00000000     00000000	   1	[      5]
27    	0     	      7	  NegSmallBright	     48.2305	   2203.12	    0.0	    00000000     00000000	   1	[      4]
28    	0     	      9	   NeutSmallDark	     50.7070	   2476.56	    0.0	    00000000     00000000	   1	[      6]
29    	0     	      5	    NegSmallDark	     53.0391	   2332.03	    0.0	    00000000     00000000	   1	[      2]
30    	0     	      9	   NeutSmallDark	     55.3633	   2324.22	    0.0	    00000000     00000000	   1	[      6]
31    	0     	      7	  NegSmallBright	     57.7305	   2367.19	    0.0	    00000000     00000000	   1	[      4]
32    	0     	      4	    NegLargeDark	     59.7617	   2031.25	    0.0	    00000000     00000000	   1	[      1]
33    	0     	      8	   NeutLargeDark	     62.2070	   2445.31	    0.0	    00000000     00000000	   1	[      5]
34    	0     	     12	     condition12	     64.3906	   2183.59	    0.0	    00000000     00000000	   1	[       ]
35    	0     	      2	      condition2	     64.9453	    554.69	    0.0	    00000000     00000000	   1	[       ]
36    	0     	      8	   NeutLargeDark	     66.5625	   1617.19	    0.0	    00000000     00000000	   1	[      5]
37    	0     	     11	 NeutSmallBright	     68.7695	   2207.03	    0.0	    00000000     00000000	   1	[      8]
38    	0     	      7	  NegSmallBright	     71.1719	   2402.34	    0.0	    00000000     00000000	   1	[      4]
39    	0     	      6	  NegLargeBright	     73.2578	   2085.94	    0.0	    00000000     00000000	   1	[      3]
40    	0     	      6	  NegLargeBright	     75.3516	   2093.75	    0.0	    00000000     00000000	   1	[      3]
41    	0     	      8	   NeutLargeDark	     77.5352	   2183.59	    0.0	    00000000     00000000	   1	[      5]
42    	0     	      9	   NeutSmallDark	     79.8281	   2292.97	    0.0	    00000000     00000000	   1	[      6]
43    	0     	     11	 NeutSmallBright	     82.0820	   2253.91	    0.0	    00000000     00000000	   1	[      8]
44    	0     	     10	 NeutLargeBright	     84.3672	   2285.16	    0.0	    00000000     00000000	   1	[      7]
45    	0     	      9	   NeutSmallDark	     86.7891	   2421.88	    0.0	    00000000     00000000	   1	[      6]
46    	0     	     10	 NeutLargeBright	     88.8633	   2074.22	    0.0	    00000000     00000000	   1	[      7]
47    	0     	      7	  NegSmallBright	     91.2773	   2414.06	    0.0	    00000000     00000000	   1	[      4]
48    	0     	      8	   NeutLargeDark	     93.4219	   2144.53	    0.0	    00000000     00000000	   1	[      5]
49    	0     	      6	  NegLargeBright	     95.6953	   2273.44	    0.0	    00000000     00000000	   1	[      3]
50    	0     	      4	    NegLargeDark	     97.8594	   2164.06	    0.0	    00000000     00000000	   1	[      1]
51    	0     	      7	  NegSmallBright	     99.9336	   2074.22	    0.0	    00000000     00000000	   1	[      4]
52    	0     	      5	    NegSmallDark	    102.3984	   2464.84	    0.0	    00000000     00000000	   1	[      2]
53    	0     	     14	     condition14	    104.5117	   2113.28	    0.0	    00000000     00000000	   1	[       ]
54    	0     	      2	      condition2	    104.9648	    453.12	    0.0	    00000000     00000000	   1	[       ]
55    	0     	      5	    NegSmallDark	    106.9141	   1949.22	    0.0	    00000000     00000000	   1	[      2]
56    	0     	      2	      condition2	    107.3398	    425.78	    0.0	    00000000     00000000	   1	[       ]
57    	0     	      5	    NegSmallDark	    109.0273	   1687.50	    0.0	    00000000     00000000	   1	[      2]
58    	0     	     11	 NeutSmallBright	    111.4727	   2445.31	    0.0	    00000000     00000000	   1	[      8]
59    	0     	     11	 NeutSmallBright	    113.8359	   2363.28	    0.0	    00000000     00000000	   1	[      8]
60    	0     	      5	    NegSmallDark	    115.9727	   2136.72	    0.0	    00000000     00000000	   1	[      2]
61    	0     	      6	  NegLargeBright	    118.4766	   2503.91	    0.0	    00000000     00000000	   1	[      3]
62    	0     	      7	  NegSmallBright	    120.6992	   2222.66	    0.0	    00000000     00000000	   1	[      4]
63    	0     	      9	   NeutSmallDark	    122.9844	   2285.16	    0.0	    00000000     00000000	   1	[      6]
64    	0     	     11	 NeutSmallBright	    125.2891	   2304.69	    0.0	    00000000     00000000	   1	[      8]
65    	0     	      9	   NeutSmallDark	    127.3594	   2070.31	    0.0	    00000000     00000000	   1	[      6]
66    	0     	      4	    NegLargeDark	    129.5742	   2214.84	    0.0	    00000000     00000000	   1	[      1]
67    	0     	      9	   NeutSmallDark	    131.8789	   2304.69	    0.0	    00000000     00000000	   1	[      6]
68    	0     	     12	     condition12	    134.0312	   2152.34	    0.0	    00000000     00000000	   1	[       ]
69    	0     	      2	      condition2	    134.5430	    511.72	    0.0	    00000000     00000000	   1	[       ]
70    	0     	      7	  NegSmallBright	    136.2383	   1695.31	    0.0	    00000000     00000000	   1	[      4]
71    	0     	      4	    NegLargeDark	    138.7305	   2492.19	    0.0	    00000000     00000000	   1	[      1]
72    	0     	     11	 NeutSmallBright	    141.0234	   2292.97	    0.0	    00000000     00000000	   1	[      8]
73    	0     	      4	    NegLargeDark	    143.3398	   2316.41	    0.0	    00000000     00000000	   1	[      1]
74    	0     	      5	    NegSmallDark	    145.5117	   2171.88	    0.0	    00000000     00000000	   1	[      2]
75    	0     	      9	   NeutSmallDark	    147.6055	   2093.75	    0.0	    00000000     00000000	   1	[      6]
76    	0     	      7	  NegSmallBright	    149.9414	   2335.94	    0.0	    00000000     00000000	   1	[      4]
77    	0     	      5	    NegSmallDark	    152.4336	   2492.19	    0.0	    00000000     00000000	   1	[      2]
78    	0     	      5	    NegSmallDark	    154.4570	   2023.44	    0.0	    00000000     00000000	   1	[      2]
79    	0     	      5	    NegSmallDark	    156.5117	   2054.69	    0.0	    00000000     00000000	   1	[      2]
80    	0     	     11	 NeutSmallBright	    158.5664	   2054.69	    0.0	    00000000     00000000	   1	[      8]
81    	0     	    253	              ""	    160.3906	   1824.22	    0.0	    00000000     00000000	   1	[       ]
82    	0     	      8	   NeutLargeDark	    161.3945	   1003.91	    0.0	    00000000     00000000	   1	[      5]
83    	0     	     11	 NeutSmallBright	    163.7266	   2332.03	    0.0	    00000000     00000000	   1	[      8]
84    	0     	      9	   NeutSmallDark	    166.1914	   2464.84	    0.0	    00000000     00000000	   1	[      6]
85    	0     	      7	  NegSmallBright	    168.3359	   2144.53	    0.0	    00000000     00000000	   1	[      4]
86    	0     	      5	    NegSmallDark	    170.8516	   2515.62	    0.0	    00000000     00000000	   1	[      2]
87    	0     	      5	    NegSmallDark	    173.1133	   2261.72	    0.0	    00000000     00000000	   1	[      2]
88    	0     	     14	     condition14	    175.2578	   2144.53	    0.0	    00000000     00000000	   1	[       ]
89    	0     	      2	      condition2	    175.7734	    515.62	    0.0	    00000000     00000000	   1	[       ]
90    	0     	     11	 NeutSmallBright	    177.3008	   1527.34	    0.0	    00000000     00000000	   1	[      8]
91    	0     	      6	  NegLargeBright	    179.7773	   2476.56	    0.0	    00000000     00000000	   1	[      3]
92    	0     	     13	     condition13	    181.8320	   2054.69	    0.0	    00000000     00000000	   1	[       ]
93    	0     	      2	      condition2	    182.3477	    515.62	    0.0	    00000000     00000000	   1	[       ]
94    	0     	      2	      condition2	    183.3867	   1039.06	    0.0	    00000000     00000000	   1	[       ]
95    	0     	      5	    NegSmallDark	    183.9258	    539.06	    0.0	    00000000     00000000	   1	[      2]
96    	0     	      7	  NegSmallBright	    186.0195	   2093.75	    0.0	    00000000     00000000	   1	[      4]
97    	0     	     11	 NeutSmallBright	    188.1328	   2113.28	    0.0	    00000000     00000000	   1	[      8]
98    	0     	      5	    NegSmallDark	    190.1953	   2062.50	    0.0	    00000000     00000000	   1	[      2]
99    	0     	      9	   NeutSmallDark	    192.5703	   2375.00	    0.0	    00000000     00000000	   1	[      6]
100   	0     	     10	 NeutLargeBright	    194.7031	   2132.81	    0.0	    00000000     00000000	   1	[      7]
101   	0     	      5	    NegSmallDark	    196.7969	   2093.75	    0.0	    00000000     00000000	   1	[      2]
102   	0     	     13	     condition13	    198.9414	   2144.53	    0.0	    00000000     00000000	   1	[       ]
103   	0     	      2	      condition2	    199.7930	    851.56	    0.0	    00000000     00000000	   1	[       ]
104   	0     	      9	   NeutSmallDark	    201.1133	   1320.31	    0.0	    00000000     00000000	   1	[      6]
105   	0     	      9	   NeutSmallDark	    203.2188	   2105.47	    0.0	    00000000     00000000	   1	[      6]
106   	0     	     13	     condition13	    205.3906	   2171.88	    0.0	    00000000     00000000	   1	[       ]
107   	0     	      6	  NegLargeBright	    207.8750	   2484.38	    0.0	    00000000     00000000	   1	[      3]
108   	0     	      4	    NegLargeDark	    209.9414	   2066.41	    0.0	    00000000     00000000	   1	[      1]
109   	0     	      9	   NeutSmallDark	    212.0625	   2121.09	    0.0	    00000000     00000000	   1	[      6]
110   	0     	      6	  NegLargeBright	    214.3984	   2335.94	    0.0	    00000000     00000000	   1	[      3]
111   	0     	     10	 NeutLargeBright	    216.7109	   2312.50	    0.0	    00000000     00000000	   1	[      7]
112   	0     	     11	 NeutSmallBright	    219.0273	   2316.41	    0.0	    00000000     00000000	   1	[      8]
113   	0     	     10	 NeutLargeBright	    221.1680	   2140.62	    0.0	    00000000     00000000	   1	[      7]
114   	0     	      8	   NeutLargeDark	    223.4727	   2304.69	    0.0	    00000000     00000000	   1	[      5]
115   	0     	      9	   NeutSmallDark	    225.6875	   2214.84	    0.0	    00000000     00000000	   1	[      6]
116   	0     	      6	  NegLargeBright	    228.1406	   2453.12	    0.0	    00000000     00000000	   1	[      3]
117   	0     	     10	 NeutLargeBright	    230.2461	   2105.47	    0.0	    00000000     00000000	   1	[      7]
118   	0     	      4	    NegLargeDark	    232.4180	   2171.88	    0.0	    00000000     00000000	   1	[      1]
119   	0     	      5	    NegSmallDark	    234.5625	   2144.53	    0.0	    00000000     00000000	   1	[      2]
120   	0     	      6	  NegLargeBright	    236.8281	   2265.62	    0.0	    00000000     00000000	   1	[      3]
121   	0     	      9	   NeutSmallDark	    238.9414	   2113.28	    0.0	    00000000     00000000	   1	[      6]
122   	0     	      6	  NegLargeBright	    241.0430	   2101.56	    0.0	    00000000     00000000	   1	[      3]
123   	0     	      5	    NegSmallDark	    243.4375	   2394.53	    0.0	    00000000     00000000	   1	[      2]
124   	0     	      4	    NegLargeDark	    245.9336	   2496.09	    0.0	    00000000     00000000	   1	[      1]
125   	0     	      9	   NeutSmallDark	    248.4062	   2472.66	    0.0	    00000000     00000000	   1	[      6]
126   	0     	      9	   NeutSmallDark	    250.8516	   2445.31	    0.0	    00000000     00000000	   1	[      6]
127   	0     	     13	     condition13	    253.3555	   2503.91	    0.0	    00000000     00000000	   1	[       ]
128   	0     	      2	      condition2	    254.1016	    746.09	    0.0	    00000000     00000000	   1	[       ]
129   	0     	      9	   NeutSmallDark	    255.5586	   1457.03	    0.0	    00000000     00000000	   1	[      6]
130   	0     	     11	 NeutSmallBright	    257.9453	   2386.72	    0.0	    00000000     00000000	   1	[      8]
131   	0     	      5	    NegSmallDark	    260.4375	   2492.19	    0.0	    00000000     00000000	   1	[      2]
132   	0     	      4	    NegLargeDark	    262.7930	   2355.47	    0.0	    00000000     00000000	   1	[      1]
133   	0     	      4	    NegLargeDark	    264.8477	   2054.69	    0.0	    00000000     00000000	   1	[      1]
134   	0     	      5	    NegSmallDark	    267.1406	   2292.97	    0.0	    00000000     00000000	   1	[      2]
135   	0     	     11	 NeutSmallBright	    269.4961	   2355.47	    0.0	    00000000     00000000	   1	[      8]
136   	0     	     13	     condition13	    271.6094	   2113.28	    0.0	    00000000     00000000	   1	[       ]
137   	0     	      2	      condition2	    272.2852	    675.78	    0.0	    00000000     00000000	   1	[       ]
138   	0     	      5	    NegSmallDark	    274.0430	   1757.81	    0.0	    00000000     00000000	   1	[      2]
139   	0     	     15	     condition15	    276.2148	   2171.88	    0.0	    00000000     00000000	   1	[       ]
140   	0     	      2	      condition2	    276.8672	    652.34	    0.0	    00000000     00000000	   1	[       ]
141   	0     	      6	  NegLargeBright	    278.2812	   1414.06	    0.0	    00000000     00000000	   1	[      3]
142   	0     	     11	 NeutSmallBright	    280.6250	   2343.75	    0.0	    00000000     00000000	   1	[      8]
143   	0     	     10	 NeutLargeBright	    282.9766	   2351.56	    0.0	    00000000     00000000	   1	[      7]
144   	0     	      9	   NeutSmallDark	    285.2812	   2304.69	    0.0	    00000000     00000000	   1	[      6]
145   	0     	      6	  NegLargeBright	    287.5469	   2265.62	    0.0	    00000000     00000000	   1	[      3]
146   	0     	     11	 NeutSmallBright	    289.7812	   2234.38	    0.0	    00000000     00000000	   1	[      8]
147   	0     	      9	   NeutSmallDark	    292.2656	   2484.38	    0.0	    00000000     00000000	   1	[      6]
148   	0     	      8	   NeutLargeDark	    294.4375	   2171.88	    0.0	    00000000     00000000	   1	[      5]
149   	0     	     13	     condition13	    296.5938	   2156.25	    0.0	    00000000     00000000	   1	[       ]
150   	0     	      2	      condition2	    297.0977	    503.91	    0.0	    00000000     00000000	   1	[       ]
151   	0     	     11	 NeutSmallBright	    298.8047	   1707.03	    0.0	    00000000     00000000	   1	[      8]
152   	0     	     14	     condition14	    301.0195	   2214.84	    0.0	    00000000     00000000	   1	[       ]
153   	0     	      2	      condition2	    301.7031	    683.59	    0.0	    00000000     00000000	   1	[       ]
154   	0     	      9	   NeutSmallDark	    303.4727	   1769.53	    0.0	    00000000     00000000	   1	[      6]
155   	0     	     10	 NeutLargeBright	    305.5664	   2093.75	    0.0	    00000000     00000000	   1	[      7]
156   	0     	      2	      condition2	    306.1328	    566.41	    0.0	    00000000     00000000	   1	[       ]
157   	0     	      4	    NegLargeDark	    308.0820	   1949.22	    0.0	    00000000     00000000	   1	[      1]
158   	0     	      8	   NeutLargeDark	    310.3477	   2265.62	    0.0	    00000000     00000000	   1	[      5]
159   	0     	      8	   NeutLargeDark	    312.7695	   2421.88	    0.0	    00000000     00000000	   1	[      5]
160   	0     	      7	  NegSmallBright	    315.0547	   2285.16	    0.0	    00000000     00000000	   1	[      4]
161   	0     	     12	     condition12	    317.5469	   2492.19	    0.0	    00000000     00000000	   1	[       ]
162   	0     	      2	      condition2	    318.5312	    984.38	    0.0	    00000000     00000000	   1	[       ]
163   	0     	      6	  NegLargeBright	    320.7500	   2218.75	    0.0	    00000000     00000000	   1	[      3]
164   	0     	     14	     condition14	    322.8516	   2101.56	    0.0	    00000000     00000000	   1	[       ]
165   	0     	      2	      condition2	    323.3633	    511.72	    0.0	    00000000     00000000	   1	[       ]
166   	0     	      4	    NegLargeDark	    325.0859	   1722.66	    0.0	    00000000     00000000	   1	[      1]
167   	0     	      8	   NeutLargeDark	    327.3008	   2214.84	    0.0	    00000000     00000000	   1	[      5]
168   	0     	      6	  NegLargeBright	    329.4141	   2113.28	    0.0	    00000000     00000000	   1	[      3]
169   	0     	     10	 NeutLargeBright	    331.6602	   2246.09	    0.0	    00000000     00000000	   1	[      7]
170   	0     	      4	    NegLargeDark	    333.8125	   2152.34	    0.0	    00000000     00000000	   1	[      1]
171   	0     	     14	     condition14	    336.0547	   2242.19	    0.0	    00000000     00000000	   1	[       ]
172   	0     	     11	 NeutSmallBright	    338.5000	   2445.31	    0.0	    00000000     00000000	   1	[      8]
173   	0     	      6	  NegLargeBright	    340.7969	   2296.88	    0.0	    00000000     00000000	   1	[      3]
174   	0     	     10	 NeutLargeBright	    343.1484	   2351.56	    0.0	    00000000     00000000	   1	[      7]
175   	0     	      5	    NegSmallDark	    345.2539	   2105.47	    0.0	    00000000     00000000	   1	[      2]
176   	0     	      9	   NeutSmallDark	    347.5352	   2281.25	    0.0	    00000000     00000000	   1	[      6]
177   	0     	      8	   NeutLargeDark	    349.7617	   2226.56	    0.0	    00000000     00000000	   1	[      5]
178   	0     	      8	   NeutLargeDark	    352.1445	   2382.81	    0.0	    00000000     00000000	   1	[      5]
179   	0     	      7	  NegSmallBright	    354.5391	   2394.53	    0.0	    00000000     00000000	   1	[      4]
180   	0     	     11	 NeutSmallBright	    356.7539	   2214.84	    0.0	    00000000     00000000	   1	[      8]
181   	0     	      8	   NeutLargeDark	    358.9570	   2203.12	    0.0	    00000000     00000000	   1	[      5]
182   	0     	      5	    NegSmallDark	    361.1602	   2203.12	    0.0	    00000000     00000000	   1	[      2]
183   	0     	     11	 NeutSmallBright	    363.5742	   2414.06	    0.0	    00000000     00000000	   1	[      8]
184   	0     	     15	     condition15	    365.7188	   2144.53	    0.0	    00000000     00000000	   1	[       ]
185   	0     	      2	      condition2	    366.2852	    566.41	    0.0	    00000000     00000000	   1	[       ]
186   	0     	      7	  NegSmallBright	    367.8438	   1558.59	    0.0	    00000000     00000000	   1	[      4]
187   	0     	     12	     condition12	    370.3086	   2464.84	    0.0	    00000000     00000000	   1	[       ]
188   	0     	      2	      condition2	    370.9531	    644.53	    0.0	    00000000     00000000	   1	[       ]
189   	0     	     10	 NeutLargeBright	    372.7812	   1828.12	    0.0	    00000000     00000000	   1	[      7]
190   	0     	     10	 NeutLargeBright	    375.1055	   2324.22	    0.0	    00000000     00000000	   1	[      7]
191   	0     	      5	    NegSmallDark	    377.3203	   2214.84	    0.0	    00000000     00000000	   1	[      2]
192   	0     	      4	    NegLargeDark	    379.8555	   2535.16	    0.0	    00000000     00000000	   1	[      1]
193   	0     	     15	     condition15	    382.0391	   2183.59	    0.0	    00000000     00000000	   1	[       ]
194   	0     	      2	      condition2	    382.6406	    601.56	    0.0	    00000000     00000000	   1	[       ]
195   	0     	     11	 NeutSmallBright	    384.2617	   1621.09	    0.0	    00000000     00000000	   1	[      8]
196   	0     	     10	 NeutLargeBright	    386.3438	   2082.03	    0.0	    00000000     00000000	   1	[      7]
197   	0     	      7	  NegSmallBright	    388.8008	   2457.03	    0.0	    00000000     00000000	   1	[      4]
198   	0     	      6	  NegLargeBright	    390.9531	   2152.34	    0.0	    00000000     00000000	   1	[      3]
199   	0     	      4	    NegLargeDark	    393.1367	   2183.59	    0.0	    00000000     00000000	   1	[      1]
200   	0     	     15	     condition15	    395.5898	   2453.12	    0.0	    00000000     00000000	   1	[       ]
201   	0     	      2	      condition2	    396.2148	    625.00	    0.0	    00000000     00000000	   1	[       ]
202   	0     	      8	   NeutLargeDark	    397.9062	   1691.41	    0.0	    00000000     00000000	   1	[      5]
203   	0     	     10	 NeutLargeBright	    400.3789	   2472.66	    0.0	    00000000     00000000	   1	[      7]
204   	0     	      8	   NeutLargeDark	    402.7539	   2375.00	    0.0	    00000000     00000000	   1	[      5]
205   	0     	     10	 NeutLargeBright	    405.0078	   2253.91	    0.0	    00000000     00000000	   1	[      7]
206   	0     	     11	 NeutSmallBright	    407.4922	   2484.38	    0.0	    00000000     00000000	   1	[      8]
207   	0     	      8	   NeutLargeDark	    409.5352	   2042.97	    0.0	    00000000     00000000	   1	[      5]
208   	0     	      2	      condition2	    410.1953	    660.16	    0.0	    00000000     00000000	   1	[       ]
209   	0     	     11	 NeutSmallBright	    411.8281	   1632.81	    0.0	    00000000     00000000	   1	[      8]
210   	0     	      4	    NegLargeDark	    414.3359	   2507.81	    0.0	    00000000     00000000	   1	[      1]
211   	0     	      8	   NeutLargeDark	    416.6367	   2300.78	    0.0	    00000000     00000000	   1	[      5]
212   	0     	     11	 NeutSmallBright	    419.0820	   2445.31	    0.0	    00000000     00000000	   1	[      8]
213   	0     	      4	    NegLargeDark	    421.4453	   2363.28	    0.0	    00000000     00000000	   1	[      1]
214   	0     	     10	 NeutLargeBright	    423.8320	   2386.72	    0.0	    00000000     00000000	   1	[      7]
215   	0     	     11	 NeutSmallBright	    426.0859	   2253.91	    0.0	    00000000     00000000	   1	[      8]
216   	0     	      2	      condition2	    426.7461	    660.16	    0.0	    00000000     00000000	   1	[       ]
217   	0     	      8	   NeutLargeDark	    428.5078	   1761.72	    0.0	    00000000     00000000	   1	[      5]
218   	0     	      5	    NegSmallDark	    430.6914	   2183.59	    0.0	    00000000     00000000	   1	[      2]
219   	0     	      8	   NeutLargeDark	    433.1875	   2496.09	    0.0	    00000000     00000000	   1	[      5]
220   	0     	     13	     condition13	    435.4297	   2242.19	    0.0	    00000000     00000000	   1	[       ]
221   	0     	      2	      condition2	    435.9766	    546.88	    0.0	    00000000     00000000	   1	[       ]
222   	0     	     15	     condition15	    437.8242	   1847.66	    0.0	    00000000     00000000	   1	[       ]
223   	0     	      2	      condition2	    438.8242	   1000.00	    0.0	    00000000     00000000	   1	[       ]
224   	0     	     12	     condition12	    440.2500	   1425.78	    0.0	    00000000     00000000	   1	[       ]
225   	0     	      2	      condition2	    440.7500	    500.00	    0.0	    00000000     00000000	   1	[       ]
226   	0     	      7	  NegSmallBright	    442.3945	   1644.53	    0.0	    00000000     00000000	   1	[      4]
227   	0     	      6	  NegLargeBright	    444.4883	   2093.75	    0.0	    00000000     00000000	   1	[      3]
228   	0     	     10	 NeutLargeBright	    446.5625	   2074.22	    0.0	    00000000     00000000	   1	[      7]
229   	0     	      9	   NeutSmallDark	    448.5938	   2031.25	    0.0	    00000000     00000000	   1	[      6]
230   	0     	      9	   NeutSmallDark	    450.7969	   2203.12	    0.0	    00000000     00000000	   1	[      6]
231   	0     	     13	     condition13	    453.0508	   2253.91	    0.0	    00000000     00000000	   1	[       ]
232   	0     	      2	      condition2	    453.7578	    707.03	    0.0	    00000000     00000000	   1	[       ]
233   	0     	     11	 NeutSmallBright	    455.2773	   1519.53	    0.0	    00000000     00000000	   1	[      8]
234   	0     	     15	     condition15	    457.6211	   2343.75	    0.0	    00000000     00000000	   1	[       ]
235   	0     	      2	      condition2	    458.1719	    550.78	    0.0	    00000000     00000000	   1	[       ]
236   	0     	     11	 NeutSmallBright	    459.7852	   1613.28	    0.0	    00000000     00000000	   1	[      8]
237   	0     	     14	     condition14	    461.8477	   2062.50	    0.0	    00000000     00000000	   1	[       ]
238   	0     	      2	      condition2	    462.3945	    546.88	    0.0	    00000000     00000000	   1	[       ]
239   	0     	      7	  NegSmallBright	    463.9102	   1515.62	    0.0	    00000000     00000000	   1	[      4]
240   	0     	     10	 NeutLargeBright	    466.1758	   2265.62	    0.0	    00000000     00000000	   1	[      7]
241   	0     	      4	    NegLargeDark	    468.6992	   2523.44	    0.0	    00000000     00000000	   1	[      1]
242   	0     	      6	  NegLargeBright	    470.9922	   2292.97	    0.0	    00000000     00000000	   1	[      3]
243   	0     	     15	     condition15	    473.4492	   2457.03	    0.0	    00000000     00000000	   1	[       ]
244   	0     	      2	      condition2	    474.0977	    648.44	    0.0	    00000000     00000000	   1	[       ]
245   	0     	      8	   NeutLargeDark	    475.6523	   1554.69	    0.0	    00000000     00000000	   1	[      5]
246   	0     	      4	    NegLargeDark	    477.7656	   2113.28	    0.0	    00000000     00000000	   1	[      1]
247   	0     	    253	              ""	    480.9219	   3156.25	    0.0	    00000000     00000000	   1	[       ]
248   	0     	      9	   NeutSmallDark	    481.9258	   1003.91	    0.0	    00000000     00000000	   1	[      6]
249   	0     	     14	     condition14	    484.3203	   2394.53	    0.0	    00000000     00000000	   1	[       ]
250   	0     	      2	      condition2	    484.8477	    527.34	    0.0	    00000000     00000000	   1	[       ]
251   	0     	     14	     condition14	    486.6250	   1777.34	    0.0	    00000000     00000000	   1	[       ]
252   	0     	      2	      condition2	    487.3203	    695.31	    0.0	    00000000     00000000	   1	[       ]
253   	0     	      9	   NeutSmallDark	    488.9805	   1660.16	    0.0	    00000000     00000000	   1	[      6]
254   	0     	      7	  NegSmallBright	    491.4727	   2492.19	    0.0	    00000000     00000000	   1	[      4]
255   	0     	      6	  NegLargeBright	    493.9961	   2523.44	    0.0	    00000000     00000000	   1	[      3]
256   	0     	      8	   NeutLargeDark	    496.1328	   2136.72	    0.0	    00000000     00000000	   1	[      5]
257   	0     	      6	  NegLargeBright	    498.2070	   2074.22	    0.0	    00000000     00000000	   1	[      3]
258   	0     	      2	      condition2	    499.6367	   1429.69	    0.0	    00000000     00000000	   1	[       ]
259   	0     	      9	   NeutSmallDark	    500.3672	    730.47	    0.0	    00000000     00000000	   1	[      6]
260   	0     	     15	     condition15	    502.4219	   2054.69	    0.0	    00000000     00000000	   1	[       ]
261   	0     	      2	      condition2	    502.9805	    558.59	    0.0	    00000000     00000000	   1	[       ]
262   	0     	      7	  NegSmallBright	    504.8672	   1886.72	    0.0	    00000000     00000000	   1	[      4]
263   	0     	      6	  NegLargeBright	    507.2305	   2363.28	    0.0	    00000000     00000000	   1	[      3]
264   	0     	      4	    NegLargeDark	    509.6953	   2464.84	    0.0	    00000000     00000000	   1	[      1]
265   	0     	      9	   NeutSmallDark	    511.7891	   2093.75	    0.0	    00000000     00000000	   1	[      6]
266   	0     	      6	  NegLargeBright	    514.2539	   2464.84	    0.0	    00000000     00000000	   1	[      3]
267   	0     	      6	  NegLargeBright	    516.4766	   2222.66	    0.0	    00000000     00000000	   1	[      3]
268   	0     	      5	    NegSmallDark	    518.7617	   2285.16	    0.0	    00000000     00000000	   1	[      2]
269   	0     	      6	  NegLargeBright	    520.7930	   2031.25	    0.0	    00000000     00000000	   1	[      3]
270   	0     	     12	     condition12	    523.2773	   2484.38	    0.0	    00000000     00000000	   1	[       ]
271   	0     	      2	      condition2	    524.0664	    789.06	    0.0	    00000000     00000000	   1	[       ]
272   	0     	      4	    NegLargeDark	    525.5312	   1464.84	    0.0	    00000000     00000000	   1	[      1]
273   	0     	     11	 NeutSmallBright	    527.8672	   2335.94	    0.0	    00000000     00000000	   1	[      8]
274   	0     	      8	   NeutLargeDark	    529.9922	   2125.00	    0.0	    00000000     00000000	   1	[      5]
275   	0     	      8	   NeutLargeDark	    532.2656	   2273.44	    0.0	    00000000     00000000	   1	[      5]
276   	0     	     14	     condition14	    534.6992	   2433.59	    0.0	    00000000     00000000	   1	[       ]
277   	0     	      2	      condition2	    535.2852	    585.94	    0.0	    00000000     00000000	   1	[       ]
278   	0     	     14	     condition14	    536.9648	   1679.69	    0.0	    00000000     00000000	   1	[       ]
279   	0     	      2	      condition2	    537.4062	    441.41	    0.0	    00000000     00000000	   1	[       ]
280   	0     	     10	 NeutLargeBright	    539.3164	   1910.16	    0.0	    00000000     00000000	   1	[      7]
281   	0     	      9	   NeutSmallDark	    541.6133	   2296.88	    0.0	    00000000     00000000	   1	[      6]
282   	0     	      8	   NeutLargeDark	    544.0156	   2402.34	    0.0	    00000000     00000000	   1	[      5]
283   	0     	     14	     condition14	    546.5117	   2496.09	    0.0	    00000000     00000000	   1	[       ]
284   	0     	      2	      condition2	    547.0195	    507.81	    0.0	    00000000     00000000	   1	[       ]
285   	0     	     11	 NeutSmallBright	    548.7930	   1773.44	    0.0	    00000000     00000000	   1	[      8]
286   	0     	      6	  NegLargeBright	    551.2266	   2433.59	    0.0	    00000000     00000000	   1	[      3]
287   	0     	      7	  NegSmallBright	    553.4219	   2195.31	    0.0	    00000000     00000000	   1	[      4]
288   	0     	     10	 NeutLargeBright	    555.6680	   2246.09	    0.0	    00000000     00000000	   1	[      7]
289   	0     	     10	 NeutLargeBright	    557.9219	   2253.91	    0.0	    00000000     00000000	   1	[      7]
290   	0     	      7	  NegSmallBright	    560.2852	   2363.28	    0.0	    00000000     00000000	   1	[      4]
291   	0     	      7	  NegSmallBright	    562.6094	   2324.22	    0.0	    00000000     00000000	   1	[      4]
292   	0     	      4	    NegLargeDark	    565.0039	   2394.53	    0.0	    00000000     00000000	   1	[      1]
293   	0     	      4	    NegLargeDark	    567.3867	   2382.81	    0.0	    00000000     00000000	   1	[      1]
294   	0     	      8	   NeutLargeDark	    569.8125	   2425.78	    0.0	    00000000     00000000	   1	[      5]
295   	0     	      5	    NegSmallDark	    571.8555	   2042.97	    0.0	    00000000     00000000	   1	[      2]
296   	0     	     11	 NeutSmallBright	    574.2891	   2433.59	    0.0	    00000000     00000000	   1	[      8]
297   	0     	      2	      condition2	    574.9141	    625.00	    0.0	    00000000     00000000	   1	[       ]
298   	0     	      9	   NeutSmallDark	    576.6641	   1750.00	    0.0	    00000000     00000000	   1	[      6]
299   	0     	      9	   NeutSmallDark	    578.7266	   2062.50	    0.0	    00000000     00000000	   1	[      6]
300   	0     	      4	    NegLargeDark	    581.0117	   2285.16	    0.0	    00000000     00000000	   1	[      1]
301   	0     	      7	  NegSmallBright	    583.4844	   2472.66	    0.0	    00000000     00000000	   1	[      4]
302   	0     	     13	     condition13	    585.9102	   2425.78	    0.0	    00000000     00000000	   1	[       ]
303   	0     	      2	      condition2	    586.4961	    585.94	    0.0	    00000000     00000000	   1	[       ]
304   	0     	      4	    NegLargeDark	    588.1016	   1605.47	    0.0	    00000000     00000000	   1	[      1]
305   	0     	     12	     condition12	    590.4961	   2394.53	    0.0	    00000000     00000000	   1	[       ]
306   	0     	      2	      condition2	    591.4766	    980.47	    0.0	    00000000     00000000	   1	[       ]
307   	0     	     12	     condition12	    592.7500	   1273.44	    0.0	    00000000     00000000	   1	[       ]
308   	0     	      2	      condition2	    593.4297	    679.69	    0.0	    00000000     00000000	   1	[       ]
309   	0     	      9	   NeutSmallDark	    595.0547	   1625.00	    0.0	    00000000     00000000	   1	[      6]
310   	0     	      8	   NeutLargeDark	    597.3594	   2304.69	    0.0	    00000000     00000000	   1	[      5]
311   	0     	     13	     condition13	    599.8320	   2472.66	    0.0	    00000000     00000000	   1	[       ]
312   	0     	      2	      condition2	    600.3320	    500.00	    0.0	    00000000     00000000	   1	[       ]
313   	0     	     10	 NeutLargeBright	    602.0391	   1707.03	    0.0	    00000000     00000000	   1	[      7]
314   	0     	     13	     condition13	    604.0820	   2042.97	    0.0	    00000000     00000000	   1	[       ]
315   	0     	      2	      condition2	    604.7461	    664.06	    0.0	    00000000     00000000	   1	[       ]
316   	0     	      4	    NegLargeDark	    606.3242	   1578.12	    0.0	    00000000     00000000	   1	[      1]
317   	0     	     14	     condition14	    608.7695	   2445.31	    0.0	    00000000     00000000	   1	[       ]
318   	0     	      2	      condition2	    609.4492	    679.69	    0.0	    00000000     00000000	   1	[       ]
319   	0     	      2	      condition2	    610.3789	    929.69	    0.0	    00000000     00000000	   1	[       ]
320   	0     	      7	  NegSmallBright	    611.2227	    843.75	    0.0	    00000000     00000000	   1	[      4]
321   	0     	      9	   NeutSmallDark	    613.6992	   2476.56	    0.0	    00000000     00000000	   1	[      6]
322   	0     	      4	    NegLargeDark	    615.7500	   2050.78	    0.0	    00000000     00000000	   1	[      1]
323   	0     	     11	 NeutSmallBright	    617.8945	   2144.53	    0.0	    00000000     00000000	   1	[      8]
324   	0     	      6	  NegLargeBright	    619.9492	   2054.69	    0.0	    00000000     00000000	   1	[      3]
325   	0     	      7	  NegSmallBright	    622.3125	   2363.28	    0.0	    00000000     00000000	   1	[      4]
326   	0     	      6	  NegLargeBright	    624.3555	   2042.97	    0.0	    00000000     00000000	   1	[      3]
327   	0     	      5	    NegSmallDark	    626.4805	   2125.00	    0.0	    00000000     00000000	   1	[      2]
328   	0     	      6	  NegLargeBright	    628.9258	   2445.31	    0.0	    00000000     00000000	   1	[      3]
329   	0     	     11	 NeutSmallBright	    631.1094	   2183.59	    0.0	    00000000     00000000	   1	[      8]
330   	0     	      7	  NegSmallBright	    633.5039	   2394.53	    0.0	    00000000     00000000	   1	[      4]
331   	0     	      5	    NegSmallDark	    635.6250	   2121.09	    0.0	    00000000     00000000	   1	[      2]
332   	0     	      7	  NegSmallBright	    637.6719	   2046.88	    0.0	    00000000     00000000	   1	[      4]
333   	0     	      6	  NegLargeBright	    639.7227	   2050.78	    0.0	    00000000     00000000	   1	[      3]
334   	0     	    253	              ""	    641.2188	   1496.09	    0.0	    00000000     00000000	   1	[       ]
335   	0     	     11	 NeutSmallBright	    642.2188	   1000.00	    0.0	    00000000     00000000	   1	[      8]
336   	0     	      9	   NeutSmallDark	    644.6914	   2472.66	    0.0	    00000000     00000000	   1	[      6]
337   	0     	     10	 NeutLargeBright	    646.8477	   2156.25	    0.0	    00000000     00000000	   1	[      7]
338   	0     	      5	    NegSmallDark	    649.0000	   2152.34	    0.0	    00000000     00000000	   1	[      2]
339   	0     	     12	     condition12	    651.1250	   2125.00	    0.0	    00000000     00000000	   1	[       ]
340   	0     	      2	      condition2	    651.7148	    589.84	    0.0	    00000000     00000000	   1	[       ]
341   	0     	      8	   NeutLargeDark	    653.2578	   1542.97	    0.0	    00000000     00000000	   1	[      5]
342   	0     	      9	   NeutSmallDark	    655.6719	   2414.06	    0.0	    00000000     00000000	   1	[      6]
343   	0     	     11	 NeutSmallBright	    657.7148	   2042.97	    0.0	    00000000     00000000	   1	[      8]
344   	0     	      7	  NegSmallBright	    659.7578	   2042.97	    0.0	    00000000     00000000	   1	[      4]
345   	0     	     10	 NeutLargeBright	    662.0430	   2285.16	    0.0	    00000000     00000000	   1	[      7]
346   	0     	      7	  NegSmallBright	    664.4453	   2402.34	    0.0	    00000000     00000000	   1	[      4]
347   	0     	      7	  NegSmallBright	    666.9023	   2457.03	    0.0	    00000000     00000000	   1	[      4]
348   	0     	      8	   NeutLargeDark	    669.1133	   2210.94	    0.0	    00000000     00000000	   1	[      5]
349   	0     	     12	     condition12	    671.4375	   2324.22	    0.0	    00000000     00000000	   1	[       ]
350   	0     	      2	      condition2	    672.0391	    601.56	    0.0	    00000000     00000000	   1	[       ]
351   	0     	      4	    NegLargeDark	    673.9141	   1875.00	    0.0	    00000000     00000000	   1	[      1]
352   	0     	      5	    NegSmallDark	    676.2891	   2375.00	    0.0	    00000000     00000000	   1	[      2]
353   	0     	      5	    NegSmallDark	    678.5312	   2242.19	    0.0	    00000000     00000000	   1	[      2]
354   	0     	     10	 NeutLargeBright	    680.5938	   2062.50	    0.0	    00000000     00000000	   1	[      7]
355   	0     	     11	 NeutSmallBright	    682.8984	   2304.69	    0.0	    00000000     00000000	   1	[      8]
356   	0     	     13	     condition13	    684.9414	   2042.97	    0.0	    00000000     00000000	   1	[       ]
357   	0     	      2	      condition2	    685.6602	    718.75	    0.0	    00000000     00000000	   1	[       ]
358   	0     	      8	   NeutLargeDark	    686.9844	   1324.22	    0.0	    00000000     00000000	   1	[      5]
359   	0     	      2	      condition2	    687.1562	    171.88	    0.0	    00000000     00000000	   1	[       ]
360   	0     	     10	 NeutLargeBright	    689.0898	   1933.59	    0.0	    00000000     00000000	   1	[      7]
361   	0     	     11	 NeutSmallBright	    691.4961	   2406.25	    0.0	    00000000     00000000	   1	[      8]
362   	0     	      9	   NeutSmallDark	    693.9375	   2441.41	    0.0	    00000000     00000000	   1	[      6]
363   	0     	      6	  NegLargeBright	    696.4336	   2496.09	    0.0	    00000000     00000000	   1	[      3]
364   	0     	      4	    NegLargeDark	    698.5664	   2132.81	    0.0	    00000000     00000000	   1	[      1]
365   	0     	     11	 NeutSmallBright	    700.9219	   2355.47	    0.0	    00000000     00000000	   1	[      8]
366   	0     	      8	   NeutLargeDark	    703.2930	   2371.09	    0.0	    00000000     00000000	   1	[      5]
367   	0     	      6	  NegLargeBright	    705.5781	   2285.16	    0.0	    00000000     00000000	   1	[      3]
368   	0     	      8	   NeutLargeDark	    707.8438	   2265.62	    0.0	    00000000     00000000	   1	[      5]
369   	0     	      9	   NeutSmallDark	    710.1484	   2304.69	    0.0	    00000000     00000000	   1	[      6]
370   	0     	     11	 NeutSmallBright	    712.4492	   2300.78	    0.0	    00000000     00000000	   1	[      8]
371   	0     	      7	  NegSmallBright	    714.9258	   2476.56	    0.0	    00000000     00000000	   1	[      4]
372   	0     	     11	 NeutSmallBright	    717.2500	   2324.22	    0.0	    00000000     00000000	   1	[      8]
373   	0     	      7	  NegSmallBright	    719.6836	   2433.59	    0.0	    00000000     00000000	   1	[      4]
374   	0     	     15	     condition15	    721.9688	   2285.16	    0.0	    00000000     00000000	   1	[       ]
375   	0     	      2	      condition2	    722.7188	    750.00	    0.0	    00000000     00000000	   1	[       ]
376   	0     	      9	   NeutSmallDark	    724.3516	   1632.81	    0.0	    00000000     00000000	   1	[      6]
377   	0     	      2	      condition2	    725.5430	   1191.41	    0.0	    00000000     00000000	   1	[       ]
378   	0     	      7	  NegSmallBright	    726.3945	    851.56	    0.0	    00000000     00000000	   1	[      4]
379   	0     	      4	    NegLargeDark	    728.4297	   2035.16	    0.0	    00000000     00000000	   1	[      1]
380   	0     	      8	   NeutLargeDark	    730.8828	   2453.12	    0.0	    00000000     00000000	   1	[      5]
381   	0     	      4	    NegLargeDark	    733.2188	   2335.94	    0.0	    00000000     00000000	   1	[      1]
382   	0     	      5	    NegSmallDark	    735.2812	   2062.50	    0.0	    00000000     00000000	   1	[      2]
383   	0     	     10	 NeutLargeBright	    737.3438	   2062.50	    0.0	    00000000     00000000	   1	[      7]
384   	0     	      6	  NegLargeBright	    739.7500	   2406.25	    0.0	    00000000     00000000	   1	[      3]
385   	0     	      8	   NeutLargeDark	    742.2148	   2464.84	    0.0	    00000000     00000000	   1	[      5]
386   	0     	     10	 NeutLargeBright	    744.3672	   2152.34	    0.0	    00000000     00000000	   1	[      7]
387   	0     	     10	 NeutLargeBright	    746.7422	   2375.00	    0.0	    00000000     00000000	   1	[      7]
388   	0     	     13	     condition13	    748.9062	   2164.06	    0.0	    00000000     00000000	   1	[       ]
389   	0     	      2	      condition2	    749.4492	    542.97	    0.0	    00000000     00000000	   1	[       ]
390   	0     	     15	     condition15	    751.2305	   1781.25	    0.0	    00000000     00000000	   1	[       ]
391   	0     	      2	      condition2	    752.0312	    800.78	    0.0	    00000000     00000000	   1	[       ]
392   	0     	     14	     condition14	    753.2930	   1261.72	    0.0	    00000000     00000000	   1	[       ]
393   	0     	      2	      condition2	    753.9375	    644.53	    0.0	    00000000     00000000	   1	[       ]
394   	0     	      9	   NeutSmallDark	    755.5781	   1640.62	    0.0	    00000000     00000000	   1	[      6]
395   	0     	      8	   NeutLargeDark	    757.8789	   2300.78	    0.0	    00000000     00000000	   1	[      5]
396   	0     	      7	  NegSmallBright	    760.2031	   2324.22	    0.0	    00000000     00000000	   1	[      4]
397   	0     	      5	    NegSmallDark	    762.3086	   2105.47	    0.0	    00000000     00000000	   1	[      2]
398   	0     	      6	  NegLargeBright	    764.4727	   2164.06	    0.0	    00000000     00000000	   1	[      3]
399   	0     	      8	   NeutLargeDark	    766.8555	   2382.81	    0.0	    00000000     00000000	   1	[      5]
400   	0     	      9	   NeutSmallDark	    768.8789	   2023.44	    0.0	    00000000     00000000	   1	[      6]
401   	0     	      4	    NegLargeDark	    771.0039	   2125.00	    0.0	    00000000     00000000	   1	[      1]
402   	0     	      8	   NeutLargeDark	    773.5078	   2503.91	    0.0	    00000000     00000000	   1	[      5]
403   	0     	      8	   NeutLargeDark	    775.8633	   2355.47	    0.0	    00000000     00000000	   1	[      5]
404   	0     	      6	  NegLargeBright	    777.9766	   2113.28	    0.0	    00000000     00000000	   1	[      3]
405   	0     	      5	    NegSmallDark	    780.2188	   2242.19	    0.0	    00000000     00000000	   1	[      2]
406   	0     	      5	    NegSmallDark	    782.5156	   2296.88	    0.0	    00000000     00000000	   1	[      2]
407   	0     	      7	  NegSmallBright	    784.6172	   2101.56	    0.0	    00000000     00000000	   1	[      4]
408   	0     	     15	     condition15	    786.8906	   2273.44	    0.0	    00000000     00000000	   1	[       ]
409   	0     	      2	      condition2	    787.4766	    585.94	    0.0	    00000000     00000000	   1	[       ]
410   	0     	      8	   NeutLargeDark	    788.9844	   1507.81	    0.0	    00000000     00000000	   1	[      5]
411   	0     	      5	    NegSmallDark	    791.3516	   2367.19	    0.0	    00000000     00000000	   1	[      2]
412   	0     	     10	 NeutLargeBright	    793.5742	   2222.66	    0.0	    00000000     00000000	   1	[      7]
413   	0     	      5	    NegSmallDark	    795.8789	   2304.69	    0.0	    00000000     00000000	   1	[      2]
414   	0     	      4	    NegLargeDark	    798.0508	   2171.88	    0.0	    00000000     00000000	   1	[      1]
415   	0     	    253	              ""	    800.2344	   2183.59	    0.0	    00000000     00000000	   1	[       ]
416   	0     	     11	 NeutSmallBright	    801.2305	    996.09	    0.0	    00000000     00000000	   1	[      8]
417   	0     	      8	   NeutLargeDark	    803.4062	   2175.78	    0.0	    00000000     00000000	   1	[      5]
418   	0     	     11	 NeutSmallBright	    805.7188	   2312.50	    0.0	    00000000     00000000	   1	[      8]
419   	0     	      6	  NegLargeBright	    807.8047	   2085.94	    0.0	    00000000     00000000	   1	[      3]
420   	0     	      9	   NeutSmallDark	    809.8594	   2054.69	    0.0	    00000000     00000000	   1	[      6]
421   	0     	      9	   NeutSmallDark	    812.2109	   2351.56	    0.0	    00000000     00000000	   1	[      6]
422   	0     	      7	  NegSmallBright	    814.4336	   2222.66	    0.0	    00000000     00000000	   1	[      4]
423   	0     	     12	     condition12	    816.4883	   2054.69	    0.0	    00000000     00000000	   1	[       ]
424   	0     	      2	      condition2	    817.0938	    605.47	    0.0	    00000000     00000000	   1	[       ]
425   	0     	      7	  NegSmallBright	    818.5234	   1429.69	    0.0	    00000000     00000000	   1	[      4]
426   	0     	     10	 NeutLargeBright	    820.7148	   2191.41	    0.0	    00000000     00000000	   1	[      7]
427   	0     	     15	     condition15	    823.1523	   2437.50	    0.0	    00000000     00000000	   1	[       ]
428   	0     	      2	      condition2	    823.7656	    613.28	    0.0	    00000000     00000000	   1	[       ]
429   	0     	     10	 NeutLargeBright	    825.4453	   1679.69	    0.0	    00000000     00000000	   1	[      7]
430   	0     	      7	  NegSmallBright	    827.5898	   2144.53	    0.0	    00000000     00000000	   1	[      4]
431   	0     	      4	    NegLargeDark	    830.0742	   2484.38	    0.0	    00000000     00000000	   1	[      1]
432   	0     	      7	  NegSmallBright	    832.5781	   2503.91	    0.0	    00000000     00000000	   1	[      4]
433   	0     	     10	 NeutLargeBright	    834.9727	   2394.53	    0.0	    00000000     00000000	   1	[      7]
434   	0     	      5	    NegSmallDark	    837.4766	   2503.91	    0.0	    00000000     00000000	   1	[      2]
435   	0     	      7	  NegSmallBright	    839.5586	   2082.03	    0.0	    00000000     00000000	   1	[      4]
436   	0     	      9	   NeutSmallDark	    841.9453	   2386.72	    0.0	    00000000     00000000	   1	[      6]
437   	0     	      4	    NegLargeDark	    844.3594	   2414.06	    0.0	    00000000     00000000	   1	[      1]
438   	0     	      4	    NegLargeDark	    846.8320	   2472.66	    0.0	    00000000     00000000	   1	[      1]
439   	0     	      5	    NegSmallDark	    849.1250	   2292.97	    0.0	    00000000     00000000	   1	[      2]
440   	0     	      5	    NegSmallDark	    851.2500	   2125.00	    0.0	    00000000     00000000	   1	[      2]
441   	0     	      7	  NegSmallBright	    853.7227	   2472.66	    0.0	    00000000     00000000	   1	[      4]
442   	0     	      9	   NeutSmallDark	    856.1797	   2457.03	    0.0	    00000000     00000000	   1	[      6]
443   	0     	      7	  NegSmallBright	    858.2227	   2042.97	    0.0	    00000000     00000000	   1	[      4]
444   	0     	     13	     condition13	    860.4375	   2214.84	    0.0	    00000000     00000000	   1	[       ]
445   	0     	      2	      condition2	    860.9102	    472.66	    0.0	    00000000     00000000	   1	[       ]
446   	0     	      7	  NegSmallBright	    862.9102	   2000.00	    0.0	    00000000     00000000	   1	[      4]
447   	0     	      8	   NeutLargeDark	    865.3945	   2484.38	    0.0	    00000000     00000000	   1	[      5]
448   	0     	     11	 NeutSmallBright	    867.6797	   2285.16	    0.0	    00000000     00000000	   1	[      8]
449   	0     	      5	    NegSmallDark	    869.7930	   2113.28	    0.0	    00000000     00000000	   1	[      2]
450   	0     	      5	    NegSmallDark	    872.0352	   2242.19	    0.0	    00000000     00000000	   1	[      2]
451   	0     	      9	   NeutSmallDark	    874.4219	   2386.72	    0.0	    00000000     00000000	   1	[      6]
452   	0     	     12	     condition12	    876.8867	   2464.84	    0.0	    00000000     00000000	   1	[       ]
453   	0     	      2	      condition2	    877.5781	    691.41	    0.0	    00000000     00000000	   1	[       ]
454   	0     	      6	  NegLargeBright	    879.0273	   1449.22	    0.0	    00000000     00000000	   1	[      3]
455   	0     	     11	 NeutSmallBright	    881.1523	   2125.00	    0.0	    00000000     00000000	   1	[      8]
456   	0     	      7	  NegSmallBright	    883.6562	   2503.91	    0.0	    00000000     00000000	   1	[      4]
457   	0     	      2	      condition2	    884.3867	    730.47	    0.0	    00000000     00000000	   1	[       ]
458   	0     	      6	  NegLargeBright	    885.9922	   1605.47	    0.0	    00000000     00000000	   1	[      3]
459   	0     	     12	     condition12	    888.3438	   2351.56	    0.0	    00000000     00000000	   1	[       ]
460   	0     	      2	      condition2	    888.9688	    625.00	    0.0	    00000000     00000000	   1	[       ]
461   	0     	     12	     condition12	    890.8086	   1839.84	    0.0	    00000000     00000000	   1	[       ]
462   	0     	      2	      condition2	    891.3203	    511.72	    0.0	    00000000     00000000	   1	[       ]
463   	0     	      8	   NeutLargeDark	    892.9844	   1664.06	    0.0	    00000000     00000000	   1	[      5]
464   	0     	      6	  NegLargeBright	    895.1055	   2121.09	    0.0	    00000000     00000000	   1	[      3]
465   	0     	      4	    NegLargeDark	    897.1797	   2074.22	    0.0	    00000000     00000000	   1	[      1]
466   	0     	      6	  NegLargeBright	    899.2227	   2042.97	    0.0	    00000000     00000000	   1	[      3]
467   	0     	     14	     condition14	    901.3789	   2156.25	    0.0	    00000000     00000000	   1	[       ]
468   	0     	      2	      condition2	    901.9258	    546.88	    0.0	    00000000     00000000	   1	[       ]
469   	0     	      4	    NegLargeDark	    903.7617	   1835.94	    0.0	    00000000     00000000	   1	[      1]
470   	0     	      6	  NegLargeBright	    905.8750	   2113.28	    0.0	    00000000     00000000	   1	[      3]
471   	0     	      5	    NegSmallDark	    908.3711	   2496.09	    0.0	    00000000     00000000	   1	[      2]
472   	0     	     10	 NeutLargeBright	    910.8047	   2433.59	    0.0	    00000000     00000000	   1	[      7]
473   	0     	      8	   NeutLargeDark	    913.0898	   2285.16	    0.0	    00000000     00000000	   1	[      5]
474   	0     	     15	     condition15	    915.5820	   2492.19	    0.0	    00000000     00000000	   1	[       ]
475   	0     	      2	      condition2	    916.3906	    808.59	    0.0	    00000000     00000000	   1	[       ]
476   	0     	      6	  NegLargeBright	    917.8477	   1457.03	    0.0	    00000000     00000000	   1	[      3]
477   	0     	      9	   NeutSmallDark	    919.8789	   2031.25	    0.0	    00000000     00000000	   1	[      6]
478   	0     	      4	    NegLargeDark	    922.3242	   2445.31	    0.0	    00000000     00000000	   1	[      1]
479   	0     	      4	    NegLargeDark	    924.5273	   2203.12	    0.0	    00000000     00000000	   1	[      1]
480   	0     	      8	   NeutLargeDark	    926.9727	   2445.31	    0.0	    00000000     00000000	   1	[      5]
481   	0     	      8	   NeutLargeDark	    929.2266	   2253.91	    0.0	    00000000     00000000	   1	[      5]
482   	0     	      5	    NegSmallDark	    931.4609	   2234.38	    0.0	    00000000     00000000	   1	[      2]
483   	0     	     15	     condition15	    933.9766	   2515.62	    0.0	    00000000     00000000	   1	[       ]
484   	0     	      2	      condition2	    934.6406	    664.06	    0.0	    00000000     00000000	   1	[       ]
485   	0     	      4	    NegLargeDark	    936.1094	   1468.75	    0.0	    00000000     00000000	   1	[      1]
486   	0     	     14	     condition14	    938.3750	   2265.62	    0.0	    00000000     00000000	   1	[       ]
487   	0     	      2	      condition2	    939.4414	   1066.41	    0.0	    00000000     00000000	   1	[       ]
488   	0     	      5	    NegSmallDark	    940.4258	    984.38	    0.0	    00000000     00000000	   1	[      2]
489   	0     	     10	 NeutLargeBright	    942.7617	   2335.94	    0.0	    00000000     00000000	   1	[      7]
490   	0     	      4	    NegLargeDark	    944.9961	   2234.38	    0.0	    00000000     00000000	   1	[      1]
491   	0     	     10	 NeutLargeBright	    947.3203	   2324.22	    0.0	    00000000     00000000	   1	[      7]
492   	0     	      6	  NegLargeBright	    949.4844	   2164.06	    0.0	    00000000     00000000	   1	[      3]
493   	0     	     11	 NeutSmallBright	    951.6953	   2210.94	    0.0	    00000000     00000000	   1	[      8]
494   	0     	      5	    NegSmallDark	    954.1328	   2437.50	    0.0	    00000000     00000000	   1	[      2]
495   	0     	     10	 NeutLargeBright	    956.6367	   2503.91	    0.0	    00000000     00000000	   1	[      7]
496   	0     	      7	  NegSmallBright	    958.6602	   2023.44	    0.0	    00000000     00000000	   1	[      4]
497   	0     	    253	              ""	    960.4062	   1746.09	    0.0	    00000000     00000000	   1	[       ]
498   	0     	     11	 NeutSmallBright	    961.4102	   1003.91	    0.0	    00000000     00000000	   1	[      8]
499   	0     	     10	 NeutLargeBright	    963.6055	   2195.31	    0.0	    00000000     00000000	   1	[      7]
500   	0     	      9	   NeutSmallDark	    965.9688	   2363.28	    0.0	    00000000     00000000	   1	[      6]
501   	0     	     10	 NeutLargeBright	    968.0117	   2042.97	    0.0	    00000000     00000000	   1	[      7]
502   	0     	      4	    NegLargeDark	    970.4375	   2425.78	    0.0	    00000000     00000000	   1	[      1]
503   	0     	     12	     condition12	    972.9219	   2484.38	    0.0	    00000000     00000000	   1	[       ]
504   	0     	      2	      condition2	    973.5391	    617.19	    0.0	    00000000     00000000	   1	[       ]
505   	0     	      7	  NegSmallBright	    975.1250	   1585.94	    0.0	    00000000     00000000	   1	[      4]
506   	0     	     11	 NeutSmallBright	    977.3594	   2234.38	    0.0	    00000000     00000000	   1	[      8]
507   	0     	     11	 NeutSmallBright	    979.4531	   2093.75	    0.0	    00000000     00000000	   1	[      8]
508   	0     	      6	  NegLargeBright	    981.8867	   2433.59	    0.0	    00000000     00000000	   1	[      3]
509   	0     	      6	  NegLargeBright	    984.2812	   2394.53	    0.0	    00000000     00000000	   1	[      3]
510   	0     	     10	 NeutLargeBright	    986.6367	   2355.47	    0.0	    00000000     00000000	   1	[      7]
511   	0     	     15	     condition15	    988.7695	   2132.81	    0.0	    00000000     00000000	   1	[       ]
512   	0     	      2	      condition2	    989.3438	    574.22	    0.0	    00000000     00000000	   1	[       ]
513   	0     	     11	 NeutSmallBright	    991.2734	   1929.69	    0.0	    00000000     00000000	   1	[      8]
514   	0     	      7	  NegSmallBright	    993.7891	   2515.62	    0.0	    00000000     00000000	   1	[      4]
515   	0     	      7	  NegSmallBright	    995.9805	   2191.41	    0.0	    00000000     00000000	   1	[      4]
516   	0     	      5	    NegSmallDark	    998.4648	   2484.38	    0.0	    00000000     00000000	   1	[      2]
517   	0     	     10	 NeutLargeBright	   1000.9492	   2484.38	    0.0	    00000000     00000000	   1	[      7]
518   	0     	      4	    NegLargeDark	   1003.2227	   2273.44	    0.0	    00000000     00000000	   1	[      1]
519   	0     	      2	      condition2	   1003.6367	    414.06	    0.0	    00000000     00000000	   1	[       ]
520   	0     	     12	     condition12	   1005.2578	   1621.09	    0.0	    00000000     00000000	   1	[       ]
521   	0     	      2	      condition2	   1006.0117	    753.91	    0.0	    00000000     00000000	   1	[       ]
522   	0     	      7	  NegSmallBright	   1007.5508	   1539.06	    0.0	    00000000     00000000	   1	[      4]
523   	0     	      4	    NegLargeDark	   1009.9844	   2433.59	    0.0	    00000000     00000000	   1	[      1]
524   	0     	     10	 NeutLargeBright	   1012.1992	   2214.84	    0.0	    00000000     00000000	   1	[      7]
525   	0     	      8	   NeutLargeDark	   1014.3438	   2144.53	    0.0	    00000000     00000000	   1	[      5]
526   	0     	      7	  NegSmallBright	   1016.7188	   2375.00	    0.0	    00000000     00000000	   1	[      4]
527   	0     	      8	   NeutLargeDark	   1019.0312	   2312.50	    0.0	    00000000     00000000	   1	[      5]
528   	0     	      7	  NegSmallBright	   1021.2656	   2234.38	    0.0	    00000000     00000000	   1	[      4]
529   	0     	      4	    NegLargeDark	   1023.4102	   2144.53	    0.0	    00000000     00000000	   1	[      1]
530   	0     	      6	  NegLargeBright	   1025.7656	   2355.47	    0.0	    00000000     00000000	   1	[      3]
531   	0     	     13	     condition13	   1028.2695	   2503.91	    0.0	    00000000     00000000	   1	[       ]
532   	0     	      2	      condition2	   1028.9609	    691.41	    0.0	    00000000     00000000	   1	[       ]
533   	0     	      5	    NegSmallDark	   1030.5039	   1542.97	    0.0	    00000000     00000000	   1	[      2]
534   	0     	      9	   NeutSmallDark	   1033.0078	   2503.91	    0.0	    00000000     00000000	   1	[      6]
535   	0     	     11	 NeutSmallBright	   1035.3125	   2304.69	    0.0	    00000000     00000000	   1	[      8]
536   	0     	     11	 NeutSmallBright	   1037.7344	   2421.88	    0.0	    00000000     00000000	   1	[      8]
537   	0     	      8	   NeutLargeDark	   1040.1992	   2464.84	    0.0	    00000000     00000000	   1	[      5]
538   	0     	      4	    NegLargeDark	   1042.3242	   2125.00	    0.0	    00000000     00000000	   1	[      1]
539   	0     	      9	   NeutSmallDark	   1044.6055	   2281.25	    0.0	    00000000     00000000	   1	[      6]
540   	0     	      4	    NegLargeDark	   1046.7617	   2156.25	    0.0	    00000000     00000000	   1	[      1]
541   	0     	     10	 NeutLargeBright	   1048.8359	   2074.22	    0.0	    00000000     00000000	   1	[      7]
542   	0     	     10	 NeutLargeBright	   1051.2305	   2394.53	    0.0	    00000000     00000000	   1	[      7]
543   	0     	      8	   NeutLargeDark	   1053.2734	   2042.97	    0.0	    00000000     00000000	   1	[      5]
544   	0     	     10	 NeutLargeBright	   1055.4961	   2222.66	    0.0	    00000000     00000000	   1	[      7]
545   	0     	      6	  NegLargeBright	   1057.8711	   2375.00	    0.0	    00000000     00000000	   1	[      3]
546   	0     	     10	 NeutLargeBright	   1060.0625	   2191.41	    0.0	    00000000     00000000	   1	[      7]
547   	0     	      6	  NegLargeBright	   1062.2383	   2175.78	    0.0	    00000000     00000000	   1	[      3]
548   	0     	      7	  NegSmallBright	   1064.5039	   2265.62	    0.0	    00000000     00000000	   1	[      4]
549   	0     	      2	      condition2	   1065.9219	   1417.97	    0.0	    00000000     00000000	   1	[       ]
550   	0     	      5	    NegSmallDark	   1066.9883	   1066.41	    0.0	    00000000     00000000	   1	[      2]
551   	0     	     11	 NeutSmallBright	   1069.0508	   2062.50	    0.0	    00000000     00000000	   1	[      8]
552   	0     	      6	  NegLargeBright	   1071.1250	   2074.22	    0.0	    00000000     00000000	   1	[      3]
553   	0     	      4	    NegLargeDark	   1073.4688	   2343.75	    0.0	    00000000     00000000	   1	[      1]
554   	0     	     11	 NeutSmallBright	   1075.6523	   2183.59	    0.0	    00000000     00000000	   1	[      8]
555   	0     	     15	     condition15	   1077.7148	   2062.50	    0.0	    00000000     00000000	   1	[       ]
556   	0     	     10	 NeutLargeBright	   1079.9688	   2253.91	    0.0	    00000000     00000000	   1	[      7]
557   	0     	      2	      condition2	   1081.2305	   1261.72	    0.0	    00000000     00000000	   1	[       ]
558   	0     	      7	  NegSmallBright	   1082.4141	   1183.59	    0.0	    00000000     00000000	   1	[      4]
559   	0     	     12	     condition12	   1084.9297	   2515.62	    0.0	    00000000     00000000	   1	[       ]
560   	0     	      2	      condition2	   1085.3906	    460.94	    0.0	    00000000     00000000	   1	[       ]
561   	0     	      9	   NeutSmallDark	   1087.3320	   1941.41	    0.0	    00000000     00000000	   1	[      6]
562   	0     	      5	    NegSmallDark	   1089.8047	   2472.66	    0.0	    00000000     00000000	   1	[      2]
563   	0     	      9	   NeutSmallDark	   1091.9414	   2136.72	    0.0	    00000000     00000000	   1	[      6]
564   	0     	     10	 NeutLargeBright	   1094.0742	   2132.81	    0.0	    00000000     00000000	   1	[      7]
565   	0     	     11	 NeutSmallBright	   1096.3984	   2324.22	    0.0	    00000000     00000000	   1	[      8]
566   	0     	      4	    NegLargeDark	   1098.9141	   2515.62	    0.0	    00000000     00000000	   1	[      1]
567   	0     	      7	  NegSmallBright	   1101.0547	   2140.62	    0.0	    00000000     00000000	   1	[      4]
568   	0     	     13	     condition13	   1103.3984	   2343.75	    0.0	    00000000     00000000	   1	[       ]
569   	0     	      2	      condition2	   1103.9102	    511.72	    0.0	    00000000     00000000	   1	[       ]
570   	0     	      6	  NegLargeBright	   1105.8047	   1894.53	    0.0	    00000000     00000000	   1	[      3]
571   	0     	      4	    NegLargeDark	   1108.2070	   2402.34	    0.0	    00000000     00000000	   1	[      1]
572   	0     	      7	  NegSmallBright	   1110.6211	   2414.06	    0.0	    00000000     00000000	   1	[      4]
573   	0     	      9	   NeutSmallDark	   1112.9258	   2304.69	    0.0	    00000000     00000000	   1	[      6]
574   	0     	      9	   NeutSmallDark	   1115.3633	   2437.50	    0.0	    00000000     00000000	   1	[      6]
575   	0     	      8	   NeutLargeDark	   1117.8672	   2503.91	    0.0	    00000000     00000000	   1	[      5]
576   	0     	      4	    NegLargeDark	   1120.2617	   2394.53	    0.0	    00000000     00000000	   1	[      1]
577   	0     	    253	              ""	   1122.1719	   1910.16	    0.0	    00000000     00000000	   1	[       ]
578   	0     	     15	     condition15	   1123.1758	   1003.91	    0.0	    00000000     00000000	   1	[       ]
579   	0     	      2	      condition2	   1123.7617	    585.94	    0.0	    00000000     00000000	   1	[       ]
580   	0     	     11	 NeutSmallBright	   1125.3281	   1566.41	    0.0	    00000000     00000000	   1	[      8]
581   	0     	      4	    NegLargeDark	   1127.4531	   2125.00	    0.0	    00000000     00000000	   1	[      1]
582   	0     	      2	      condition2	   1128.8867	   1433.59	    0.0	    00000000     00000000	   1	[       ]
583   	0     	     13	     condition13	   1129.5352	    648.44	    0.0	    00000000     00000000	   1	[       ]
584   	0     	      2	      condition2	   1130.0469	    511.72	    0.0	    00000000     00000000	   1	[       ]
585   	0     	     11	 NeutSmallBright	   1132.0078	   1960.94	    0.0	    00000000     00000000	   1	[      8]
586   	0     	      6	  NegLargeBright	   1134.3945	   2386.72	    0.0	    00000000     00000000	   1	[      3]
587   	0     	     10	 NeutLargeBright	   1136.6562	   2261.72	    0.0	    00000000     00000000	   1	[      7]
588   	0     	      8	   NeutLargeDark	   1139.1914	   2535.16	    0.0	    00000000     00000000	   1	[      5]
589   	0     	      6	  NegLargeBright	   1141.6367	   2445.31	    0.0	    00000000     00000000	   1	[      3]
590   	0     	      4	    NegLargeDark	   1144.1602	   2523.44	    0.0	    00000000     00000000	   1	[      1]
591   	0     	      6	  NegLargeBright	   1146.3750	   2214.84	    0.0	    00000000     00000000	   1	[      3]
592   	0     	      8	   NeutLargeDark	   1148.8789	   2503.91	    0.0	    00000000     00000000	   1	[      5]
593   	0     	     14	     condition14	   1151.0039	   2125.00	    0.0	    00000000     00000000	   1	[       ]
594   	0     	      2	      condition2	   1151.7461	    742.19	    0.0	    00000000     00000000	   1	[       ]
595   	0     	     10	 NeutLargeBright	   1153.4062	   1660.16	    0.0	    00000000     00000000	   1	[      7]
596   	0     	      2	      condition2	   1153.5938	    187.50	    0.0	    00000000     00000000	   1	[       ]
597   	0     	      8	   NeutLargeDark	   1155.7812	   2187.50	    0.0	    00000000     00000000	   1	[      5]
598   	0     	     10	 NeutLargeBright	   1157.8164	   2035.16	    0.0	    00000000     00000000	   1	[      7]
599   	0     	     11	 NeutSmallBright	   1160.3008	   2484.38	    0.0	    00000000     00000000	   1	[      8]
600   	0     	      4	    NegLargeDark	   1162.4648	   2164.06	    0.0	    00000000     00000000	   1	[      1]
601   	0     	     15	     condition15	   1164.5977	   2132.81	    0.0	    00000000     00000000	   1	[       ]
602   	0     	      2	      condition2	   1165.5625	    964.84	    0.0	    00000000     00000000	   1	[       ]
603   	0     	      5	    NegSmallDark	   1166.7500	   1187.50	    0.0	    00000000     00000000	   1	[      2]
604   	0     	      7	  NegSmallBright	   1169.0938	   2343.75	    0.0	    00000000     00000000	   1	[      4]
605   	0     	      5	    NegSmallDark	   1171.5586	   2464.84	    0.0	    00000000     00000000	   1	[      2]
606   	0     	      4	    NegLargeDark	   1173.8633	   2304.69	    0.0	    00000000     00000000	   1	[      1]
607   	0     	     14	     condition14	   1176.3477	   2484.38	    0.0	    00000000     00000000	   1	[       ]
608   	0     	      2	      condition2	   1176.9336	    585.94	    0.0	    00000000     00000000	   1	[       ]
609   	0     	     14	     condition14	   1178.7930	   1859.38	    0.0	    00000000     00000000	   1	[       ]
610   	0     	      2	      condition2	   1179.2539	    460.94	    0.0	    00000000     00000000	   1	[       ]
611   	0     	     14	     condition14	   1181.2969	   2042.97	    0.0	    00000000     00000000	   1	[       ]
612   	0     	      2	      condition2	   1181.6797	    382.81	    0.0	    00000000     00000000	   1	[       ]
613   	0     	      2	      condition2	   1182.1094	    429.69	    0.0	    00000000     00000000	   1	[       ]
614   	0     	      7	  NegSmallBright	   1183.6289	   1519.53	    0.0	    00000000     00000000	   1	[      4]
615   	0     	     11	 NeutSmallBright	   1186.0859	   2457.03	    0.0	    00000000     00000000	   1	[      8]
616   	0     	     10	 NeutLargeBright	   1188.4883	   2402.34	    0.0	    00000000     00000000	   1	[      7]
617   	0     	      5	    NegSmallDark	   1190.7031	   2214.84	    0.0	    00000000     00000000	   1	[      2]
618   	0     	     10	 NeutLargeBright	   1193.1562	   2453.12	    0.0	    00000000     00000000	   1	[      7]
619   	0     	      5	    NegSmallDark	   1195.4219	   2265.62	    0.0	    00000000     00000000	   1	[      2]
620   	0     	      8	   NeutLargeDark	   1197.7148	   2292.97	    0.0	    00000000     00000000	   1	[      5]
621   	0     	      2	      condition2	   1199.3867	   1671.88	    0.0	    00000000     00000000	   1	[       ]
622   	0     	     13	     condition13	   1199.7383	    351.56	    0.0	    00000000     00000000	   1	[       ]
623   	0     	      2	      condition2	   1200.2930	    554.69	    0.0	    00000000     00000000	   1	[       ]
624   	0     	      8	   NeutLargeDark	   1202.0625	   1769.53	    0.0	    00000000     00000000	   1	[      5]
625   	0     	     10	 NeutLargeBright	   1204.3359	   2273.44	    0.0	    00000000     00000000	   1	[      7]
626   	0     	      9	   NeutSmallDark	   1206.4219	   2085.94	    0.0	    00000000     00000000	   1	[      6]
627   	0     	      4	    NegLargeDark	   1208.8828	   2460.94	    0.0	    00000000     00000000	   1	[      1]
628   	0     	      5	    NegSmallDark	   1211.0000	   2117.19	    0.0	    00000000     00000000	   1	[      2]
629   	0     	      6	  NegLargeBright	   1213.2617	   2261.72	    0.0	    00000000     00000000	   1	[      3]
630   	0     	      6	  NegLargeBright	   1215.3555	   2093.75	    0.0	    00000000     00000000	   1	[      3]
631   	0     	      6	  NegLargeBright	   1217.5195	   2164.06	    0.0	    00000000     00000000	   1	[      3]
632   	0     	      8	   NeutLargeDark	   1219.7852	   2265.62	    0.0	    00000000     00000000	   1	[      5]
633   	0     	      7	  NegSmallBright	   1222.0273	   2242.19	    0.0	    00000000     00000000	   1	[      4]
634   	0     	     10	 NeutLargeBright	   1224.5625	   2535.16	    0.0	    00000000     00000000	   1	[      7]
635   	0     	      9	   NeutSmallDark	   1227.0156	   2453.12	    0.0	    00000000     00000000	   1	[      6]
636   	0     	      4	    NegLargeDark	   1229.1484	   2132.81	    0.0	    00000000     00000000	   1	[      1]
637   	0     	     12	     condition12	   1231.5625	   2414.06	    0.0	    00000000     00000000	   1	[       ]
638   	0     	      2	      condition2	   1232.1484	    585.94	    0.0	    00000000     00000000	   1	[       ]
639   	0     	      6	  NegLargeBright	   1233.7500	   1601.56	    0.0	    00000000     00000000	   1	[      3]
640   	0     	      9	   NeutSmallDark	   1236.2344	   2484.38	    0.0	    00000000     00000000	   1	[      6]
641   	0     	      8	   NeutLargeDark	   1238.3281	   2093.75	    0.0	    00000000     00000000	   1	[      5]
642   	0     	      7	  NegSmallBright	   1240.6211	   2292.97	    0.0	    00000000     00000000	   1	[      4]
643   	0     	      9	   NeutSmallDark	   1242.8125	   2191.41	    0.0	    00000000     00000000	   1	[      6]
644   	0     	     11	 NeutSmallBright	   1245.1992	   2386.72	    0.0	    00000000     00000000	   1	[      8]
645   	0     	      4	    NegLargeDark	   1247.6016	   2402.34	    0.0	    00000000     00000000	   1	[      1]
646   	0     	     10	 NeutLargeBright	   1249.6562	   2054.69	    0.0	    00000000     00000000	   1	[      7]
647   	0     	      6	  NegLargeBright	   1252.0000	   2343.75	    0.0	    00000000     00000000	   1	[      3]
648   	0     	     10	 NeutLargeBright	   1254.2344	   2234.38	    0.0	    00000000     00000000	   1	[      7]
649   	0     	      4	    NegLargeDark	   1256.6875	   2453.12	    0.0	    00000000     00000000	   1	[      1]
650   	0     	     10	 NeutLargeBright	   1258.8203	   2132.81	    0.0	    00000000     00000000	   1	[      7]
651   	0     	     12	     condition12	   1261.1250	   2304.69	    0.0	    00000000     00000000	   1	[       ]
652   	0     	      2	      condition2	   1262.1289	   1003.91	    0.0	    00000000     00000000	   1	[       ]
653   	0     	      8	   NeutLargeDark	   1263.3594	   1230.47	    0.0	    00000000     00000000	   1	[      5]
654   	0     	      5	    NegSmallDark	   1265.8555	   2496.09	    0.0	    00000000     00000000	   1	[      2]
655   	0     	      7	  NegSmallBright	   1268.1367	   2281.25	    0.0	    00000000     00000000	   1	[      4]
656   	0     	      9	   NeutSmallDark	   1270.1641	   2027.34	    0.0	    00000000     00000000	   1	[      6]
657   	0     	      7	  NegSmallBright	   1272.3945	   2230.47	    0.0	    00000000     00000000	   1	[      4]
658   	0     	      5	    NegSmallDark	   1274.6484	   2253.91	    0.0	    00000000     00000000	   1	[      2]
659   	0     	      6	  NegLargeBright	   1277.0859	   2437.50	    0.0	    00000000     00000000	   1	[      3]
660   	0     	     13	     condition13	   1279.4688	   2382.81	    0.0	    00000000     00000000	   1	[       ]
661   	0     	      2	      condition2	   1280.0312	    562.50	    0.0	    00000000     00000000	   1	[       ]
662   	0     	     11	 NeutSmallBright	   1281.9219	   1890.62	    0.0	    00000000     00000000	   1	[      8]
