#  Non-editable header begin --------------------------------------------------------------------------------
# 
#  data format...............: continuous
#  setname...................: BDF file
#  filename..................: none_specified
#  filepath..................: none_specified
#  nchan.....................: 64
#  pnts......................: 327936
#  srate.....................: 256
#  nevents...................: 643
#  generated by (bdf)........: 
#  generated by (set)........: BDF file
#  reported in ..............: 
#  prog Version..............: 8.02
#  creation date.............: 18-Nov-2020 17:24:39
#  user Account..............: 
# 
#  Non-editable header end --------------------------------------------------------------------------------

	bin 1,	# 60,	NegLargeDark
	bin 2,	# 60,	NegSmallDark
	bin 3,	# 60,	NegLargeBright
	bin 4,	# 60,	NegSmallBright
	bin 5,	# 60,	NeutLargeDark
	bin 6,	# 60,	NeutSmallDark
	bin 7,	# 60,	NeutLargeBright
	bin 8,	# 60,	NeutSmallBright



# item	 bepoch	  ecode	            label	      onset	          diff	     dura	b_flags	   a_flags	  enable	    bin
#                                                 (sec)           (msec)     (msec)    (binary)   (binary)


1     	0     	    253	              ""	      0.5000	      0.00	    0.0	    00000000     00000000	   1	[       ]
2     	0     	     10	 NeutLargeBright	      1.5391	   1039.06	    0.0	    00000000     00000000	   1	[      7]
3     	0     	     11	 NeutSmallBright	      3.7539	   2214.84	    0.0	    00000000     00000000	   1	[      8]
4     	0     	      4	    NegLargeDark	      6.0586	   2304.69	    0.0	    00000000     00000000	   1	[      1]
5     	0     	      9	   NeutSmallDark	      8.2031	   2144.53	    0.0	    00000000     00000000	   1	[      6]
6     	0     	      9	   NeutSmallDark	     10.3242	   2121.09	    0.0	    00000000     00000000	   1	[      6]
7     	0     	      7	  NegSmallBright	     12.3594	   2035.16	    0.0	    00000000     00000000	   1	[      4]
8     	0     	      9	   NeutSmallDark	     14.8711	   2511.72	    0.0	    00000000     00000000	   1	[      6]
9     	0     	      5	    NegSmallDark	     17.3555	   2484.38	    0.0	    00000000     00000000	   1	[      2]
10    	0     	     14	     condition14	     19.8516	   2496.09	    0.0	    00000000     00000000	   1	[       ]
11    	0     	     13	     condition13	     22.2148	   2363.28	    0.0	    00000000     00000000	   1	[       ]
12    	0     	      2	      condition2	     22.9219	    707.03	    0.0	    00000000     00000000	   1	[       ]
13    	0     	      7	  NegSmallBright	     24.2812	   1359.38	    0.0	    00000000     00000000	   1	[      4]
14    	0     	      5	    NegSmallDark	     26.4727	   2191.41	    0.0	    00000000     00000000	   1	[      2]
15    	0     	      8	   NeutLargeDark	     28.8789	   2406.25	    0.0	    00000000     00000000	   1	[      5]
16    	0     	      4	    NegLargeDark	     30.9297	   2050.78	    0.0	    00000000     00000000	   1	[      1]
17    	0     	     10	 NeutLargeBright	     33.0938	   2164.06	    0.0	    00000000     00000000	   1	[      7]
18    	0     	     13	     condition13	     35.5898	   2496.09	    0.0	    00000000     00000000	   1	[       ]
19    	0     	      2	      condition2	     36.3086	    718.75	    0.0	    00000000     00000000	   1	[       ]
20    	0     	     10	 NeutLargeBright	     37.8633	   1554.69	    0.0	    00000000     00000000	   1	[      7]
21    	0     	     15	     condition15	     40.0781	   2214.84	    0.0	    00000000     00000000	   1	[       ]
22    	0     	      2	      condition2	     40.8945	    816.41	    0.0	    00000000     00000000	   1	[       ]
23    	0     	      8	   NeutLargeDark	     42.4023	   1507.81	    0.0	    00000000     00000000	   1	[      5]
24    	0     	     12	     condition12	     44.6758	   2273.44	    0.0	    00000000     00000000	   1	[       ]
25    	0     	      2	      condition2	     45.4062	    730.47	    0.0	    00000000     00000000	   1	[       ]
26    	0     	     10	 NeutLargeBright	     47.0586	   1652.34	    0.0	    00000000     00000000	   1	[      7]
27    	0     	     11	 NeutSmallBright	     49.4922	   2433.59	    0.0	    00000000     00000000	   1	[      8]
28    	0     	     15	     condition15	     51.6172	   2125.00	    0.0	    00000000     00000000	   1	[       ]
29    	0     	      2	      condition2	     52.2578	    640.62	    0.0	    00000000     00000000	   1	[       ]
30    	0     	      4	    NegLargeDark	     53.7500	   1492.19	    0.0	    00000000     00000000	   1	[      1]
31    	0     	     11	 NeutSmallBright	     56.1758	   2425.78	    0.0	    00000000     00000000	   1	[      8]
32    	0     	     10	 NeutLargeBright	     58.3789	   2203.12	    0.0	    00000000     00000000	   1	[      7]
33    	0     	      5	    NegSmallDark	     60.8125	   2433.59	    0.0	    00000000     00000000	   1	[      2]
34    	0     	      4	    NegLargeDark	     63.1094	   2296.88	    0.0	    00000000     00000000	   1	[      1]
35    	0     	      6	  NegLargeBright	     65.5703	   2460.94	    0.0	    00000000     00000000	   1	[      3]
36    	0     	      9	   NeutSmallDark	     67.9180	   2347.66	    0.0	    00000000     00000000	   1	[      6]
37    	0     	     15	     condition15	     70.1992	   2281.25	    0.0	    00000000     00000000	   1	[       ]
38    	0     	      2	      condition2	     70.8711	    671.88	    0.0	    00000000     00000000	   1	[       ]
39    	0     	     11	 NeutSmallBright	     72.6953	   1824.22	    0.0	    00000000     00000000	   1	[      8]
40    	0     	     13	     condition13	     74.8203	   2125.00	    0.0	    00000000     00000000	   1	[       ]
41    	0     	      2	      condition2	     75.4570	    636.72	    0.0	    00000000     00000000	   1	[       ]
42    	0     	      6	  NegLargeBright	     77.0820	   1625.00	    0.0	    00000000     00000000	   1	[      3]
43    	0     	      8	   NeutLargeDark	     79.1953	   2113.28	    0.0	    00000000     00000000	   1	[      5]
44    	0     	      6	  NegLargeBright	     81.5898	   2394.53	    0.0	    00000000     00000000	   1	[      3]
45    	0     	      4	    NegLargeDark	     84.1250	   2535.16	    0.0	    00000000     00000000	   1	[      1]
46    	0     	      8	   NeutLargeDark	     86.1875	   2062.50	    0.0	    00000000     00000000	   1	[      5]
47    	0     	     12	     condition12	     88.5039	   2316.41	    0.0	    00000000     00000000	   1	[       ]
48    	0     	      2	      condition2	     89.1953	    691.41	    0.0	    00000000     00000000	   1	[       ]
49    	0     	      5	    NegSmallDark	     91.0078	   1812.50	    0.0	    00000000     00000000	   1	[      2]
50    	0     	      6	  NegLargeBright	     93.1914	   2183.59	    0.0	    00000000     00000000	   1	[      3]
51    	0     	     15	     condition15	     95.2656	   2074.22	    0.0	    00000000     00000000	   1	[       ]
52    	0     	      2	      condition2	     95.8906	    625.00	    0.0	    00000000     00000000	   1	[       ]
53    	0     	      6	  NegLargeBright	     97.3477	   1457.03	    0.0	    00000000     00000000	   1	[      3]
54    	0     	      7	  NegSmallBright	     99.5820	   2234.38	    0.0	    00000000     00000000	   1	[      4]
55    	0     	      8	   NeutLargeDark	    101.7461	   2164.06	    0.0	    00000000     00000000	   1	[      5]
56    	0     	      4	    NegLargeDark	    104.1914	   2445.31	    0.0	    00000000     00000000	   1	[      1]
57    	0     	      4	    NegLargeDark	    106.3320	   2140.62	    0.0	    00000000     00000000	   1	[      1]
58    	0     	      8	   NeutLargeDark	    108.7188	   2386.72	    0.0	    00000000     00000000	   1	[      5]
59    	0     	     11	 NeutSmallBright	    110.9219	   2203.12	    0.0	    00000000     00000000	   1	[      8]
60    	0     	      9	   NeutSmallDark	    113.3477	   2425.78	    0.0	    00000000     00000000	   1	[      6]
61    	0     	      5	    NegSmallDark	    115.4102	   2062.50	    0.0	    00000000     00000000	   1	[      2]
62    	0     	      6	  NegLargeBright	    117.5039	   2093.75	    0.0	    00000000     00000000	   1	[      3]
63    	0     	      9	   NeutSmallDark	    119.5781	   2074.22	    0.0	    00000000     00000000	   1	[      6]
64    	0     	      7	  NegSmallBright	    122.0508	   2472.66	    0.0	    00000000     00000000	   1	[      4]
65    	0     	      4	    NegLargeDark	    124.2656	   2214.84	    0.0	    00000000     00000000	   1	[      1]
66    	0     	      5	    NegSmallDark	    126.5000	   2234.38	    0.0	    00000000     00000000	   1	[      2]
67    	0     	      6	  NegLargeBright	    128.8320	   2332.03	    0.0	    00000000     00000000	   1	[      3]
68    	0     	      7	  NegSmallBright	    131.2461	   2414.06	    0.0	    00000000     00000000	   1	[      4]
69    	0     	     13	     condition13	    133.6016	   2355.47	    0.0	    00000000     00000000	   1	[       ]
70    	0     	      2	      condition2	    134.3984	    796.88	    0.0	    00000000     00000000	   1	[       ]
71    	0     	      8	   NeutLargeDark	    135.8164	   1417.97	    0.0	    00000000     00000000	   1	[      5]
72    	0     	     10	 NeutLargeBright	    137.9414	   2125.00	    0.0	    00000000     00000000	   1	[      7]
73    	0     	      7	  NegSmallBright	    140.2930	   2351.56	    0.0	    00000000     00000000	   1	[      4]
74    	0     	      8	   NeutLargeDark	    142.6484	   2355.47	    0.0	    00000000     00000000	   1	[      5]
75    	0     	     11	 NeutSmallBright	    144.6719	   2023.44	    0.0	    00000000     00000000	   1	[      8]
76    	0     	      7	  NegSmallBright	    146.7852	   2113.28	    0.0	    00000000     00000000	   1	[      4]
77    	0     	      5	    NegSmallDark	    148.9297	   2144.53	    0.0	    00000000     00000000	   1	[      2]
78    	0     	     11	 NeutSmallBright	    151.3438	   2414.06	    0.0	    00000000     00000000	   1	[      8]
79    	0     	      6	  NegLargeBright	    153.3867	   2042.97	    0.0	    00000000     00000000	   1	[      3]
80    	0     	     11	 NeutSmallBright	    155.4102	   2023.44	    0.0	    00000000     00000000	   1	[      8]
81    	0     	     10	 NeutLargeBright	    157.7852	   2375.00	    0.0	    00000000     00000000	   1	[      7]
82    	0     	    253	              ""	    160.7500	   2964.84	    0.0	    00000000     00000000	   1	[       ]
83    	0     	      9	   NeutSmallDark	    161.7422	    992.19	    0.0	    00000000     00000000	   1	[      6]
84    	0     	     11	 NeutSmallBright	    164.0078	   2265.62	    0.0	    00000000     00000000	   1	[      8]
85    	0     	     12	     condition12	    166.0586	   2050.78	    0.0	    00000000     00000000	   1	[       ]
86    	0     	      2	      condition2	    166.6719	    613.28	    0.0	    00000000     00000000	   1	[       ]
87    	0     	     10	 NeutLargeBright	    168.5742	   1902.34	    0.0	    00000000     00000000	   1	[      7]
88    	0     	      9	   NeutSmallDark	    171.0781	   2503.91	    0.0	    00000000     00000000	   1	[      6]
89    	0     	      8	   NeutLargeDark	    173.2812	   2203.12	    0.0	    00000000     00000000	   1	[      5]
90    	0     	      4	    NegLargeDark	    175.3164	   2035.16	    0.0	    00000000     00000000	   1	[      1]
91    	0     	     11	 NeutSmallBright	    177.6523	   2335.94	    0.0	    00000000     00000000	   1	[      8]
92    	0     	      5	    NegSmallDark	    179.9727	   2320.31	    0.0	    00000000     00000000	   1	[      2]
93    	0     	      6	  NegLargeBright	    182.0977	   2125.00	    0.0	    00000000     00000000	   1	[      3]
94    	0     	      8	   NeutLargeDark	    184.4844	   2386.72	    0.0	    00000000     00000000	   1	[      5]
95    	0     	      7	  NegSmallBright	    186.8281	   2343.75	    0.0	    00000000     00000000	   1	[      4]
96    	0     	      7	  NegSmallBright	    188.9219	   2093.75	    0.0	    00000000     00000000	   1	[      4]
97    	0     	      7	  NegSmallBright	    190.9844	   2062.50	    0.0	    00000000     00000000	   1	[      4]
98    	0     	      4	    NegLargeDark	    193.0859	   2101.56	    0.0	    00000000     00000000	   1	[      1]
99    	0     	      6	  NegLargeBright	    195.2695	   2183.59	    0.0	    00000000     00000000	   1	[      3]
100   	0     	     10	 NeutLargeBright	    197.6172	   2347.66	    0.0	    00000000     00000000	   1	[      7]
101   	0     	      9	   NeutSmallDark	    199.6484	   2031.25	    0.0	    00000000     00000000	   1	[      6]
102   	0     	      8	   NeutLargeDark	    201.7109	   2062.50	    0.0	    00000000     00000000	   1	[      5]
103   	0     	      9	   NeutSmallDark	    204.1953	   2484.38	    0.0	    00000000     00000000	   1	[      6]
104   	0     	     11	 NeutSmallBright	    206.4297	   2234.38	    0.0	    00000000     00000000	   1	[      8]
105   	0     	      7	  NegSmallBright	    208.7148	   2285.16	    0.0	    00000000     00000000	   1	[      4]
106   	0     	      9	   NeutSmallDark	    211.0078	   2292.97	    0.0	    00000000     00000000	   1	[      6]
107   	0     	      7	  NegSmallBright	    213.4023	   2394.53	    0.0	    00000000     00000000	   1	[      4]
108   	0     	      6	  NegLargeBright	    215.8086	   2406.25	    0.0	    00000000     00000000	   1	[      3]
109   	0     	      8	   NeutLargeDark	    217.8906	   2082.03	    0.0	    00000000     00000000	   1	[      5]
110   	0     	      7	  NegSmallBright	    220.3867	   2496.09	    0.0	    00000000     00000000	   1	[      4]
111   	0     	      9	   NeutSmallDark	    222.8203	   2433.59	    0.0	    00000000     00000000	   1	[      6]
112   	0     	     11	 NeutSmallBright	    225.1836	   2363.28	    0.0	    00000000     00000000	   1	[      8]
113   	0     	     10	 NeutLargeBright	    227.6797	   2496.09	    0.0	    00000000     00000000	   1	[      7]
114   	0     	      9	   NeutSmallDark	    230.0234	   2343.75	    0.0	    00000000     00000000	   1	[      6]
115   	0     	      8	   NeutLargeDark	    232.2852	   2261.72	    0.0	    00000000     00000000	   1	[      5]
116   	0     	      7	  NegSmallBright	    234.3203	   2035.16	    0.0	    00000000     00000000	   1	[      4]
117   	0     	      4	    NegLargeDark	    236.3945	   2074.22	    0.0	    00000000     00000000	   1	[      1]
118   	0     	     11	 NeutSmallBright	    238.4492	   2054.69	    0.0	    00000000     00000000	   1	[      8]
119   	0     	      9	   NeutSmallDark	    240.7617	   2312.50	    0.0	    00000000     00000000	   1	[      6]
120   	0     	     10	 NeutLargeBright	    243.2148	   2453.12	    0.0	    00000000     00000000	   1	[      7]
121   	0     	      8	   NeutLargeDark	    245.5195	   2304.69	    0.0	    00000000     00000000	   1	[      5]
122   	0     	     13	     condition13	    247.7031	   2183.59	    0.0	    00000000     00000000	   1	[       ]
123   	0     	      2	      condition2	    248.6250	    921.88	    0.0	    00000000     00000000	   1	[       ]
124   	0     	      6	  NegLargeBright	    250.1680	   1542.97	    0.0	    00000000     00000000	   1	[      3]
125   	0     	     10	 NeutLargeBright	    252.2109	   2042.97	    0.0	    00000000     00000000	   1	[      7]
126   	0     	      4	    NegLargeDark	    254.4258	   2214.84	    0.0	    00000000     00000000	   1	[      1]
127   	0     	      7	  NegSmallBright	    256.6289	   2203.12	    0.0	    00000000     00000000	   1	[      4]
128   	0     	     11	 NeutSmallBright	    258.8750	   2246.09	    0.0	    00000000     00000000	   1	[      8]
129   	0     	      5	    NegSmallDark	    260.9258	   2050.78	    0.0	    00000000     00000000	   1	[      2]
130   	0     	      5	    NegSmallDark	    263.2695	   2343.75	    0.0	    00000000     00000000	   1	[      2]
131   	0     	      5	    NegSmallDark	    265.4258	   2156.25	    0.0	    00000000     00000000	   1	[      2]
132   	0     	      7	  NegSmallBright	    267.7500	   2324.22	    0.0	    00000000     00000000	   1	[      4]
133   	0     	      4	    NegLargeDark	    269.9414	   2191.41	    0.0	    00000000     00000000	   1	[      1]
134   	0     	     10	 NeutLargeBright	    272.4062	   2464.84	    0.0	    00000000     00000000	   1	[      7]
135   	0     	      4	    NegLargeDark	    274.5312	   2125.00	    0.0	    00000000     00000000	   1	[      1]
136   	0     	      6	  NegLargeBright	    276.8633	   2332.03	    0.0	    00000000     00000000	   1	[      3]
137   	0     	      8	   NeutLargeDark	    278.9297	   2066.41	    0.0	    00000000     00000000	   1	[      5]
138   	0     	      6	  NegLargeBright	    281.1836	   2253.91	    0.0	    00000000     00000000	   1	[      3]
139   	0     	      6	  NegLargeBright	    283.2461	   2062.50	    0.0	    00000000     00000000	   1	[      3]
140   	0     	      9	   NeutSmallDark	    285.6914	   2445.31	    0.0	    00000000     00000000	   1	[      6]
141   	0     	      6	  NegLargeBright	    287.7930	   2101.56	    0.0	    00000000     00000000	   1	[      3]
142   	0     	      5	    NegSmallDark	    289.9688	   2175.78	    0.0	    00000000     00000000	   1	[      2]
143   	0     	      8	   NeutLargeDark	    292.2734	   2304.69	    0.0	    00000000     00000000	   1	[      5]
144   	0     	     13	     condition13	    294.6055	   2332.03	    0.0	    00000000     00000000	   1	[       ]
145   	0     	      2	      condition2	    295.9844	   1378.91	    0.0	    00000000     00000000	   1	[       ]
146   	0     	      7	  NegSmallBright	    296.8203	    835.94	    0.0	    00000000     00000000	   1	[      4]
147   	0     	     10	 NeutLargeBright	    299.0352	   2214.84	    0.0	    00000000     00000000	   1	[      7]
148   	0     	      5	    NegSmallDark	    301.2266	   2191.41	    0.0	    00000000     00000000	   1	[      2]
149   	0     	     15	     condition15	    303.6016	   2375.00	    0.0	    00000000     00000000	   1	[       ]
150   	0     	      2	      condition2	    304.6953	   1093.75	    0.0	    00000000     00000000	   1	[       ]
151   	0     	      5	    NegSmallDark	    305.6758	    980.47	    0.0	    00000000     00000000	   1	[      2]
152   	0     	     11	 NeutSmallBright	    307.7891	   2113.28	    0.0	    00000000     00000000	   1	[      8]
153   	0     	      5	    NegSmallDark	    310.1953	   2406.25	    0.0	    00000000     00000000	   1	[      2]
154   	0     	     11	 NeutSmallBright	    312.6094	   2414.06	    0.0	    00000000     00000000	   1	[      8]
155   	0     	     13	     condition13	    314.9023	   2292.97	    0.0	    00000000     00000000	   1	[       ]
156   	0     	      2	      condition2	    315.4453	    542.97	    0.0	    00000000     00000000	   1	[       ]
157   	0     	      4	    NegLargeDark	    317.1562	   1710.94	    0.0	    00000000     00000000	   1	[      1]
158   	0     	    253	              ""	    319.5781	   2421.88	    0.0	    00000000     00000000	   1	[       ]
159   	0     	      9	   NeutSmallDark	    320.5820	   1003.91	    0.0	    00000000     00000000	   1	[      6]
160   	0     	      9	   NeutSmallDark	    322.7852	   2203.12	    0.0	    00000000     00000000	   1	[      6]
161   	0     	     14	     condition14	    324.8398	   2054.69	    0.0	    00000000     00000000	   1	[       ]
162   	0     	      2	      condition2	    325.6953	    855.47	    0.0	    00000000     00000000	   1	[       ]
163   	0     	      9	   NeutSmallDark	    326.9023	   1207.03	    0.0	    00000000     00000000	   1	[      6]
164   	0     	      4	    NegLargeDark	    329.2656	   2363.28	    0.0	    00000000     00000000	   1	[      1]
165   	0     	      5	    NegSmallDark	    331.3203	   2054.69	    0.0	    00000000     00000000	   1	[      2]
166   	0     	     11	 NeutSmallBright	    333.5664	   2246.09	    0.0	    00000000     00000000	   1	[      8]
167   	0     	      8	   NeutLargeDark	    335.6680	   2101.56	    0.0	    00000000     00000000	   1	[      5]
168   	0     	     11	 NeutSmallBright	    338.1719	   2503.91	    0.0	    00000000     00000000	   1	[      8]
169   	0     	     11	 NeutSmallBright	    340.3867	   2214.84	    0.0	    00000000     00000000	   1	[      8]
170   	0     	      9	   NeutSmallDark	    342.4219	   2035.16	    0.0	    00000000     00000000	   1	[      6]
171   	0     	      6	  NegLargeBright	    344.5156	   2093.75	    0.0	    00000000     00000000	   1	[      3]
172   	0     	     12	     condition12	    346.8594	   2343.75	    0.0	    00000000     00000000	   1	[       ]
173   	0     	      2	      condition2	    347.5664	    707.03	    0.0	    00000000     00000000	   1	[       ]
174   	0     	      7	  NegSmallBright	    349.0000	   1433.59	    0.0	    00000000     00000000	   1	[      4]
175   	0     	     15	     condition15	    351.0352	   2035.16	    0.0	    00000000     00000000	   1	[       ]
176   	0     	      2	      condition2	    351.6680	    632.81	    0.0	    00000000     00000000	   1	[       ]
177   	0     	      6	  NegLargeBright	    353.5508	   1882.81	    0.0	    00000000     00000000	   1	[      3]
178   	0     	      5	    NegSmallDark	    355.6719	   2121.09	    0.0	    00000000     00000000	   1	[      2]
179   	0     	      9	   NeutSmallDark	    357.7969	   2125.00	    0.0	    00000000     00000000	   1	[      6]
180   	0     	      9	   NeutSmallDark	    360.1328	   2335.94	    0.0	    00000000     00000000	   1	[      6]
181   	0     	      7	  NegSmallBright	    362.3047	   2171.88	    0.0	    00000000     00000000	   1	[      4]
182   	0     	      9	   NeutSmallDark	    364.4297	   2125.00	    0.0	    00000000     00000000	   1	[      6]
183   	0     	     12	     condition12	    366.5312	   2101.56	    0.0	    00000000     00000000	   1	[       ]
184   	0     	      2	      condition2	    367.0820	    550.78	    0.0	    00000000     00000000	   1	[       ]
185   	0     	     11	 NeutSmallBright	    368.9180	   1835.94	    0.0	    00000000     00000000	   1	[      8]
186   	0     	      4	    NegLargeDark	    371.2891	   2371.09	    0.0	    00000000     00000000	   1	[      1]
187   	0     	      5	    NegSmallDark	    373.7656	   2476.56	    0.0	    00000000     00000000	   1	[      2]
188   	0     	      5	    NegSmallDark	    376.2812	   2515.62	    0.0	    00000000     00000000	   1	[      2]
189   	0     	      5	    NegSmallDark	    378.7344	   2453.12	    0.0	    00000000     00000000	   1	[      2]
190   	0     	      9	   NeutSmallDark	    380.9492	   2214.84	    0.0	    00000000     00000000	   1	[      6]
191   	0     	     11	 NeutSmallBright	    383.3633	   2414.06	    0.0	    00000000     00000000	   1	[      8]
192   	0     	      6	  NegLargeBright	    385.6875	   2324.22	    0.0	    00000000     00000000	   1	[      3]
193   	0     	      4	    NegLargeDark	    388.1406	   2453.12	    0.0	    00000000     00000000	   1	[      1]
194   	0     	     11	 NeutSmallBright	    390.2656	   2125.00	    0.0	    00000000     00000000	   1	[      8]
195   	0     	      6	  NegLargeBright	    392.3398	   2074.22	    0.0	    00000000     00000000	   1	[      3]
196   	0     	     10	 NeutLargeBright	    394.6914	   2351.56	    0.0	    00000000     00000000	   1	[      7]
197   	0     	      4	    NegLargeDark	    396.9180	   2226.56	    0.0	    00000000     00000000	   1	[      1]
198   	0     	      6	  NegLargeBright	    399.2188	   2300.78	    0.0	    00000000     00000000	   1	[      3]
199   	0     	     10	 NeutLargeBright	    401.6953	   2476.56	    0.0	    00000000     00000000	   1	[      7]
200   	0     	      8	   NeutLargeDark	    403.7383	   2042.97	    0.0	    00000000     00000000	   1	[      5]
201   	0     	     11	 NeutSmallBright	    405.9414	   2203.12	    0.0	    00000000     00000000	   1	[      8]
202   	0     	      9	   NeutSmallDark	    408.2773	   2335.94	    0.0	    00000000     00000000	   1	[      6]
203   	0     	     10	 NeutLargeBright	    410.4492	   2171.88	    0.0	    00000000     00000000	   1	[      7]
204   	0     	     11	 NeutSmallBright	    412.9453	   2496.09	    0.0	    00000000     00000000	   1	[      8]
205   	0     	      7	  NegSmallBright	    415.3594	   2414.06	    0.0	    00000000     00000000	   1	[      4]
206   	0     	      9	   NeutSmallDark	    417.6641	   2304.69	    0.0	    00000000     00000000	   1	[      6]
207   	0     	      5	    NegSmallDark	    419.9375	   2273.44	    0.0	    00000000     00000000	   1	[      2]
208   	0     	     10	 NeutLargeBright	    422.3906	   2453.12	    0.0	    00000000     00000000	   1	[      7]
209   	0     	     13	     condition13	    424.8359	   2445.31	    0.0	    00000000     00000000	   1	[       ]
210   	0     	      2	      condition2	    425.4102	    574.22	    0.0	    00000000     00000000	   1	[       ]
211   	0     	      4	    NegLargeDark	    426.9805	   1570.31	    0.0	    00000000     00000000	   1	[      1]
212   	0     	      6	  NegLargeBright	    429.0312	   2050.78	    0.0	    00000000     00000000	   1	[      3]
213   	0     	      9	   NeutSmallDark	    431.2266	   2195.31	    0.0	    00000000     00000000	   1	[      6]
214   	0     	     10	 NeutLargeBright	    433.7227	   2496.09	    0.0	    00000000     00000000	   1	[      7]
215   	0     	     12	     condition12	    435.8555	   2132.81	    0.0	    00000000     00000000	   1	[       ]
216   	0     	      2	      condition2	    437.3008	   1445.31	    0.0	    00000000     00000000	   1	[       ]
217   	0     	      4	    NegLargeDark	    438.0977	    796.88	    0.0	    00000000     00000000	   1	[      1]
218   	0     	     11	 NeutSmallBright	    440.4219	   2324.22	    0.0	    00000000     00000000	   1	[      8]
219   	0     	      8	   NeutLargeDark	    442.6562	   2234.38	    0.0	    00000000     00000000	   1	[      5]
220   	0     	      4	    NegLargeDark	    445.1016	   2445.31	    0.0	    00000000     00000000	   1	[      1]
221   	0     	     15	     condition15	    447.4531	   2351.56	    0.0	    00000000     00000000	   1	[       ]
222   	0     	      2	      condition2	    448.4766	   1023.44	    0.0	    00000000     00000000	   1	[       ]
223   	0     	     13	     condition13	    449.5000	   1023.44	    0.0	    00000000     00000000	   1	[       ]
224   	0     	      2	      condition2	    450.2852	    785.16	    0.0	    00000000     00000000	   1	[       ]
225   	0     	      4	    NegLargeDark	    451.9336	   1648.44	    0.0	    00000000     00000000	   1	[      1]
226   	0     	      5	    NegSmallDark	    454.2852	   2351.56	    0.0	    00000000     00000000	   1	[      2]
227   	0     	     12	     condition12	    456.4492	   2164.06	    0.0	    00000000     00000000	   1	[       ]
228   	0     	      2	      condition2	    457.0273	    578.12	    0.0	    00000000     00000000	   1	[       ]
229   	0     	      9	   NeutSmallDark	    458.8750	   1847.66	    0.0	    00000000     00000000	   1	[      6]
230   	0     	      7	  NegSmallBright	    461.3203	   2445.31	    0.0	    00000000     00000000	   1	[      4]
231   	0     	      7	  NegSmallBright	    463.8320	   2511.72	    0.0	    00000000     00000000	   1	[      4]
232   	0     	      6	  NegLargeBright	    466.3477	   2515.62	    0.0	    00000000     00000000	   1	[      3]
233   	0     	      5	    NegSmallDark	    468.5430	   2195.31	    0.0	    00000000     00000000	   1	[      2]
234   	0     	      5	    NegSmallDark	    471.0547	   2511.72	    0.0	    00000000     00000000	   1	[      2]
235   	0     	      7	  NegSmallBright	    473.1602	   2105.47	    0.0	    00000000     00000000	   1	[      4]
236   	0     	      9	   NeutSmallDark	    475.2344	   2074.22	    0.0	    00000000     00000000	   1	[      6]
237   	0     	      4	    NegLargeDark	    477.3164	   2082.03	    0.0	    00000000     00000000	   1	[      1]
238   	0     	     10	 NeutLargeBright	    480.2852	   2968.75	    0.0	    00000000     00000000	   1	[      7]
239   	0     	     15	     condition15	    482.6484	   2363.28	    0.0	    00000000     00000000	   1	[       ]
240   	0     	      2	      condition2	    483.4375	    789.06	    0.0	    00000000     00000000	   1	[       ]
241   	0     	      6	  NegLargeBright	    484.7031	   1265.62	    0.0	    00000000     00000000	   1	[      3]
242   	0     	      6	  NegLargeBright	    486.7656	   2062.50	    0.0	    00000000     00000000	   1	[      3]
243   	0     	      4	    NegLargeDark	    489.3008	   2535.16	    0.0	    00000000     00000000	   1	[      1]
244   	0     	      6	  NegLargeBright	    491.6172	   2316.41	    0.0	    00000000     00000000	   1	[      3]
245   	0     	      8	   NeutLargeDark	    493.8008	   2183.59	    0.0	    00000000     00000000	   1	[      5]
246   	0     	      5	    NegSmallDark	    496.2344	   2433.59	    0.0	    00000000     00000000	   1	[      2]
247   	0     	     11	 NeutSmallBright	    498.4883	   2253.91	    0.0	    00000000     00000000	   1	[      8]
248   	0     	     12	     condition12	    500.6406	   2152.34	    0.0	    00000000     00000000	   1	[       ]
249   	0     	      2	      condition2	    501.3047	    664.06	    0.0	    00000000     00000000	   1	[       ]
250   	0     	      8	   NeutLargeDark	    503.0156	   1710.94	    0.0	    00000000     00000000	   1	[      5]
251   	0     	     12	     condition12	    505.0898	   2074.22	    0.0	    00000000     00000000	   1	[       ]
252   	0     	      2	      condition2	    505.6562	    566.41	    0.0	    00000000     00000000	   1	[       ]
253   	0     	      7	  NegSmallBright	    507.4727	   1816.41	    0.0	    00000000     00000000	   1	[      4]
254   	0     	     10	 NeutLargeBright	    509.5859	   2113.28	    0.0	    00000000     00000000	   1	[      7]
255   	0     	      4	    NegLargeDark	    512.0703	   2484.38	    0.0	    00000000     00000000	   1	[      1]
256   	0     	      6	  NegLargeBright	    514.1953	   2125.00	    0.0	    00000000     00000000	   1	[      3]
257   	0     	      7	  NegSmallBright	    516.5781	   2382.81	    0.0	    00000000     00000000	   1	[      4]
258   	0     	     10	 NeutLargeBright	    519.0352	   2457.03	    0.0	    00000000     00000000	   1	[      7]
259   	0     	      4	    NegLargeDark	    521.4688	   2433.59	    0.0	    00000000     00000000	   1	[      1]
260   	0     	      6	  NegLargeBright	    523.9023	   2433.59	    0.0	    00000000     00000000	   1	[      3]
261   	0     	     14	     condition14	    526.4180	   2515.62	    0.0	    00000000     00000000	   1	[       ]
262   	0     	      2	      condition2	    527.0469	    628.91	    0.0	    00000000     00000000	   1	[       ]
263   	0     	      8	   NeutLargeDark	    528.5312	   1484.38	    0.0	    00000000     00000000	   1	[      5]
264   	0     	      5	    NegSmallDark	    530.7344	   2203.12	    0.0	    00000000     00000000	   1	[      2]
265   	0     	     15	     condition15	    532.7969	   2062.50	    0.0	    00000000     00000000	   1	[       ]
266   	0     	      2	      condition2	    533.5000	    703.12	    0.0	    00000000     00000000	   1	[       ]
267   	0     	     13	     condition13	    535.1719	   1671.88	    0.0	    00000000     00000000	   1	[       ]
268   	0     	      2	      condition2	    535.9219	    750.00	    0.0	    00000000     00000000	   1	[       ]
269   	0     	      4	    NegLargeDark	    537.6250	   1703.12	    0.0	    00000000     00000000	   1	[      1]
270   	0     	      6	  NegLargeBright	    540.0195	   2394.53	    0.0	    00000000     00000000	   1	[      3]
271   	0     	      9	   NeutSmallDark	    542.1758	   2156.25	    0.0	    00000000     00000000	   1	[      6]
272   	0     	     10	 NeutLargeBright	    544.3164	   2140.62	    0.0	    00000000     00000000	   1	[      7]
273   	0     	     11	 NeutSmallBright	    546.6641	   2347.66	    0.0	    00000000     00000000	   1	[      8]
274   	0     	      4	    NegLargeDark	    548.7344	   2070.31	    0.0	    00000000     00000000	   1	[      1]
275   	0     	      8	   NeutLargeDark	    551.1992	   2464.84	    0.0	    00000000     00000000	   1	[      5]
276   	0     	      6	  NegLargeBright	    553.5625	   2363.28	    0.0	    00000000     00000000	   1	[      3]
277   	0     	      9	   NeutSmallDark	    555.8398	   2277.34	    0.0	    00000000     00000000	   1	[      6]
278   	0     	     13	     condition13	    557.9102	   2070.31	    0.0	    00000000     00000000	   1	[       ]
279   	0     	      2	      condition2	    558.6406	    730.47	    0.0	    00000000     00000000	   1	[       ]
280   	0     	     11	 NeutSmallBright	    560.4375	   1796.88	    0.0	    00000000     00000000	   1	[      8]
281   	0     	     11	 NeutSmallBright	    562.8008	   2363.28	    0.0	    00000000     00000000	   1	[      8]
282   	0     	      8	   NeutLargeDark	    565.0938	   2292.97	    0.0	    00000000     00000000	   1	[      5]
283   	0     	     10	 NeutLargeBright	    567.3477	   2253.91	    0.0	    00000000     00000000	   1	[      7]
284   	0     	     10	 NeutLargeBright	    569.6133	   2265.62	    0.0	    00000000     00000000	   1	[      7]
285   	0     	      5	    NegSmallDark	    571.7578	   2144.53	    0.0	    00000000     00000000	   1	[      2]
286   	0     	     10	 NeutLargeBright	    574.0508	   2292.97	    0.0	    00000000     00000000	   1	[      7]
287   	0     	      8	   NeutLargeDark	    576.3633	   2312.50	    0.0	    00000000     00000000	   1	[      5]
288   	0     	     15	     condition15	    578.8203	   2457.03	    0.0	    00000000     00000000	   1	[       ]
289   	0     	      2	      condition2	    579.8125	    992.19	    0.0	    00000000     00000000	   1	[       ]
290   	0     	      4	    NegLargeDark	    581.2930	   1480.47	    0.0	    00000000     00000000	   1	[      1]
291   	0     	     15	     condition15	    583.4883	   2195.31	    0.0	    00000000     00000000	   1	[       ]
292   	0     	      2	      condition2	    584.4453	    957.03	    0.0	    00000000     00000000	   1	[       ]
293   	0     	      7	  NegSmallBright	    585.6797	   1234.38	    0.0	    00000000     00000000	   1	[      4]
294   	0     	      7	  NegSmallBright	    587.9648	   2285.16	    0.0	    00000000     00000000	   1	[      4]
295   	0     	     11	 NeutSmallBright	    590.0703	   2105.47	    0.0	    00000000     00000000	   1	[      8]
296   	0     	      7	  NegSmallBright	    592.2422	   2171.88	    0.0	    00000000     00000000	   1	[      4]
297   	0     	      8	   NeutLargeDark	    594.3867	   2144.53	    0.0	    00000000     00000000	   1	[      5]
298   	0     	     13	     condition13	    596.4883	   2101.56	    0.0	    00000000     00000000	   1	[       ]
299   	0     	      2	      condition2	    597.1953	    707.03	    0.0	    00000000     00000000	   1	[       ]
300   	0     	      5	    NegSmallDark	    598.7148	   1519.53	    0.0	    00000000     00000000	   1	[      2]
301   	0     	      5	    NegSmallDark	    601.0391	   2324.22	    0.0	    00000000     00000000	   1	[      2]
302   	0     	     10	 NeutLargeBright	    603.4922	   2453.12	    0.0	    00000000     00000000	   1	[      7]
303   	0     	     13	     condition13	    605.6953	   2203.12	    0.0	    00000000     00000000	   1	[       ]
304   	0     	      2	      condition2	    606.2891	    593.75	    0.0	    00000000     00000000	   1	[       ]
305   	0     	      7	  NegSmallBright	    608.0312	   1742.19	    0.0	    00000000     00000000	   1	[      4]
306   	0     	      9	   NeutSmallDark	    610.4844	   2453.12	    0.0	    00000000     00000000	   1	[      6]
307   	0     	      6	  NegLargeBright	    612.9375	   2453.12	    0.0	    00000000     00000000	   1	[      3]
308   	0     	      5	    NegSmallDark	    614.9727	   2035.16	    0.0	    00000000     00000000	   1	[      2]
309   	0     	      6	  NegLargeBright	    617.1172	   2144.53	    0.0	    00000000     00000000	   1	[      3]
310   	0     	      5	    NegSmallDark	    619.2812	   2164.06	    0.0	    00000000     00000000	   1	[      2]
311   	0     	      4	    NegLargeDark	    621.6133	   2332.03	    0.0	    00000000     00000000	   1	[      1]
312   	0     	      9	   NeutSmallDark	    624.0586	   2445.31	    0.0	    00000000     00000000	   1	[      6]
313   	0     	      9	   NeutSmallDark	    626.3008	   2242.19	    0.0	    00000000     00000000	   1	[      6]
314   	0     	      9	   NeutSmallDark	    628.6875	   2386.72	    0.0	    00000000     00000000	   1	[      6]
315   	0     	     10	 NeutLargeBright	    631.0117	   2324.22	    0.0	    00000000     00000000	   1	[      7]
316   	0     	      5	    NegSmallDark	    633.1445	   2132.81	    0.0	    00000000     00000000	   1	[      2]
317   	0     	      5	    NegSmallDark	    635.5000	   2355.47	    0.0	    00000000     00000000	   1	[      2]
318   	0     	      7	  NegSmallBright	    637.8008	   2300.78	    0.0	    00000000     00000000	   1	[      4]
319   	0     	    253	              ""	    640.1094	   2308.59	    0.0	    00000000     00000000	   1	[       ]
320   	0     	      7	  NegSmallBright	    641.1094	   1000.00	    0.0	    00000000     00000000	   1	[      4]
321   	0     	     14	     condition14	    643.2422	   2132.81	    0.0	    00000000     00000000	   1	[       ]
322   	0     	      2	      condition2	    644.0000	    757.81	    0.0	    00000000     00000000	   1	[       ]
323   	0     	      7	  NegSmallBright	    645.3281	   1328.12	    0.0	    00000000     00000000	   1	[      4]
324   	0     	      6	  NegLargeBright	    647.7812	   2453.12	    0.0	    00000000     00000000	   1	[      3]
325   	0     	      6	  NegLargeBright	    650.0664	   2285.16	    0.0	    00000000     00000000	   1	[      3]
326   	0     	     10	 NeutLargeBright	    652.3984	   2332.03	    0.0	    00000000     00000000	   1	[      7]
327   	0     	      4	    NegLargeDark	    654.4531	   2054.69	    0.0	    00000000     00000000	   1	[      1]
328   	0     	      7	  NegSmallBright	    656.7656	   2312.50	    0.0	    00000000     00000000	   1	[      4]
329   	0     	     14	     condition14	    659.2812	   2515.62	    0.0	    00000000     00000000	   1	[       ]
330   	0     	      2	      condition2	    659.9336	    652.34	    0.0	    00000000     00000000	   1	[       ]
331   	0     	     10	 NeutLargeBright	    661.4766	   1542.97	    0.0	    00000000     00000000	   1	[      7]
332   	0     	     10	 NeutLargeBright	    663.5312	   2054.69	    0.0	    00000000     00000000	   1	[      7]
333   	0     	     13	     condition13	    666.0234	   2492.19	    0.0	    00000000     00000000	   1	[       ]
334   	0     	      2	      condition2	    666.6758	    652.34	    0.0	    00000000     00000000	   1	[       ]
335   	0     	      7	  NegSmallBright	    668.3672	   1691.41	    0.0	    00000000     00000000	   1	[      4]
336   	0     	      9	   NeutSmallDark	    670.6016	   2234.38	    0.0	    00000000     00000000	   1	[      6]
337   	0     	      8	   NeutLargeDark	    672.8750	   2273.44	    0.0	    00000000     00000000	   1	[      5]
338   	0     	      8	   NeutLargeDark	    674.9492	   2074.22	    0.0	    00000000     00000000	   1	[      5]
339   	0     	      6	  NegLargeBright	    677.1250	   2175.78	    0.0	    00000000     00000000	   1	[      3]
340   	0     	     11	 NeutSmallBright	    679.4688	   2343.75	    0.0	    00000000     00000000	   1	[      8]
341   	0     	      8	   NeutLargeDark	    681.7812	   2312.50	    0.0	    00000000     00000000	   1	[      5]
342   	0     	      7	  NegSmallBright	    683.8633	   2082.03	    0.0	    00000000     00000000	   1	[      4]
343   	0     	      5	    NegSmallDark	    686.2578	   2394.53	    0.0	    00000000     00000000	   1	[      2]
344   	0     	     10	 NeutLargeBright	    688.3242	   2066.41	    0.0	    00000000     00000000	   1	[      7]
345   	0     	      7	  NegSmallBright	    690.5078	   2183.59	    0.0	    00000000     00000000	   1	[      4]
346   	0     	     10	 NeutLargeBright	    692.9805	   2472.66	    0.0	    00000000     00000000	   1	[      7]
347   	0     	      4	    NegLargeDark	    695.1367	   2156.25	    0.0	    00000000     00000000	   1	[      1]
348   	0     	     12	     condition12	    697.3789	   2242.19	    0.0	    00000000     00000000	   1	[       ]
349   	0     	      2	      condition2	    698.0547	    675.78	    0.0	    00000000     00000000	   1	[       ]
350   	0     	     15	     condition15	    699.6445	   1589.84	    0.0	    00000000     00000000	   1	[       ]
351   	0     	      2	      condition2	    700.5508	    906.25	    0.0	    00000000     00000000	   1	[       ]
352   	0     	     12	     condition12	    701.7656	   1214.84	    0.0	    00000000     00000000	   1	[       ]
353   	0     	      2	      condition2	    702.4688	    703.12	    0.0	    00000000     00000000	   1	[       ]
354   	0     	     14	     condition14	    703.8516	   1382.81	    0.0	    00000000     00000000	   1	[       ]
355   	0     	      2	      condition2	    704.3867	    535.16	    0.0	    00000000     00000000	   1	[       ]
356   	0     	      7	  NegSmallBright	    705.8828	   1496.09	    0.0	    00000000     00000000	   1	[      4]
357   	0     	     11	 NeutSmallBright	    708.3477	   2464.84	    0.0	    00000000     00000000	   1	[      8]
358   	0     	     11	 NeutSmallBright	    710.5938	   2246.09	    0.0	    00000000     00000000	   1	[      8]
359   	0     	     11	 NeutSmallBright	    712.6562	   2062.50	    0.0	    00000000     00000000	   1	[      8]
360   	0     	     14	     condition14	    715.1602	   2503.91	    0.0	    00000000     00000000	   1	[       ]
361   	0     	      2	      condition2	    715.7617	    601.56	    0.0	    00000000     00000000	   1	[       ]
362   	0     	      7	  NegSmallBright	    717.4141	   1652.34	    0.0	    00000000     00000000	   1	[      4]
363   	0     	     12	     condition12	    719.8789	   2464.84	    0.0	    00000000     00000000	   1	[       ]
364   	0     	      2	      condition2	    720.4883	    609.38	    0.0	    00000000     00000000	   1	[       ]
365   	0     	      8	   NeutLargeDark	    722.3125	   1824.22	    0.0	    00000000     00000000	   1	[      5]
366   	0     	      5	    NegSmallDark	    724.5859	   2273.44	    0.0	    00000000     00000000	   1	[      2]
367   	0     	      8	   NeutLargeDark	    727.0820	   2496.09	    0.0	    00000000     00000000	   1	[      5]
368   	0     	     11	 NeutSmallBright	    729.2344	   2152.34	    0.0	    00000000     00000000	   1	[      8]
369   	0     	      8	   NeutLargeDark	    731.6602	   2425.78	    0.0	    00000000     00000000	   1	[      5]
370   	0     	      8	   NeutLargeDark	    733.7031	   2042.97	    0.0	    00000000     00000000	   1	[      5]
371   	0     	      9	   NeutSmallDark	    736.0469	   2343.75	    0.0	    00000000     00000000	   1	[      6]
372   	0     	      5	    NegSmallDark	    738.2305	   2183.59	    0.0	    00000000     00000000	   1	[      2]
373   	0     	     11	 NeutSmallBright	    740.5938	   2363.28	    0.0	    00000000     00000000	   1	[      8]
374   	0     	      5	    NegSmallDark	    742.8789	   2285.16	    0.0	    00000000     00000000	   1	[      2]
375   	0     	     10	 NeutLargeBright	    745.1719	   2292.97	    0.0	    00000000     00000000	   1	[      7]
376   	0     	      8	   NeutLargeDark	    747.3086	   2136.72	    0.0	    00000000     00000000	   1	[      5]
377   	0     	     11	 NeutSmallBright	    749.4023	   2093.75	    0.0	    00000000     00000000	   1	[      8]
378   	0     	     13	     condition13	    751.7656	   2363.28	    0.0	    00000000     00000000	   1	[       ]
379   	0     	      2	      condition2	    752.5312	    765.62	    0.0	    00000000     00000000	   1	[       ]
380   	0     	     11	 NeutSmallBright	    753.8477	   1316.41	    0.0	    00000000     00000000	   1	[      8]
381   	0     	      9	   NeutSmallDark	    756.0703	   2222.66	    0.0	    00000000     00000000	   1	[      6]
382   	0     	     14	     condition14	    758.1758	   2105.47	    0.0	    00000000     00000000	   1	[       ]
383   	0     	      2	      condition2	    758.8516	    675.78	    0.0	    00000000     00000000	   1	[       ]
384   	0     	      6	  NegLargeBright	    760.2891	   1437.50	    0.0	    00000000     00000000	   1	[      3]
385   	0     	      6	  NegLargeBright	    762.7422	   2453.12	    0.0	    00000000     00000000	   1	[      3]
386   	0     	     10	 NeutLargeBright	    765.0078	   2265.62	    0.0	    00000000     00000000	   1	[      7]
387   	0     	     11	 NeutSmallBright	    767.1602	   2152.34	    0.0	    00000000     00000000	   1	[      8]
388   	0     	      7	  NegSmallBright	    769.3555	   2195.31	    0.0	    00000000     00000000	   1	[      4]
389   	0     	      6	  NegLargeBright	    771.8789	   2523.44	    0.0	    00000000     00000000	   1	[      3]
390   	0     	      4	    NegLargeDark	    774.0547	   2175.78	    0.0	    00000000     00000000	   1	[      1]
391   	0     	      8	   NeutLargeDark	    776.4297	   2375.00	    0.0	    00000000     00000000	   1	[      5]
392   	0     	      9	   NeutSmallDark	    778.5625	   2132.81	    0.0	    00000000     00000000	   1	[      6]
393   	0     	      7	  NegSmallBright	    780.6367	   2074.22	    0.0	    00000000     00000000	   1	[      4]
394   	0     	      9	   NeutSmallDark	    782.8008	   2164.06	    0.0	    00000000     00000000	   1	[      6]
395   	0     	     11	 NeutSmallBright	    784.8438	   2042.97	    0.0	    00000000     00000000	   1	[      8]
396   	0     	      7	  NegSmallBright	    787.3359	   2492.19	    0.0	    00000000     00000000	   1	[      4]
397   	0     	     11	 NeutSmallBright	    789.7930	   2457.03	    0.0	    00000000     00000000	   1	[      8]
398   	0     	     11	 NeutSmallBright	    792.1172	   2324.22	    0.0	    00000000     00000000	   1	[      8]
399   	0     	      8	   NeutLargeDark	    794.6094	   2492.19	    0.0	    00000000     00000000	   1	[      5]
400   	0     	      8	   NeutLargeDark	    796.9648	   2355.47	    0.0	    00000000     00000000	   1	[      5]
401   	0     	    253	              ""	    799.2656	   2300.78	    0.0	    00000000     00000000	   1	[       ]
402   	0     	      5	    NegSmallDark	    800.2656	   1000.00	    0.0	    00000000     00000000	   1	[      2]
403   	0     	     11	 NeutSmallBright	    802.7266	   2460.94	    0.0	    00000000     00000000	   1	[      8]
404   	0     	     12	     condition12	    804.8203	   2093.75	    0.0	    00000000     00000000	   1	[       ]
405   	0     	      2	      condition2	    805.4492	    628.91	    0.0	    00000000     00000000	   1	[       ]
406   	0     	      8	   NeutLargeDark	    807.2852	   1835.94	    0.0	    00000000     00000000	   1	[      5]
407   	0     	     10	 NeutLargeBright	    809.7500	   2464.84	    0.0	    00000000     00000000	   1	[      7]
408   	0     	     13	     condition13	    812.0938	   2343.75	    0.0	    00000000     00000000	   1	[       ]
409   	0     	      2	      condition2	    812.7812	    687.50	    0.0	    00000000     00000000	   1	[       ]
410   	0     	      9	   NeutSmallDark	    814.4688	   1687.50	    0.0	    00000000     00000000	   1	[      6]
411   	0     	      6	  NegLargeBright	    816.6719	   2203.12	    0.0	    00000000     00000000	   1	[      3]
412   	0     	      4	    NegLargeDark	    819.1055	   2433.59	    0.0	    00000000     00000000	   1	[      1]
413   	0     	     10	 NeutLargeBright	    821.5000	   2394.53	    0.0	    00000000     00000000	   1	[      7]
414   	0     	      6	  NegLargeBright	    823.6367	   2136.72	    0.0	    00000000     00000000	   1	[      3]
415   	0     	     14	     condition14	    826.1406	   2503.91	    0.0	    00000000     00000000	   1	[       ]
416   	0     	      2	      condition2	    826.8125	    671.88	    0.0	    00000000     00000000	   1	[       ]
417   	0     	      9	   NeutSmallDark	    828.5117	   1699.22	    0.0	    00000000     00000000	   1	[      6]
418   	0     	     10	 NeutLargeBright	    830.8477	   2335.94	    0.0	    00000000     00000000	   1	[      7]
419   	0     	      9	   NeutSmallDark	    833.2031	   2355.47	    0.0	    00000000     00000000	   1	[      6]
420   	0     	     15	     condition15	    835.6055	   2402.34	    0.0	    00000000     00000000	   1	[       ]
421   	0     	      2	      condition2	    836.2344	    628.91	    0.0	    00000000     00000000	   1	[       ]
422   	0     	      4	    NegLargeDark	    837.8086	   1574.22	    0.0	    00000000     00000000	   1	[      1]
423   	0     	      5	    NegSmallDark	    840.2852	   2476.56	    0.0	    00000000     00000000	   1	[      2]
424   	0     	      8	   NeutLargeDark	    842.6680	   2382.81	    0.0	    00000000     00000000	   1	[      5]
425   	0     	     11	 NeutSmallBright	    844.8125	   2144.53	    0.0	    00000000     00000000	   1	[      8]
426   	0     	      9	   NeutSmallDark	    847.0977	   2285.16	    0.0	    00000000     00000000	   1	[      6]
427   	0     	      4	    NegLargeDark	    849.2188	   2121.09	    0.0	    00000000     00000000	   1	[      1]
428   	0     	      4	    NegLargeDark	    851.4844	   2265.62	    0.0	    00000000     00000000	   1	[      1]
429   	0     	     15	     condition15	    853.5586	   2074.22	    0.0	    00000000     00000000	   1	[       ]
430   	0     	      2	      condition2	    854.3281	    769.53	    0.0	    00000000     00000000	   1	[       ]
431   	0     	      7	  NegSmallBright	    855.6602	   1332.03	    0.0	    00000000     00000000	   1	[      4]
432   	0     	      4	    NegLargeDark	    858.0039	   2343.75	    0.0	    00000000     00000000	   1	[      1]
433   	0     	      9	   NeutSmallDark	    860.0273	   2023.44	    0.0	    00000000     00000000	   1	[      6]
434   	0     	     10	 NeutLargeBright	    862.1328	   2105.47	    0.0	    00000000     00000000	   1	[      7]
435   	0     	     11	 NeutSmallBright	    864.1875	   2054.69	    0.0	    00000000     00000000	   1	[      8]
436   	0     	     11	 NeutSmallBright	    866.5508	   2363.28	    0.0	    00000000     00000000	   1	[      8]
437   	0     	      5	    NegSmallDark	    868.6055	   2054.69	    0.0	    00000000     00000000	   1	[      2]
438   	0     	      4	    NegLargeDark	    870.6680	   2062.50	    0.0	    00000000     00000000	   1	[      1]
439   	0     	      4	    NegLargeDark	    873.0312	   2363.28	    0.0	    00000000     00000000	   1	[      1]
440   	0     	     10	 NeutLargeBright	    875.3867	   2355.47	    0.0	    00000000     00000000	   1	[      7]
441   	0     	      4	    NegLargeDark	    877.6719	   2285.16	    0.0	    00000000     00000000	   1	[      1]
442   	0     	     12	     condition12	    880.2031	   2531.25	    0.0	    00000000     00000000	   1	[       ]
443   	0     	      2	      condition2	    880.9141	    710.94	    0.0	    00000000     00000000	   1	[       ]
444   	0     	     14	     condition14	    882.5078	   1593.75	    0.0	    00000000     00000000	   1	[       ]
445   	0     	      2	      condition2	    883.2188	    710.94	    0.0	    00000000     00000000	   1	[       ]
446   	0     	      9	   NeutSmallDark	    884.7227	   1503.91	    0.0	    00000000     00000000	   1	[      6]
447   	0     	      5	    NegSmallDark	    887.1367	   2414.06	    0.0	    00000000     00000000	   1	[      2]
448   	0     	      8	   NeutLargeDark	    889.6523	   2515.62	    0.0	    00000000     00000000	   1	[      5]
449   	0     	      5	    NegSmallDark	    892.1250	   2472.66	    0.0	    00000000     00000000	   1	[      2]
450   	0     	      7	  NegSmallBright	    894.5703	   2445.31	    0.0	    00000000     00000000	   1	[      4]
451   	0     	     10	 NeutLargeBright	    897.0039	   2433.59	    0.0	    00000000     00000000	   1	[      7]
452   	0     	      6	  NegLargeBright	    899.4766	   2472.66	    0.0	    00000000     00000000	   1	[      3]
453   	0     	     10	 NeutLargeBright	    901.6641	   2187.50	    0.0	    00000000     00000000	   1	[      7]
454   	0     	      8	   NeutLargeDark	    903.9844	   2320.31	    0.0	    00000000     00000000	   1	[      5]
455   	0     	      5	    NegSmallDark	    906.3086	   2324.22	    0.0	    00000000     00000000	   1	[      2]
456   	0     	     10	 NeutLargeBright	    908.3750	   2066.41	    0.0	    00000000     00000000	   1	[      7]
457   	0     	     12	     condition12	    910.6289	   2253.91	    0.0	    00000000     00000000	   1	[       ]
458   	0     	      2	      condition2	    911.4219	    792.97	    0.0	    00000000     00000000	   1	[       ]
459   	0     	      6	  NegLargeBright	    913.1406	   1718.75	    0.0	    00000000     00000000	   1	[      3]
460   	0     	      4	    NegLargeDark	    915.6562	   2515.62	    0.0	    00000000     00000000	   1	[      1]
461   	0     	      4	    NegLargeDark	    918.1094	   2453.12	    0.0	    00000000     00000000	   1	[      1]
462   	0     	     11	 NeutSmallBright	    920.4844	   2375.00	    0.0	    00000000     00000000	   1	[      8]
463   	0     	     14	     condition14	    922.9883	   2503.91	    0.0	    00000000     00000000	   1	[       ]
464   	0     	      2	      condition2	    923.6211	    632.81	    0.0	    00000000     00000000	   1	[       ]
465   	0     	      8	   NeutLargeDark	    925.1641	   1542.97	    0.0	    00000000     00000000	   1	[      5]
466   	0     	      6	  NegLargeBright	    927.2383	   2074.22	    0.0	    00000000     00000000	   1	[      3]
467   	0     	      4	    NegLargeDark	    929.2812	   2042.97	    0.0	    00000000     00000000	   1	[      1]
468   	0     	     10	 NeutLargeBright	    931.5352	   2253.91	    0.0	    00000000     00000000	   1	[      7]
469   	0     	      5	    NegSmallDark	    933.7266	   2191.41	    0.0	    00000000     00000000	   1	[      2]
470   	0     	      4	    NegLargeDark	    936.0625	   2335.94	    0.0	    00000000     00000000	   1	[      1]
471   	0     	      9	   NeutSmallDark	    938.4258	   2363.28	    0.0	    00000000     00000000	   1	[      6]
472   	0     	      8	   NeutLargeDark	    940.8125	   2386.72	    0.0	    00000000     00000000	   1	[      5]
473   	0     	      7	  NegSmallBright	    942.8633	   2050.78	    0.0	    00000000     00000000	   1	[      4]
474   	0     	     14	     condition14	    944.8984	   2035.16	    0.0	    00000000     00000000	   1	[       ]
475   	0     	      2	      condition2	    945.5039	    605.47	    0.0	    00000000     00000000	   1	[       ]
476   	0     	     14	     condition14	    947.4219	   1917.97	    0.0	    00000000     00000000	   1	[       ]
477   	0     	      2	      condition2	    948.0000	    578.12	    0.0	    00000000     00000000	   1	[       ]
478   	0     	     11	 NeutSmallBright	    949.6250	   1625.00	    0.0	    00000000     00000000	   1	[      8]
479   	0     	     10	 NeutLargeBright	    952.0820	   2457.03	    0.0	    00000000     00000000	   1	[      7]
480   	0     	      5	    NegSmallDark	    954.4766	   2394.53	    0.0	    00000000     00000000	   1	[      2]
481   	0     	      4	    NegLargeDark	    956.8594	   2382.81	    0.0	    00000000     00000000	   1	[      1]
482   	0     	     13	     condition13	    958.8828	   2023.44	    0.0	    00000000     00000000	   1	[       ]
483   	0     	      2	      condition2	    959.4453	    562.50	    0.0	    00000000     00000000	   1	[       ]
484   	0     	     11	 NeutSmallBright	    961.6719	   2226.56	    0.0	    00000000     00000000	   1	[      8]
485   	0     	      7	  NegSmallBright	    963.7734	   2101.56	    0.0	    00000000     00000000	   1	[      4]
486   	0     	      4	    NegLargeDark	    966.0273	   2253.91	    0.0	    00000000     00000000	   1	[      1]
487   	0     	      9	   NeutSmallDark	    968.1523	   2125.00	    0.0	    00000000     00000000	   1	[      6]
488   	0     	     11	 NeutSmallBright	    970.6367	   2484.38	    0.0	    00000000     00000000	   1	[      8]
489   	0     	     10	 NeutLargeBright	    972.8711	   2234.38	    0.0	    00000000     00000000	   1	[      7]
490   	0     	     11	 NeutSmallBright	    975.1562	   2285.16	    0.0	    00000000     00000000	   1	[      8]
491   	0     	      8	   NeutLargeDark	    977.4883	   2332.03	    0.0	    00000000     00000000	   1	[      5]
492   	0     	      5	    NegSmallDark	    979.6836	   2195.31	    0.0	    00000000     00000000	   1	[      2]
493   	0     	     12	     condition12	    981.9961	   2312.50	    0.0	    00000000     00000000	   1	[       ]
494   	0     	      2	      condition2	    982.6055	    609.38	    0.0	    00000000     00000000	   1	[       ]
495   	0     	      6	  NegLargeBright	    984.1719	   1566.41	    0.0	    00000000     00000000	   1	[      3]
496   	0     	      8	   NeutLargeDark	    986.5039	   2332.03	    0.0	    00000000     00000000	   1	[      5]
497   	0     	      7	  NegSmallBright	    988.8203	   2316.41	    0.0	    00000000     00000000	   1	[      4]
498   	0     	      8	   NeutLargeDark	    991.2148	   2394.53	    0.0	    00000000     00000000	   1	[      5]
499   	0     	      7	  NegSmallBright	    993.6602	   2445.31	    0.0	    00000000     00000000	   1	[      4]
500   	0     	     14	     condition14	    995.9531	   2292.97	    0.0	    00000000     00000000	   1	[       ]
501   	0     	      2	      condition2	    996.5469	    593.75	    0.0	    00000000     00000000	   1	[       ]
502   	0     	      4	    NegLargeDark	    998.3047	   1757.81	    0.0	    00000000     00000000	   1	[      1]
503   	0     	      7	  NegSmallBright	   1000.6719	   2367.19	    0.0	    00000000     00000000	   1	[      4]
504   	0     	      6	  NegLargeBright	   1002.9961	   2324.22	    0.0	    00000000     00000000	   1	[      3]
505   	0     	     11	 NeutSmallBright	   1005.4375	   2441.41	    0.0	    00000000     00000000	   1	[      8]
506   	0     	      8	   NeutLargeDark	   1007.5117	   2074.22	    0.0	    00000000     00000000	   1	[      5]
507   	0     	     12	     condition12	   1009.5742	   2062.50	    0.0	    00000000     00000000	   1	[       ]
508   	0     	      2	      condition2	   1010.4336	    859.38	    0.0	    00000000     00000000	   1	[       ]
509   	0     	      7	  NegSmallBright	   1011.9297	   1496.09	    0.0	    00000000     00000000	   1	[      4]
510   	0     	     15	     condition15	   1014.1445	   2214.84	    0.0	    00000000     00000000	   1	[       ]
511   	0     	      2	      condition2	   1015.1992	   1054.69	    0.0	    00000000     00000000	   1	[       ]
512   	0     	      8	   NeutLargeDark	   1016.3164	   1117.19	    0.0	    00000000     00000000	   1	[      5]
513   	0     	      7	  NegSmallBright	   1018.3516	   2035.16	    0.0	    00000000     00000000	   1	[      4]
514   	0     	      9	   NeutSmallDark	   1020.3945	   2042.97	    0.0	    00000000     00000000	   1	[      6]
515   	0     	     10	 NeutLargeBright	   1022.6602	   2265.62	    0.0	    00000000     00000000	   1	[      7]
516   	0     	      5	    NegSmallDark	   1024.9414	   2281.25	    0.0	    00000000     00000000	   1	[      2]
517   	0     	     10	 NeutLargeBright	   1027.3164	   2375.00	    0.0	    00000000     00000000	   1	[      7]
518   	0     	      6	  NegLargeBright	   1029.7500	   2433.59	    0.0	    00000000     00000000	   1	[      3]
519   	0     	      6	  NegLargeBright	   1032.2539	   2503.91	    0.0	    00000000     00000000	   1	[      3]
520   	0     	      4	    NegLargeDark	   1034.7109	   2457.03	    0.0	    00000000     00000000	   1	[      1]
521   	0     	      7	  NegSmallBright	   1036.8828	   2171.88	    0.0	    00000000     00000000	   1	[      4]
522   	0     	     10	 NeutLargeBright	   1039.1289	   2246.09	    0.0	    00000000     00000000	   1	[      7]
523   	0     	      6	  NegLargeBright	   1041.3320	   2203.12	    0.0	    00000000     00000000	   1	[      3]
524   	0     	      8	   NeutLargeDark	   1043.4844	   2152.34	    0.0	    00000000     00000000	   1	[      5]
525   	0     	      6	  NegLargeBright	   1045.7891	   2304.69	    0.0	    00000000     00000000	   1	[      3]
526   	0     	      9	   NeutSmallDark	   1048.0430	   2253.91	    0.0	    00000000     00000000	   1	[      6]
527   	0     	     14	     condition14	   1050.2383	   2195.31	    0.0	    00000000     00000000	   1	[       ]
528   	0     	      2	      condition2	   1050.9531	    714.84	    0.0	    00000000     00000000	   1	[       ]
529   	0     	      7	  NegSmallBright	   1052.4023	   1449.22	    0.0	    00000000     00000000	   1	[      4]
530   	0     	     10	 NeutLargeBright	   1054.6953	   2292.97	    0.0	    00000000     00000000	   1	[      7]
531   	0     	     14	     condition14	   1056.7383	   2042.97	    0.0	    00000000     00000000	   1	[       ]
532   	0     	      2	      condition2	   1057.4102	    671.88	    0.0	    00000000     00000000	   1	[       ]
533   	0     	     10	 NeutLargeBright	   1059.2227	   1812.50	    0.0	    00000000     00000000	   1	[      7]
534   	0     	     12	     condition12	   1061.7383	   2515.62	    0.0	    00000000     00000000	   1	[       ]
535   	0     	      2	      condition2	   1062.2578	    519.53	    0.0	    00000000     00000000	   1	[       ]
536   	0     	      4	    NegLargeDark	   1064.0898	   1832.03	    0.0	    00000000     00000000	   1	[      1]
537   	0     	     12	     condition12	   1066.3438	   2253.91	    0.0	    00000000     00000000	   1	[       ]
538   	0     	      2	      condition2	   1066.8789	    535.16	    0.0	    00000000     00000000	   1	[       ]
539   	0     	      6	  NegLargeBright	   1068.6016	   1722.66	    0.0	    00000000     00000000	   1	[      3]
540   	0     	      9	   NeutSmallDark	   1070.6914	   2089.84	    0.0	    00000000     00000000	   1	[      6]
541   	0     	      7	  NegSmallBright	   1072.9883	   2296.88	    0.0	    00000000     00000000	   1	[      4]
542   	0     	      8	   NeutLargeDark	   1075.0312	   2042.97	    0.0	    00000000     00000000	   1	[      5]
543   	0     	     14	     condition14	   1077.3750	   2343.75	    0.0	    00000000     00000000	   1	[       ]
544   	0     	      2	      condition2	   1077.9414	    566.41	    0.0	    00000000     00000000	   1	[       ]
545   	0     	      4	    NegLargeDark	   1079.5977	   1656.25	    0.0	    00000000     00000000	   1	[      1]
546   	0     	      9	   NeutSmallDark	   1081.7344	   2136.72	    0.0	    00000000     00000000	   1	[      6]
547   	0     	      6	  NegLargeBright	   1083.8164	   2082.03	    0.0	    00000000     00000000	   1	[      3]
548   	0     	      4	    NegLargeDark	   1086.1016	   2285.16	    0.0	    00000000     00000000	   1	[      1]
549   	0     	      6	  NegLargeBright	   1088.6250	   2523.44	    0.0	    00000000     00000000	   1	[      3]
550   	0     	      7	  NegSmallBright	   1090.7070	   2082.03	    0.0	    00000000     00000000	   1	[      4]
551   	0     	      9	   NeutSmallDark	   1092.9727	   2265.62	    0.0	    00000000     00000000	   1	[      6]
552   	0     	     13	     condition13	   1095.1758	   2203.12	    0.0	    00000000     00000000	   1	[       ]
553   	0     	      2	      condition2	   1095.7461	    570.31	    0.0	    00000000     00000000	   1	[       ]
554   	0     	      4	    NegLargeDark	   1097.4219	   1675.78	    0.0	    00000000     00000000	   1	[      1]
555   	0     	      5	    NegSmallDark	   1099.8242	   2402.34	    0.0	    00000000     00000000	   1	[      2]
556   	0     	      5	    NegSmallDark	   1102.1367	   2312.50	    0.0	    00000000     00000000	   1	[      2]
557   	0     	     15	     condition15	   1104.5820	   2445.31	    0.0	    00000000     00000000	   1	[       ]
558   	0     	     15	     condition15	   1107.0078	   2425.78	    0.0	    00000000     00000000	   1	[       ]
559   	0     	      2	      condition2	   1107.9062	    898.44	    0.0	    00000000     00000000	   1	[       ]
560   	0     	      4	    NegLargeDark	   1109.1094	   1203.12	    0.0	    00000000     00000000	   1	[      1]
561   	0     	     11	 NeutSmallBright	   1111.5469	   2437.50	    0.0	    00000000     00000000	   1	[      8]
562   	0     	      8	   NeutLargeDark	   1113.9492	   2402.34	    0.0	    00000000     00000000	   1	[      5]
563   	0     	      8	   NeutLargeDark	   1116.3242	   2375.00	    0.0	    00000000     00000000	   1	[      5]
564   	0     	      5	    NegSmallDark	   1118.5859	   2261.72	    0.0	    00000000     00000000	   1	[      2]
565   	0     	      5	    NegSmallDark	   1121.4062	   2820.31	    0.0	    00000000     00000000	   1	[      2]
566   	0     	      9	   NeutSmallDark	   1123.8398	   2433.59	    0.0	    00000000     00000000	   1	[      6]
567   	0     	     10	 NeutLargeBright	   1125.9727	   2132.81	    0.0	    00000000     00000000	   1	[      7]
568   	0     	      6	  NegLargeBright	   1128.1875	   2214.84	    0.0	    00000000     00000000	   1	[      3]
569   	0     	     15	     condition15	   1130.4805	   2292.97	    0.0	    00000000     00000000	   1	[       ]
570   	0     	      2	      condition2	   1131.2969	    816.41	    0.0	    00000000     00000000	   1	[       ]
571   	0     	      5	    NegSmallDark	   1132.7266	   1429.69	    0.0	    00000000     00000000	   1	[      2]
572   	0     	      5	    NegSmallDark	   1135.1914	   2464.84	    0.0	    00000000     00000000	   1	[      2]
573   	0     	      8	   NeutLargeDark	   1137.2227	   2031.25	    0.0	    00000000     00000000	   1	[      5]
574   	0     	      5	    NegSmallDark	   1139.5273	   2304.69	    0.0	    00000000     00000000	   1	[      2]
575   	0     	      7	  NegSmallBright	   1141.6094	   2082.03	    0.0	    00000000     00000000	   1	[      4]
576   	0     	      5	    NegSmallDark	   1144.0664	   2457.03	    0.0	    00000000     00000000	   1	[      2]
577   	0     	     15	     condition15	   1146.4609	   2394.53	    0.0	    00000000     00000000	   1	[       ]
578   	0     	      2	      condition2	   1147.4141	    953.12	    0.0	    00000000     00000000	   1	[       ]
579   	0     	      8	   NeutLargeDark	   1148.5820	   1167.97	    0.0	    00000000     00000000	   1	[      5]
580   	0     	     12	     condition12	   1150.6562	   2074.22	    0.0	    00000000     00000000	   1	[       ]
581   	0     	      2	      condition2	   1151.3594	    703.12	    0.0	    00000000     00000000	   1	[       ]
582   	0     	      5	    NegSmallDark	   1152.9219	   1562.50	    0.0	    00000000     00000000	   1	[      2]
583   	0     	      9	   NeutSmallDark	   1155.3867	   2464.84	    0.0	    00000000     00000000	   1	[      6]
584   	0     	      6	  NegLargeBright	   1157.5977	   2210.94	    0.0	    00000000     00000000	   1	[      3]
585   	0     	      9	   NeutSmallDark	   1159.7109	   2113.28	    0.0	    00000000     00000000	   1	[      6]
586   	0     	      9	   NeutSmallDark	   1161.9258	   2214.84	    0.0	    00000000     00000000	   1	[      6]
587   	0     	      6	  NegLargeBright	   1164.3320	   2406.25	    0.0	    00000000     00000000	   1	[      3]
588   	0     	     14	     condition14	   1166.4961	   2164.06	    0.0	    00000000     00000000	   1	[       ]
589   	0     	      2	      condition2	   1167.0938	    597.66	    0.0	    00000000     00000000	   1	[       ]
590   	0     	      8	   NeutLargeDark	   1168.8477	   1753.91	    0.0	    00000000     00000000	   1	[      5]
591   	0     	     10	 NeutLargeBright	   1171.1914	   2343.75	    0.0	    00000000     00000000	   1	[      7]
592   	0     	     11	 NeutSmallBright	   1173.4570	   2265.62	    0.0	    00000000     00000000	   1	[      8]
593   	0     	      7	  NegSmallBright	   1175.8398	   2382.81	    0.0	    00000000     00000000	   1	[      4]
594   	0     	      4	    NegLargeDark	   1178.3164	   2476.56	    0.0	    00000000     00000000	   1	[      1]
595   	0     	     11	 NeutSmallBright	   1180.6992	   2382.81	    0.0	    00000000     00000000	   1	[      8]
596   	0     	     10	 NeutLargeBright	   1182.7930	   2093.75	    0.0	    00000000     00000000	   1	[      7]
597   	0     	      4	    NegLargeDark	   1184.8867	   2093.75	    0.0	    00000000     00000000	   1	[      1]
598   	0     	     10	 NeutLargeBright	   1187.3125	   2425.78	    0.0	    00000000     00000000	   1	[      7]
599   	0     	      8	   NeutLargeDark	   1189.6172	   2304.69	    0.0	    00000000     00000000	   1	[      5]
600   	0     	      4	    NegLargeDark	   1192.0586	   2441.41	    0.0	    00000000     00000000	   1	[      1]
601   	0     	      9	   NeutSmallDark	   1194.1914	   2132.81	    0.0	    00000000     00000000	   1	[      6]
602   	0     	      6	  NegLargeBright	   1196.6875	   2496.09	    0.0	    00000000     00000000	   1	[      3]
603   	0     	     11	 NeutSmallBright	   1198.8906	   2203.12	    0.0	    00000000     00000000	   1	[      8]
604   	0     	     11	 NeutSmallBright	   1201.0938	   2203.12	    0.0	    00000000     00000000	   1	[      8]
605   	0     	     10	 NeutLargeBright	   1203.5898	   2496.09	    0.0	    00000000     00000000	   1	[      7]
606   	0     	      6	  NegLargeBright	   1205.9453	   2355.47	    0.0	    00000000     00000000	   1	[      3]
607   	0     	      4	    NegLargeDark	   1208.3984	   2453.12	    0.0	    00000000     00000000	   1	[      1]
608   	0     	      9	   NeutSmallDark	   1210.4609	   2062.50	    0.0	    00000000     00000000	   1	[      6]
609   	0     	      8	   NeutLargeDark	   1212.8672	   2406.25	    0.0	    00000000     00000000	   1	[      5]
610   	0     	      7	  NegSmallBright	   1215.1484	   2281.25	    0.0	    00000000     00000000	   1	[      4]
611   	0     	      6	  NegLargeBright	   1217.5234	   2375.00	    0.0	    00000000     00000000	   1	[      3]
612   	0     	      7	  NegSmallBright	   1220.0000	   2476.56	    0.0	    00000000     00000000	   1	[      4]
613   	0     	      5	    NegSmallDark	   1222.0625	   2062.50	    0.0	    00000000     00000000	   1	[      2]
614   	0     	     10	 NeutLargeBright	   1224.4375	   2375.00	    0.0	    00000000     00000000	   1	[      7]
615   	0     	      7	  NegSmallBright	   1226.8906	   2453.12	    0.0	    00000000     00000000	   1	[      4]
616   	0     	     10	 NeutLargeBright	   1229.2539	   2363.28	    0.0	    00000000     00000000	   1	[      7]
617   	0     	      8	   NeutLargeDark	   1231.5586	   2304.69	    0.0	    00000000     00000000	   1	[      5]
618   	0     	     13	     condition13	   1233.5938	   2035.16	    0.0	    00000000     00000000	   1	[       ]
619   	0     	      2	      condition2	   1234.1289	    535.16	    0.0	    00000000     00000000	   1	[       ]
620   	0     	     11	 NeutSmallBright	   1235.7461	   1617.19	    0.0	    00000000     00000000	   1	[      8]
621   	0     	     10	 NeutLargeBright	   1238.2227	   2476.56	    0.0	    00000000     00000000	   1	[      7]
622   	0     	      6	  NegLargeBright	   1240.3633	   2140.62	    0.0	    00000000     00000000	   1	[      3]
623   	0     	      4	    NegLargeDark	   1242.5000	   2136.72	    0.0	    00000000     00000000	   1	[      1]
624   	0     	      9	   NeutSmallDark	   1244.9844	   2484.38	    0.0	    00000000     00000000	   1	[      6]
625   	0     	     15	     condition15	   1247.1367	   2152.34	    0.0	    00000000     00000000	   1	[       ]
626   	0     	      2	      condition2	   1247.8789	    742.19	    0.0	    00000000     00000000	   1	[       ]
627   	0     	      5	    NegSmallDark	   1249.5508	   1671.88	    0.0	    00000000     00000000	   1	[      2]
628   	0     	      8	   NeutLargeDark	   1251.6758	   2125.00	    0.0	    00000000     00000000	   1	[      5]
629   	0     	     14	     condition14	   1254.0273	   2351.56	    0.0	    00000000     00000000	   1	[       ]
630   	0     	      2	      condition2	   1254.6211	    593.75	    0.0	    00000000     00000000	   1	[       ]
631   	0     	      6	  NegLargeBright	   1256.5039	   1882.81	    0.0	    00000000     00000000	   1	[      3]
632   	0     	     13	     condition13	   1258.8789	   2375.00	    0.0	    00000000     00000000	   1	[       ]
633   	0     	      2	      condition2	   1259.3633	    484.38	    0.0	    00000000     00000000	   1	[       ]
634   	0     	      7	  NegSmallBright	   1261.0703	   1707.03	    0.0	    00000000     00000000	   1	[      4]
635   	0     	      5	    NegSmallDark	   1263.4062	   2335.94	    0.0	    00000000     00000000	   1	[      2]
636   	0     	     11	 NeutSmallBright	   1265.7578	   2351.56	    0.0	    00000000     00000000	   1	[      8]
637   	0     	     10	 NeutLargeBright	   1267.8320	   2074.22	    0.0	    00000000     00000000	   1	[      7]
638   	0     	      5	    NegSmallDark	   1270.1758	   2343.75	    0.0	    00000000     00000000	   1	[      2]
639   	0     	      9	   NeutSmallDark	   1272.2500	   2074.22	    0.0	    00000000     00000000	   1	[      6]
640   	0     	     11	 NeutSmallBright	   1274.6055	   2355.47	    0.0	    00000000     00000000	   1	[      8]
641   	0     	     14	     condition14	   1276.8203	   2214.84	    0.0	    00000000     00000000	   1	[       ]
642   	0     	      2	      condition2	   1277.4102	    589.84	    0.0	    00000000     00000000	   1	[       ]
643   	0     	      8	   NeutLargeDark	   1279.2930	   1882.81	    0.0	    00000000     00000000	   1	[      5]
