#  Non-editable header begin --------------------------------------------------------------------------------
# 
#  data format...............: continuous
#  setname...................: BDF file
#  filename..................: none_specified
#  filepath..................: none_specified
#  nchan.....................: 64
#  pnts......................: 327680
#  srate.....................: 256
#  nevents...................: 649
#  generated by (bdf)........: 
#  generated by (set)........: BDF file
#  reported in ..............: 
#  prog Version..............: 8.02
#  creation date.............: 16-Nov-2020 15:02:50
#  user Account..............: 
# 
#  Non-editable header end --------------------------------------------------------------------------------

	bin 1,	# 60,	NegLargeDark
	bin 2,	# 60,	NegSmallDark
	bin 3,	# 60,	NegLargeBright
	bin 4,	# 60,	NegSmallBright
	bin 5,	# 60,	NeutLargeDark
	bin 6,	# 60,	NeutSmallDark
	bin 7,	# 60,	NeutLargeBright
	bin 8,	# 60,	NeutSmallBright



# item	 bepoch	  ecode	            label	      onset	          diff	     dura	b_flags	   a_flags	  enable	    bin
#                                                 (sec)           (msec)     (msec)    (binary)   (binary)


1     	0     	    253	              ""	      0.2969	      0.00	    0.0	    00000000     00000000	   1	[       ]
2     	0     	      6	  NegLargeBright	      1.2891	    992.19	    0.0	    00000000     00000000	   1	[      3]
3     	0     	      6	  NegLargeBright	      3.3828	   2093.75	    0.0	    00000000     00000000	   1	[      3]
4     	0     	     13	     condition13	      5.7891	   2406.25	    0.0	    00000000     00000000	   1	[       ]
5     	0     	      2	      condition2	      6.3750	    585.94	    0.0	    00000000     00000000	   1	[       ]
6     	0     	     13	     condition13	      7.9727	   1597.66	    0.0	    00000000     00000000	   1	[       ]
7     	0     	      2	      condition2	      8.4609	    488.28	    0.0	    00000000     00000000	   1	[       ]
8     	0     	     13	     condition13	     10.2148	   1753.91	    0.0	    00000000     00000000	   1	[       ]
9     	0     	      2	      condition2	     10.6719	    457.03	    0.0	    00000000     00000000	   1	[       ]
10    	0     	      8	   NeutLargeDark	     12.2617	   1589.84	    0.0	    00000000     00000000	   1	[      5]
11    	0     	      6	  NegLargeBright	     14.4727	   2210.94	    0.0	    00000000     00000000	   1	[      3]
12    	0     	     11	 NeutSmallBright	     16.6562	   2183.59	    0.0	    00000000     00000000	   1	[      8]
13    	0     	     12	     condition12	     18.7930	   2136.72	    0.0	    00000000     00000000	   1	[       ]
14    	0     	      2	      condition2	     19.3555	    562.50	    0.0	    00000000     00000000	   1	[       ]
15    	0     	      4	    NegLargeDark	     21.0742	   1718.75	    0.0	    00000000     00000000	   1	[      1]
16    	0     	      5	    NegSmallDark	     23.2695	   2195.31	    0.0	    00000000     00000000	   1	[      2]
17    	0     	      4	    NegLargeDark	     25.4141	   2144.53	    0.0	    00000000     00000000	   1	[      1]
18    	0     	      9	   NeutSmallDark	     27.7188	   2304.69	    0.0	    00000000     00000000	   1	[      6]
19    	0     	      7	  NegSmallBright	     30.1016	   2382.81	    0.0	    00000000     00000000	   1	[      4]
20    	0     	     14	     condition14	     32.3164	   2214.84	    0.0	    00000000     00000000	   1	[       ]
21    	0     	      2	      condition2	     32.9844	    667.97	    0.0	    00000000     00000000	   1	[       ]
22    	0     	      7	  NegSmallBright	     34.4883	   1503.91	    0.0	    00000000     00000000	   1	[      4]
23    	0     	      5	    NegSmallDark	     36.9844	   2496.09	    0.0	    00000000     00000000	   1	[      2]
24    	0     	      9	   NeutSmallDark	     39.2461	   2261.72	    0.0	    00000000     00000000	   1	[      6]
25    	0     	      8	   NeutLargeDark	     41.3516	   2105.47	    0.0	    00000000     00000000	   1	[      5]
26    	0     	      8	   NeutLargeDark	     43.5859	   2234.38	    0.0	    00000000     00000000	   1	[      5]
27    	0     	      5	    NegSmallDark	     45.9609	   2375.00	    0.0	    00000000     00000000	   1	[      2]
28    	0     	      6	  NegLargeBright	     48.3945	   2433.59	    0.0	    00000000     00000000	   1	[      3]
29    	0     	      7	  NegSmallBright	     50.7461	   2351.56	    0.0	    00000000     00000000	   1	[      4]
30    	0     	     10	 NeutLargeBright	     53.2812	   2535.16	    0.0	    00000000     00000000	   1	[      7]
31    	0     	      9	   NeutSmallDark	     55.6953	   2414.06	    0.0	    00000000     00000000	   1	[      6]
32    	0     	     13	     condition13	     57.9609	   2265.62	    0.0	    00000000     00000000	   1	[       ]
33    	0     	      2	      condition2	     58.4062	    445.31	    0.0	    00000000     00000000	   1	[       ]
34    	0     	      9	   NeutSmallDark	     60.3047	   1898.44	    0.0	    00000000     00000000	   1	[      6]
35    	0     	     11	 NeutSmallBright	     62.5703	   2265.62	    0.0	    00000000     00000000	   1	[      8]
36    	0     	     11	 NeutSmallBright	     64.8008	   2230.47	    0.0	    00000000     00000000	   1	[      8]
37    	0     	      8	   NeutLargeDark	     67.1172	   2316.41	    0.0	    00000000     00000000	   1	[      5]
38    	0     	      9	   NeutSmallDark	     69.4414	   2324.22	    0.0	    00000000     00000000	   1	[      6]
39    	0     	     10	 NeutLargeBright	     71.6836	   2242.19	    0.0	    00000000     00000000	   1	[      7]
40    	0     	     15	     condition15	     73.7891	   2105.47	    0.0	    00000000     00000000	   1	[       ]
41    	0     	      2	      condition2	     74.3633	    574.22	    0.0	    00000000     00000000	   1	[       ]
42    	0     	      5	    NegSmallDark	     76.1641	   1800.78	    0.0	    00000000     00000000	   1	[      2]
43    	0     	     11	 NeutSmallBright	     78.2461	   2082.03	    0.0	    00000000     00000000	   1	[      8]
44    	0     	     11	 NeutSmallBright	     80.4883	   2242.19	    0.0	    00000000     00000000	   1	[      8]
45    	0     	     13	     condition13	     82.7656	   2277.34	    0.0	    00000000     00000000	   1	[       ]
46    	0     	      2	      condition2	     83.6406	    875.00	    0.0	    00000000     00000000	   1	[       ]
47    	0     	     12	     condition12	     85.1992	   1558.59	    0.0	    00000000     00000000	   1	[       ]
48    	0     	      2	      condition2	     85.9219	    722.66	    0.0	    00000000     00000000	   1	[       ]
49    	0     	      4	    NegLargeDark	     87.7227	   1800.78	    0.0	    00000000     00000000	   1	[      1]
50    	0     	      9	   NeutSmallDark	     90.0078	   2285.16	    0.0	    00000000     00000000	   1	[      6]
51    	0     	     10	 NeutLargeBright	     92.1016	   2093.75	    0.0	    00000000     00000000	   1	[      7]
52    	0     	      7	  NegSmallBright	     94.2539	   2152.34	    0.0	    00000000     00000000	   1	[      4]
53    	0     	     13	     condition13	     96.6094	   2355.47	    0.0	    00000000     00000000	   1	[       ]
54    	0     	      2	      condition2	     97.1992	    589.84	    0.0	    00000000     00000000	   1	[       ]
55    	0     	      7	  NegSmallBright	     98.7305	   1531.25	    0.0	    00000000     00000000	   1	[      4]
56    	0     	      9	   NeutSmallDark	    100.8555	   2125.00	    0.0	    00000000     00000000	   1	[      6]
57    	0     	      5	    NegSmallDark	    103.2617	   2406.25	    0.0	    00000000     00000000	   1	[      2]
58    	0     	     10	 NeutLargeBright	    105.5547	   2292.97	    0.0	    00000000     00000000	   1	[      7]
59    	0     	     13	     condition13	    108.0000	   2445.31	    0.0	    00000000     00000000	   1	[       ]
60    	0     	      2	      condition2	    108.5664	    566.41	    0.0	    00000000     00000000	   1	[       ]
61    	0     	      4	    NegLargeDark	    110.4922	   1925.78	    0.0	    00000000     00000000	   1	[      1]
62    	0     	      6	  NegLargeBright	    112.6875	   2195.31	    0.0	    00000000     00000000	   1	[      3]
63    	0     	     12	     condition12	    115.1914	   2503.91	    0.0	    00000000     00000000	   1	[       ]
64    	0     	      2	      condition2	    115.6445	    453.12	    0.0	    00000000     00000000	   1	[       ]
65    	0     	     11	 NeutSmallBright	    117.5742	   1929.69	    0.0	    00000000     00000000	   1	[      8]
66    	0     	      5	    NegSmallDark	    120.0078	   2433.59	    0.0	    00000000     00000000	   1	[      2]
67    	0     	     10	 NeutLargeBright	    122.2031	   2195.31	    0.0	    00000000     00000000	   1	[      7]
68    	0     	      7	  NegSmallBright	    124.7188	   2515.62	    0.0	    00000000     00000000	   1	[      4]
69    	0     	      9	   NeutSmallDark	    127.0938	   2375.00	    0.0	    00000000     00000000	   1	[      6]
70    	0     	      9	   NeutSmallDark	    129.4844	   2390.62	    0.0	    00000000     00000000	   1	[      6]
71    	0     	      8	   NeutLargeDark	    131.5703	   2085.94	    0.0	    00000000     00000000	   1	[      5]
72    	0     	      5	    NegSmallDark	    133.5938	   2023.44	    0.0	    00000000     00000000	   1	[      2]
73    	0     	     10	 NeutLargeBright	    135.9961	   2402.34	    0.0	    00000000     00000000	   1	[      7]
74    	0     	     11	 NeutSmallBright	    138.0625	   2066.41	    0.0	    00000000     00000000	   1	[      8]
75    	0     	      6	  NegLargeBright	    140.2539	   2191.41	    0.0	    00000000     00000000	   1	[      3]
76    	0     	      6	  NegLargeBright	    142.7383	   2484.38	    0.0	    00000000     00000000	   1	[      3]
77    	0     	     14	     condition14	    145.1953	   2457.03	    0.0	    00000000     00000000	   1	[       ]
78    	0     	      2	      condition2	    145.7930	    597.66	    0.0	    00000000     00000000	   1	[       ]
79    	0     	      9	   NeutSmallDark	    147.3359	   1542.97	    0.0	    00000000     00000000	   1	[      6]
80    	0     	      8	   NeutLargeDark	    149.7227	   2386.72	    0.0	    00000000     00000000	   1	[      5]
81    	0     	      5	    NegSmallDark	    152.1367	   2414.06	    0.0	    00000000     00000000	   1	[      2]
82    	0     	     10	 NeutLargeBright	    154.6094	   2472.66	    0.0	    00000000     00000000	   1	[      7]
83    	0     	      7	  NegSmallBright	    156.9844	   2375.00	    0.0	    00000000     00000000	   1	[      4]
84    	0     	     11	 NeutSmallBright	    159.2383	   2253.91	    0.0	    00000000     00000000	   1	[      8]
85    	0     	    253	              ""	    161.1250	   1886.72	    0.0	    00000000     00000000	   1	[       ]
86    	0     	      4	    NegLargeDark	    162.1367	   1011.72	    0.0	    00000000     00000000	   1	[      1]
87    	0     	     10	 NeutLargeBright	    164.2305	   2093.75	    0.0	    00000000     00000000	   1	[      7]
88    	0     	     11	 NeutSmallBright	    166.4062	   2175.78	    0.0	    00000000     00000000	   1	[      8]
89    	0     	     10	 NeutLargeBright	    168.8086	   2402.34	    0.0	    00000000     00000000	   1	[      7]
90    	0     	      9	   NeutSmallDark	    171.1133	   2304.69	    0.0	    00000000     00000000	   1	[      6]
91    	0     	     10	 NeutLargeBright	    173.5586	   2445.31	    0.0	    00000000     00000000	   1	[      7]
92    	0     	      4	    NegLargeDark	    176.0703	   2511.72	    0.0	    00000000     00000000	   1	[      1]
93    	0     	      9	   NeutSmallDark	    178.3672	   2296.88	    0.0	    00000000     00000000	   1	[      6]
94    	0     	      8	   NeutLargeDark	    180.8789	   2511.72	    0.0	    00000000     00000000	   1	[      5]
95    	0     	     12	     condition12	    183.0430	   2164.06	    0.0	    00000000     00000000	   1	[       ]
96    	0     	      2	      condition2	    183.7109	    667.97	    0.0	    00000000     00000000	   1	[       ]
97    	0     	      9	   NeutSmallDark	    185.1484	   1437.50	    0.0	    00000000     00000000	   1	[      6]
98    	0     	     14	     condition14	    187.3711	   2222.66	    0.0	    00000000     00000000	   1	[       ]
99    	0     	      2	      condition2	    187.9648	    593.75	    0.0	    00000000     00000000	   1	[       ]
100   	0     	      4	    NegLargeDark	    189.5469	   1582.03	    0.0	    00000000     00000000	   1	[      1]
101   	0     	      6	  NegLargeBright	    191.7695	   2222.66	    0.0	    00000000     00000000	   1	[      3]
102   	0     	     15	     condition15	    194.2734	   2503.91	    0.0	    00000000     00000000	   1	[       ]
103   	0     	      2	      condition2	    194.7500	    476.56	    0.0	    00000000     00000000	   1	[       ]
104   	0     	      5	    NegSmallDark	    196.6797	   1929.69	    0.0	    00000000     00000000	   1	[      2]
105   	0     	     11	 NeutSmallBright	    198.8711	   2191.41	    0.0	    00000000     00000000	   1	[      8]
106   	0     	      2	      condition2	    199.8750	   1003.91	    0.0	    00000000     00000000	   1	[       ]
107   	0     	      9	   NeutSmallDark	    201.3047	   1429.69	    0.0	    00000000     00000000	   1	[      6]
108   	0     	      5	    NegSmallDark	    203.7500	   2445.31	    0.0	    00000000     00000000	   1	[      2]
109   	0     	     10	 NeutLargeBright	    206.1328	   2382.81	    0.0	    00000000     00000000	   1	[      7]
110   	0     	     10	 NeutLargeBright	    208.1680	   2035.16	    0.0	    00000000     00000000	   1	[      7]
111   	0     	      6	  NegLargeBright	    210.3711	   2203.12	    0.0	    00000000     00000000	   1	[      3]
112   	0     	     11	 NeutSmallBright	    212.5742	   2203.12	    0.0	    00000000     00000000	   1	[      8]
113   	0     	      4	    NegLargeDark	    215.0391	   2464.84	    0.0	    00000000     00000000	   1	[      1]
114   	0     	      4	    NegLargeDark	    217.1250	   2085.94	    0.0	    00000000     00000000	   1	[      1]
115   	0     	      4	    NegLargeDark	    219.2969	   2171.88	    0.0	    00000000     00000000	   1	[      1]
116   	0     	      8	   NeutLargeDark	    221.3320	   2035.16	    0.0	    00000000     00000000	   1	[      5]
117   	0     	     10	 NeutLargeBright	    223.6133	   2281.25	    0.0	    00000000     00000000	   1	[      7]
118   	0     	      8	   NeutLargeDark	    226.1406	   2527.34	    0.0	    00000000     00000000	   1	[      5]
119   	0     	     10	 NeutLargeBright	    228.3438	   2203.12	    0.0	    00000000     00000000	   1	[      7]
120   	0     	      8	   NeutLargeDark	    230.7461	   2402.34	    0.0	    00000000     00000000	   1	[      5]
121   	0     	      6	  NegLargeBright	    233.1914	   2445.31	    0.0	    00000000     00000000	   1	[      3]
122   	0     	      7	  NegSmallBright	    235.3867	   2195.31	    0.0	    00000000     00000000	   1	[      4]
123   	0     	      9	   NeutSmallDark	    237.8711	   2484.38	    0.0	    00000000     00000000	   1	[      6]
124   	0     	     10	 NeutLargeBright	    240.0859	   2214.84	    0.0	    00000000     00000000	   1	[      7]
125   	0     	     11	 NeutSmallBright	    242.3086	   2222.66	    0.0	    00000000     00000000	   1	[      8]
126   	0     	     10	 NeutLargeBright	    244.4922	   2183.59	    0.0	    00000000     00000000	   1	[      7]
127   	0     	      6	  NegLargeBright	    246.7344	   2242.19	    0.0	    00000000     00000000	   1	[      3]
128   	0     	      4	    NegLargeDark	    249.0391	   2304.69	    0.0	    00000000     00000000	   1	[      1]
129   	0     	      6	  NegLargeBright	    251.1719	   2132.81	    0.0	    00000000     00000000	   1	[      3]
130   	0     	      8	   NeutLargeDark	    253.5078	   2335.94	    0.0	    00000000     00000000	   1	[      5]
131   	0     	     10	 NeutLargeBright	    255.9414	   2433.59	    0.0	    00000000     00000000	   1	[      7]
132   	0     	     11	 NeutSmallBright	    257.9844	   2042.97	    0.0	    00000000     00000000	   1	[      8]
133   	0     	      9	   NeutSmallDark	    260.3594	   2375.00	    0.0	    00000000     00000000	   1	[      6]
134   	0     	     10	 NeutLargeBright	    262.7227	   2363.28	    0.0	    00000000     00000000	   1	[      7]
135   	0     	     15	     condition15	    265.0586	   2335.94	    0.0	    00000000     00000000	   1	[       ]
136   	0     	      2	      condition2	    265.7539	    695.31	    0.0	    00000000     00000000	   1	[       ]
137   	0     	      8	   NeutLargeDark	    267.2617	   1507.81	    0.0	    00000000     00000000	   1	[      5]
138   	0     	      8	   NeutLargeDark	    269.7266	   2464.84	    0.0	    00000000     00000000	   1	[      5]
139   	0     	      4	    NegLargeDark	    272.2188	   2492.19	    0.0	    00000000     00000000	   1	[      1]
140   	0     	      4	    NegLargeDark	    274.2734	   2054.69	    0.0	    00000000     00000000	   1	[      1]
141   	0     	      5	    NegSmallDark	    276.7695	   2496.09	    0.0	    00000000     00000000	   1	[      2]
142   	0     	      6	  NegLargeBright	    278.9609	   2191.41	    0.0	    00000000     00000000	   1	[      3]
143   	0     	      5	    NegSmallDark	    281.2852	   2324.22	    0.0	    00000000     00000000	   1	[      2]
144   	0     	      9	   NeutSmallDark	    283.5625	   2277.34	    0.0	    00000000     00000000	   1	[      6]
145   	0     	      5	    NegSmallDark	    286.0742	   2511.72	    0.0	    00000000     00000000	   1	[      2]
146   	0     	      5	    NegSmallDark	    288.1680	   2093.75	    0.0	    00000000     00000000	   1	[      2]
147   	0     	     14	     condition14	    290.3242	   2156.25	    0.0	    00000000     00000000	   1	[       ]
148   	0     	      2	      condition2	    290.9805	    656.25	    0.0	    00000000     00000000	   1	[       ]
149   	0     	     11	 NeutSmallBright	    292.7266	   1746.09	    0.0	    00000000     00000000	   1	[      8]
150   	0     	      7	  NegSmallBright	    295.1797	   2453.12	    0.0	    00000000     00000000	   1	[      4]
151   	0     	      5	    NegSmallDark	    297.3555	   2175.78	    0.0	    00000000     00000000	   1	[      2]
152   	0     	      8	   NeutLargeDark	    299.3867	   2031.25	    0.0	    00000000     00000000	   1	[      5]
153   	0     	     11	 NeutSmallBright	    301.8242	   2437.50	    0.0	    00000000     00000000	   1	[      8]
154   	0     	      7	  NegSmallBright	    304.2266	   2402.34	    0.0	    00000000     00000000	   1	[      4]
155   	0     	     10	 NeutLargeBright	    306.2695	   2042.97	    0.0	    00000000     00000000	   1	[      7]
156   	0     	     10	 NeutLargeBright	    308.3828	   2113.28	    0.0	    00000000     00000000	   1	[      7]
157   	0     	      6	  NegLargeBright	    310.6797	   2296.88	    0.0	    00000000     00000000	   1	[      3]
158   	0     	      4	    NegLargeDark	    312.7500	   2070.31	    0.0	    00000000     00000000	   1	[      1]
159   	0     	      9	   NeutSmallDark	    315.0352	   2285.16	    0.0	    00000000     00000000	   1	[      6]
160   	0     	      5	    NegSmallDark	    317.1680	   2132.81	    0.0	    00000000     00000000	   1	[      2]
161   	0     	      7	  NegSmallBright	    319.2734	   2105.47	    0.0	    00000000     00000000	   1	[      4]
162   	0     	    253	              ""	    321.0781	   1804.69	    0.0	    00000000     00000000	   1	[       ]
163   	0     	      5	    NegSmallDark	    322.0703	    992.19	    0.0	    00000000     00000000	   1	[      2]
164   	0     	     11	 NeutSmallBright	    324.3750	   2304.69	    0.0	    00000000     00000000	   1	[      8]
165   	0     	      4	    NegLargeDark	    326.8398	   2464.84	    0.0	    00000000     00000000	   1	[      1]
166   	0     	      5	    NegSmallDark	    329.0234	   2183.59	    0.0	    00000000     00000000	   1	[      2]
167   	0     	     11	 NeutSmallBright	    331.1562	   2132.81	    0.0	    00000000     00000000	   1	[      8]
168   	0     	     10	 NeutLargeBright	    333.5117	   2355.47	    0.0	    00000000     00000000	   1	[      7]
169   	0     	      5	    NegSmallDark	    335.5547	   2042.97	    0.0	    00000000     00000000	   1	[      2]
170   	0     	     10	 NeutLargeBright	    337.6992	   2144.53	    0.0	    00000000     00000000	   1	[      7]
171   	0     	      7	  NegSmallBright	    340.0234	   2324.22	    0.0	    00000000     00000000	   1	[      4]
172   	0     	     11	 NeutSmallBright	    342.2383	   2214.84	    0.0	    00000000     00000000	   1	[      8]
173   	0     	      4	    NegLargeDark	    344.5117	   2273.44	    0.0	    00000000     00000000	   1	[      1]
174   	0     	      9	   NeutSmallDark	    346.5469	   2035.16	    0.0	    00000000     00000000	   1	[      6]
175   	0     	      8	   NeutLargeDark	    348.9492	   2402.34	    0.0	    00000000     00000000	   1	[      5]
176   	0     	     13	     condition13	    351.2227	   2273.44	    0.0	    00000000     00000000	   1	[       ]
177   	0     	      2	      condition2	    351.8672	    644.53	    0.0	    00000000     00000000	   1	[       ]
178   	0     	      6	  NegLargeBright	    353.6094	   1742.19	    0.0	    00000000     00000000	   1	[      3]
179   	0     	      6	  NegLargeBright	    355.9297	   2320.31	    0.0	    00000000     00000000	   1	[      3]
180   	0     	      4	    NegLargeDark	    358.3750	   2445.31	    0.0	    00000000     00000000	   1	[      1]
181   	0     	     14	     condition14	    360.5898	   2214.84	    0.0	    00000000     00000000	   1	[       ]
182   	0     	      2	      condition2	    361.3867	    796.88	    0.0	    00000000     00000000	   1	[       ]
183   	0     	     12	     condition12	    362.8242	   1437.50	    0.0	    00000000     00000000	   1	[       ]
184   	0     	      2	      condition2	    363.4492	    625.00	    0.0	    00000000     00000000	   1	[       ]
185   	0     	      6	  NegLargeBright	    365.0078	   1558.59	    0.0	    00000000     00000000	   1	[      3]
186   	0     	      4	    NegLargeDark	    367.3828	   2375.00	    0.0	    00000000     00000000	   1	[      1]
187   	0     	      8	   NeutLargeDark	    369.5273	   2144.53	    0.0	    00000000     00000000	   1	[      5]
188   	0     	     11	 NeutSmallBright	    371.6992	   2171.88	    0.0	    00000000     00000000	   1	[      8]
189   	0     	      4	    NegLargeDark	    373.8516	   2152.34	    0.0	    00000000     00000000	   1	[      1]
190   	0     	      7	  NegSmallBright	    376.2773	   2425.78	    0.0	    00000000     00000000	   1	[      4]
191   	0     	      7	  NegSmallBright	    378.6133	   2335.94	    0.0	    00000000     00000000	   1	[      4]
192   	0     	      7	  NegSmallBright	    380.9648	   2351.56	    0.0	    00000000     00000000	   1	[      4]
193   	0     	      6	  NegLargeBright	    383.3906	   2425.78	    0.0	    00000000     00000000	   1	[      3]
194   	0     	      5	    NegSmallDark	    385.6641	   2273.44	    0.0	    00000000     00000000	   1	[      2]
195   	0     	      9	   NeutSmallDark	    388.1484	   2484.38	    0.0	    00000000     00000000	   1	[      6]
196   	0     	     11	 NeutSmallBright	    390.5312	   2382.81	    0.0	    00000000     00000000	   1	[      8]
197   	0     	     11	 NeutSmallBright	    392.7344	   2203.12	    0.0	    00000000     00000000	   1	[      8]
198   	0     	     10	 NeutLargeBright	    394.8984	   2164.06	    0.0	    00000000     00000000	   1	[      7]
199   	0     	      8	   NeutLargeDark	    397.2227	   2324.22	    0.0	    00000000     00000000	   1	[      5]
200   	0     	     12	     condition12	    399.5977	   2375.00	    0.0	    00000000     00000000	   1	[       ]
201   	0     	      2	      condition2	    400.1953	    597.66	    0.0	    00000000     00000000	   1	[       ]
202   	0     	      6	  NegLargeBright	    402.0312	   1835.94	    0.0	    00000000     00000000	   1	[      3]
203   	0     	      5	    NegSmallDark	    404.5156	   2484.38	    0.0	    00000000     00000000	   1	[      2]
204   	0     	      4	    NegLargeDark	    406.6719	   2156.25	    0.0	    00000000     00000000	   1	[      1]
205   	0     	      9	   NeutSmallDark	    409.1367	   2464.84	    0.0	    00000000     00000000	   1	[      6]
206   	0     	      6	  NegLargeBright	    411.1680	   2031.25	    0.0	    00000000     00000000	   1	[      3]
207   	0     	      8	   NeutLargeDark	    413.3320	   2164.06	    0.0	    00000000     00000000	   1	[      5]
208   	0     	     15	     condition15	    415.6484	   2316.41	    0.0	    00000000     00000000	   1	[       ]
209   	0     	      2	      condition2	    416.3594	    710.94	    0.0	    00000000     00000000	   1	[       ]
210   	0     	      4	    NegLargeDark	    417.9688	   1609.38	    0.0	    00000000     00000000	   1	[      1]
211   	0     	     10	 NeutLargeBright	    420.1953	   2226.56	    0.0	    00000000     00000000	   1	[      7]
212   	0     	      4	    NegLargeDark	    422.3477	   2152.34	    0.0	    00000000     00000000	   1	[      1]
213   	0     	     10	 NeutLargeBright	    424.4727	   2125.00	    0.0	    00000000     00000000	   1	[      7]
214   	0     	      8	   NeutLargeDark	    426.6758	   2203.12	    0.0	    00000000     00000000	   1	[      5]
215   	0     	     11	 NeutSmallBright	    428.7891	   2113.28	    0.0	    00000000     00000000	   1	[      8]
216   	0     	      8	   NeutLargeDark	    431.0547	   2265.62	    0.0	    00000000     00000000	   1	[      5]
217   	0     	     11	 NeutSmallBright	    433.3867	   2332.03	    0.0	    00000000     00000000	   1	[      8]
218   	0     	      5	    NegSmallDark	    435.4609	   2074.22	    0.0	    00000000     00000000	   1	[      2]
219   	0     	     12	     condition12	    437.5352	   2074.22	    0.0	    00000000     00000000	   1	[       ]
220   	0     	      2	      condition2	    438.1250	    589.84	    0.0	    00000000     00000000	   1	[       ]
221   	0     	      5	    NegSmallDark	    439.9180	   1792.97	    0.0	    00000000     00000000	   1	[      2]
222   	0     	      8	   NeutLargeDark	    442.4336	   2515.62	    0.0	    00000000     00000000	   1	[      5]
223   	0     	     14	     condition14	    444.5977	   2164.06	    0.0	    00000000     00000000	   1	[       ]
224   	0     	      2	      condition2	    445.2031	    605.47	    0.0	    00000000     00000000	   1	[       ]
225   	0     	     10	 NeutLargeBright	    446.8711	   1667.97	    0.0	    00000000     00000000	   1	[      7]
226   	0     	      5	    NegSmallDark	    449.1055	   2234.38	    0.0	    00000000     00000000	   1	[      2]
227   	0     	      7	  NegSmallBright	    451.2109	   2105.47	    0.0	    00000000     00000000	   1	[      4]
228   	0     	     13	     condition13	    453.4531	   2242.19	    0.0	    00000000     00000000	   1	[       ]
229   	0     	      2	      condition2	    454.0820	    628.91	    0.0	    00000000     00000000	   1	[       ]
230   	0     	      8	   NeutLargeDark	    455.5273	   1445.31	    0.0	    00000000     00000000	   1	[      5]
231   	0     	      9	   NeutSmallDark	    457.9609	   2433.59	    0.0	    00000000     00000000	   1	[      6]
232   	0     	      7	  NegSmallBright	    460.0039	   2042.97	    0.0	    00000000     00000000	   1	[      4]
233   	0     	      5	    NegSmallDark	    462.0664	   2062.50	    0.0	    00000000     00000000	   1	[      2]
234   	0     	      7	  NegSmallBright	    464.2617	   2195.31	    0.0	    00000000     00000000	   1	[      4]
235   	0     	      8	   NeutLargeDark	    466.4648	   2203.12	    0.0	    00000000     00000000	   1	[      5]
236   	0     	     13	     condition13	    468.6094	   2144.53	    0.0	    00000000     00000000	   1	[       ]
237   	0     	      2	      condition2	    469.1758	    566.41	    0.0	    00000000     00000000	   1	[       ]
238   	0     	      7	  NegSmallBright	    470.9023	   1726.56	    0.0	    00000000     00000000	   1	[      4]
239   	0     	      7	  NegSmallBright	    472.9375	   2035.16	    0.0	    00000000     00000000	   1	[      4]
240   	0     	     11	 NeutSmallBright	    475.0508	   2113.28	    0.0	    00000000     00000000	   1	[      8]
241   	0     	      7	  NegSmallBright	    477.4844	   2433.59	    0.0	    00000000     00000000	   1	[      4]
242   	0     	      9	   NeutSmallDark	    480.2500	   2765.62	    0.0	    00000000     00000000	   1	[      6]
243   	0     	      4	    NegLargeDark	    482.7070	   2457.03	    0.0	    00000000     00000000	   1	[      1]
244   	0     	      5	    NegSmallDark	    484.8594	   2152.34	    0.0	    00000000     00000000	   1	[      2]
245   	0     	     10	 NeutLargeBright	    487.0938	   2234.38	    0.0	    00000000     00000000	   1	[      7]
246   	0     	      5	    NegSmallDark	    489.5664	   2472.66	    0.0	    00000000     00000000	   1	[      2]
247   	0     	     10	 NeutLargeBright	    491.8125	   2246.09	    0.0	    00000000     00000000	   1	[      7]
248   	0     	     12	     condition12	    494.0547	   2242.19	    0.0	    00000000     00000000	   1	[       ]
249   	0     	      2	      condition2	    494.6602	    605.47	    0.0	    00000000     00000000	   1	[       ]
250   	0     	      6	  NegLargeBright	    496.4609	   1800.78	    0.0	    00000000     00000000	   1	[      3]
251   	0     	     15	     condition15	    498.6445	   2183.59	    0.0	    00000000     00000000	   1	[       ]
252   	0     	      2	      condition2	    499.4297	    785.16	    0.0	    00000000     00000000	   1	[       ]
253   	0     	      8	   NeutLargeDark	    500.9492	   1519.53	    0.0	    00000000     00000000	   1	[      5]
254   	0     	      6	  NegLargeBright	    503.0703	   2121.09	    0.0	    00000000     00000000	   1	[      3]
255   	0     	      9	   NeutSmallDark	    505.3555	   2285.16	    0.0	    00000000     00000000	   1	[      6]
256   	0     	     11	 NeutSmallBright	    507.4688	   2113.28	    0.0	    00000000     00000000	   1	[      8]
257   	0     	      4	    NegLargeDark	    509.5039	   2035.16	    0.0	    00000000     00000000	   1	[      1]
258   	0     	     10	 NeutLargeBright	    511.9492	   2445.31	    0.0	    00000000     00000000	   1	[      7]
259   	0     	      8	   NeutLargeDark	    514.0195	   2070.31	    0.0	    00000000     00000000	   1	[      5]
260   	0     	      4	    NegLargeDark	    516.3164	   2296.88	    0.0	    00000000     00000000	   1	[      1]
261   	0     	      6	  NegLargeBright	    518.5078	   2191.41	    0.0	    00000000     00000000	   1	[      3]
262   	0     	     10	 NeutLargeBright	    520.8047	   2296.88	    0.0	    00000000     00000000	   1	[      7]
263   	0     	      9	   NeutSmallDark	    523.1875	   2382.81	    0.0	    00000000     00000000	   1	[      6]
264   	0     	      5	    NegSmallDark	    525.6523	   2464.84	    0.0	    00000000     00000000	   1	[      2]
265   	0     	      9	   NeutSmallDark	    528.0742	   2421.88	    0.0	    00000000     00000000	   1	[      6]
266   	0     	      6	  NegLargeBright	    530.1289	   2054.69	    0.0	    00000000     00000000	   1	[      3]
267   	0     	     14	     condition14	    532.6445	   2515.62	    0.0	    00000000     00000000	   1	[       ]
268   	0     	      2	      condition2	    533.2773	    632.81	    0.0	    00000000     00000000	   1	[       ]
269   	0     	      8	   NeutLargeDark	    535.0977	   1820.31	    0.0	    00000000     00000000	   1	[      5]
270   	0     	      4	    NegLargeDark	    537.1719	   2074.22	    0.0	    00000000     00000000	   1	[      1]
271   	0     	     11	 NeutSmallBright	    539.2344	   2062.50	    0.0	    00000000     00000000	   1	[      8]
272   	0     	      7	  NegSmallBright	    541.5898	   2355.47	    0.0	    00000000     00000000	   1	[      4]
273   	0     	      7	  NegSmallBright	    543.8945	   2304.69	    0.0	    00000000     00000000	   1	[      4]
274   	0     	      4	    NegLargeDark	    546.1484	   2253.91	    0.0	    00000000     00000000	   1	[      1]
275   	0     	      8	   NeutLargeDark	    548.5703	   2421.88	    0.0	    00000000     00000000	   1	[      5]
276   	0     	      6	  NegLargeBright	    550.7344	   2164.06	    0.0	    00000000     00000000	   1	[      3]
277   	0     	      5	    NegSmallDark	    552.8086	   2074.22	    0.0	    00000000     00000000	   1	[      2]
278   	0     	     10	 NeutLargeBright	    554.8828	   2074.22	    0.0	    00000000     00000000	   1	[      7]
279   	0     	      5	    NegSmallDark	    557.0664	   2183.59	    0.0	    00000000     00000000	   1	[      2]
280   	0     	      6	  NegLargeBright	    559.3594	   2292.97	    0.0	    00000000     00000000	   1	[      3]
281   	0     	      7	  NegSmallBright	    561.8047	   2445.31	    0.0	    00000000     00000000	   1	[      4]
282   	0     	      9	   NeutSmallDark	    564.0586	   2253.91	    0.0	    00000000     00000000	   1	[      6]
283   	0     	      9	   NeutSmallDark	    566.4023	   2343.75	    0.0	    00000000     00000000	   1	[      6]
284   	0     	      7	  NegSmallBright	    568.8164	   2414.06	    0.0	    00000000     00000000	   1	[      4]
285   	0     	     13	     condition13	    571.1719	   2355.47	    0.0	    00000000     00000000	   1	[       ]
286   	0     	      2	      condition2	    571.7344	    562.50	    0.0	    00000000     00000000	   1	[       ]
287   	0     	     11	 NeutSmallBright	    573.5742	   1839.84	    0.0	    00000000     00000000	   1	[      8]
288   	0     	      6	  NegLargeBright	    575.7812	   2207.03	    0.0	    00000000     00000000	   1	[      3]
289   	0     	     10	 NeutLargeBright	    577.8633	   2082.03	    0.0	    00000000     00000000	   1	[      7]
290   	0     	      4	    NegLargeDark	    580.3789	   2515.62	    0.0	    00000000     00000000	   1	[      1]
291   	0     	      4	    NegLargeDark	    582.7227	   2343.75	    0.0	    00000000     00000000	   1	[      1]
292   	0     	      6	  NegLargeBright	    585.1680	   2445.31	    0.0	    00000000     00000000	   1	[      3]
293   	0     	      8	   NeutLargeDark	    587.5508	   2382.81	    0.0	    00000000     00000000	   1	[      5]
294   	0     	     12	     condition12	    589.9531	   2402.34	    0.0	    00000000     00000000	   1	[       ]
295   	0     	      2	      condition2	    590.5664	    613.28	    0.0	    00000000     00000000	   1	[       ]
296   	0     	     14	     condition14	    592.3281	   1761.72	    0.0	    00000000     00000000	   1	[       ]
297   	0     	      2	      condition2	    593.0508	    722.66	    0.0	    00000000     00000000	   1	[       ]
298   	0     	      8	   NeutLargeDark	    594.5820	   1531.25	    0.0	    00000000     00000000	   1	[      5]
299   	0     	     13	     condition13	    596.6758	   2093.75	    0.0	    00000000     00000000	   1	[       ]
300   	0     	      2	      condition2	    597.2266	    550.78	    0.0	    00000000     00000000	   1	[       ]
301   	0     	     10	 NeutLargeBright	    598.9297	   1703.12	    0.0	    00000000     00000000	   1	[      7]
302   	0     	     10	 NeutLargeBright	    601.1055	   2175.78	    0.0	    00000000     00000000	   1	[      7]
303   	0     	     11	 NeutSmallBright	    603.3789	   2273.44	    0.0	    00000000     00000000	   1	[      8]
304   	0     	      7	  NegSmallBright	    605.8008	   2421.88	    0.0	    00000000     00000000	   1	[      4]
305   	0     	      6	  NegLargeBright	    607.8477	   2046.88	    0.0	    00000000     00000000	   1	[      3]
306   	0     	      7	  NegSmallBright	    610.1484	   2300.78	    0.0	    00000000     00000000	   1	[      4]
307   	0     	      7	  NegSmallBright	    612.3320	   2183.59	    0.0	    00000000     00000000	   1	[      4]
308   	0     	      5	    NegSmallDark	    614.4766	   2144.53	    0.0	    00000000     00000000	   1	[      2]
309   	0     	     10	 NeutLargeBright	    616.6133	   2136.72	    0.0	    00000000     00000000	   1	[      7]
310   	0     	     10	 NeutLargeBright	    619.0352	   2421.88	    0.0	    00000000     00000000	   1	[      7]
311   	0     	      5	    NegSmallDark	    621.5312	   2496.09	    0.0	    00000000     00000000	   1	[      2]
312   	0     	      4	    NegLargeDark	    623.7148	   2183.59	    0.0	    00000000     00000000	   1	[      1]
313   	0     	      6	  NegLargeBright	    625.9062	   2191.41	    0.0	    00000000     00000000	   1	[      3]
314   	0     	     11	 NeutSmallBright	    628.1328	   2226.56	    0.0	    00000000     00000000	   1	[      8]
315   	0     	      7	  NegSmallBright	    630.4648	   2332.03	    0.0	    00000000     00000000	   1	[      4]
316   	0     	      7	  NegSmallBright	    632.5703	   2105.47	    0.0	    00000000     00000000	   1	[      4]
317   	0     	      6	  NegLargeBright	    634.6641	   2093.75	    0.0	    00000000     00000000	   1	[      3]
318   	0     	      6	  NegLargeBright	    637.1484	   2484.38	    0.0	    00000000     00000000	   1	[      3]
319   	0     	     14	     condition14	    640.5547	   3406.25	    0.0	    00000000     00000000	   1	[       ]
320   	0     	      2	      condition2	    641.1680	    613.28	    0.0	    00000000     00000000	   1	[       ]
321   	0     	     10	 NeutLargeBright	    642.6094	   1441.41	    0.0	    00000000     00000000	   1	[      7]
322   	0     	      4	    NegLargeDark	    644.7930	   2183.59	    0.0	    00000000     00000000	   1	[      1]
323   	0     	      6	  NegLargeBright	    646.8867	   2093.75	    0.0	    00000000     00000000	   1	[      3]
324   	0     	     10	 NeutLargeBright	    649.0508	   2164.06	    0.0	    00000000     00000000	   1	[      7]
325   	0     	     15	     condition15	    651.2227	   2171.88	    0.0	    00000000     00000000	   1	[       ]
326   	0     	      2	      condition2	    651.8555	    632.81	    0.0	    00000000     00000000	   1	[       ]
327   	0     	      5	    NegSmallDark	    653.3281	   1472.66	    0.0	    00000000     00000000	   1	[      2]
328   	0     	      7	  NegSmallBright	    655.8008	   2472.66	    0.0	    00000000     00000000	   1	[      4]
329   	0     	      5	    NegSmallDark	    658.2070	   2406.25	    0.0	    00000000     00000000	   1	[      2]
330   	0     	      6	  NegLargeBright	    660.5117	   2304.69	    0.0	    00000000     00000000	   1	[      3]
331   	0     	     11	 NeutSmallBright	    662.5938	   2082.03	    0.0	    00000000     00000000	   1	[      8]
332   	0     	     13	     condition13	    664.8984	   2304.69	    0.0	    00000000     00000000	   1	[       ]
333   	0     	      2	      condition2	    665.4297	    531.25	    0.0	    00000000     00000000	   1	[       ]
334   	0     	      5	    NegSmallDark	    667.1406	   1710.94	    0.0	    00000000     00000000	   1	[      2]
335   	0     	      9	   NeutSmallDark	    669.4453	   2304.69	    0.0	    00000000     00000000	   1	[      6]
336   	0     	      5	    NegSmallDark	    671.5000	   2054.69	    0.0	    00000000     00000000	   1	[      2]
337   	0     	     15	     condition15	    673.5547	   2054.69	    0.0	    00000000     00000000	   1	[       ]
338   	0     	      2	      condition2	    674.4492	    894.53	    0.0	    00000000     00000000	   1	[       ]
339   	0     	      7	  NegSmallBright	    675.5977	   1148.44	    0.0	    00000000     00000000	   1	[      4]
340   	0     	      2	      condition2	    676.0195	    421.88	    0.0	    00000000     00000000	   1	[       ]
341   	0     	      4	    NegLargeDark	    677.8906	   1871.09	    0.0	    00000000     00000000	   1	[      1]
342   	0     	      7	  NegSmallBright	    679.9648	   2074.22	    0.0	    00000000     00000000	   1	[      4]
343   	0     	      5	    NegSmallDark	    682.2578	   2292.97	    0.0	    00000000     00000000	   1	[      2]
344   	0     	      5	    NegSmallDark	    684.4023	   2144.53	    0.0	    00000000     00000000	   1	[      2]
345   	0     	     11	 NeutSmallBright	    686.5664	   2164.06	    0.0	    00000000     00000000	   1	[      8]
346   	0     	     10	 NeutLargeBright	    689.0117	   2445.31	    0.0	    00000000     00000000	   1	[      7]
347   	0     	      4	    NegLargeDark	    691.3555	   2343.75	    0.0	    00000000     00000000	   1	[      1]
348   	0     	      9	   NeutSmallDark	    693.5898	   2234.38	    0.0	    00000000     00000000	   1	[      6]
349   	0     	      5	    NegSmallDark	    695.6523	   2062.50	    0.0	    00000000     00000000	   1	[      2]
350   	0     	      9	   NeutSmallDark	    697.9648	   2312.50	    0.0	    00000000     00000000	   1	[      6]
351   	0     	      5	    NegSmallDark	    700.4297	   2464.84	    0.0	    00000000     00000000	   1	[      2]
352   	0     	      7	  NegSmallBright	    702.6055	   2175.78	    0.0	    00000000     00000000	   1	[      4]
353   	0     	      5	    NegSmallDark	    705.0078	   2402.34	    0.0	    00000000     00000000	   1	[      2]
354   	0     	      9	   NeutSmallDark	    707.1719	   2164.06	    0.0	    00000000     00000000	   1	[      6]
355   	0     	      4	    NegLargeDark	    709.4766	   2304.69	    0.0	    00000000     00000000	   1	[      1]
356   	0     	      6	  NegLargeBright	    711.8906	   2414.06	    0.0	    00000000     00000000	   1	[      3]
357   	0     	      4	    NegLargeDark	    713.9336	   2042.97	    0.0	    00000000     00000000	   1	[      1]
358   	0     	     10	 NeutLargeBright	    716.3594	   2425.78	    0.0	    00000000     00000000	   1	[      7]
359   	0     	      5	    NegSmallDark	    718.8125	   2453.12	    0.0	    00000000     00000000	   1	[      2]
360   	0     	     14	     condition14	    720.9180	   2105.47	    0.0	    00000000     00000000	   1	[       ]
361   	0     	      2	      condition2	    721.5234	    605.47	    0.0	    00000000     00000000	   1	[       ]
362   	0     	     10	 NeutLargeBright	    723.1992	   1675.78	    0.0	    00000000     00000000	   1	[      7]
363   	0     	      7	  NegSmallBright	    725.3750	   2175.78	    0.0	    00000000     00000000	   1	[      4]
364   	0     	      8	   NeutLargeDark	    727.8203	   2445.31	    0.0	    00000000     00000000	   1	[      5]
365   	0     	      7	  NegSmallBright	    730.0625	   2242.19	    0.0	    00000000     00000000	   1	[      4]
366   	0     	     11	 NeutSmallBright	    732.3359	   2273.44	    0.0	    00000000     00000000	   1	[      8]
367   	0     	     12	     condition12	    734.4922	   2156.25	    0.0	    00000000     00000000	   1	[       ]
368   	0     	      2	      condition2	    735.0469	    554.69	    0.0	    00000000     00000000	   1	[       ]
369   	0     	      4	    NegLargeDark	    736.7461	   1699.22	    0.0	    00000000     00000000	   1	[      1]
370   	0     	      6	  NegLargeBright	    739.1680	   2421.88	    0.0	    00000000     00000000	   1	[      3]
371   	0     	      8	   NeutLargeDark	    741.6836	   2515.62	    0.0	    00000000     00000000	   1	[      5]
372   	0     	     14	     condition14	    744.0078	   2324.22	    0.0	    00000000     00000000	   1	[       ]
373   	0     	      2	      condition2	    744.5039	    496.09	    0.0	    00000000     00000000	   1	[       ]
374   	0     	     12	     condition12	    746.0703	   1566.41	    0.0	    00000000     00000000	   1	[       ]
375   	0     	      2	      condition2	    746.5898	    519.53	    0.0	    00000000     00000000	   1	[       ]
376   	0     	      6	  NegLargeBright	    748.5664	   1976.56	    0.0	    00000000     00000000	   1	[      3]
377   	0     	      5	    NegSmallDark	    750.7695	   2203.12	    0.0	    00000000     00000000	   1	[      2]
378   	0     	      7	  NegSmallBright	    753.1445	   2375.00	    0.0	    00000000     00000000	   1	[      4]
379   	0     	     11	 NeutSmallBright	    755.5781	   2433.59	    0.0	    00000000     00000000	   1	[      8]
380   	0     	     13	     condition13	    758.0938	   2515.62	    0.0	    00000000     00000000	   1	[       ]
381   	0     	      2	      condition2	    758.6914	    597.66	    0.0	    00000000     00000000	   1	[       ]
382   	0     	      8	   NeutLargeDark	    760.4883	   1796.88	    0.0	    00000000     00000000	   1	[      5]
383   	0     	      5	    NegSmallDark	    762.5195	   2031.25	    0.0	    00000000     00000000	   1	[      2]
384   	0     	      6	  NegLargeBright	    764.7031	   2183.59	    0.0	    00000000     00000000	   1	[      3]
385   	0     	      6	  NegLargeBright	    767.0078	   2304.69	    0.0	    00000000     00000000	   1	[      3]
386   	0     	     10	 NeutLargeBright	    769.0703	   2062.50	    0.0	    00000000     00000000	   1	[      7]
387   	0     	      8	   NeutLargeDark	    771.4375	   2367.19	    0.0	    00000000     00000000	   1	[      5]
388   	0     	     10	 NeutLargeBright	    773.7500	   2312.50	    0.0	    00000000     00000000	   1	[      7]
389   	0     	      6	  NegLargeBright	    775.8750	   2125.00	    0.0	    00000000     00000000	   1	[      3]
390   	0     	     15	     condition15	    777.9883	   2113.28	    0.0	    00000000     00000000	   1	[       ]
391   	0     	      2	      condition2	    778.9688	    980.47	    0.0	    00000000     00000000	   1	[       ]
392   	0     	      7	  NegSmallBright	    780.0312	   1062.50	    0.0	    00000000     00000000	   1	[      4]
393   	0     	      4	    NegLargeDark	    782.3242	   2292.97	    0.0	    00000000     00000000	   1	[      1]
394   	0     	     10	 NeutLargeBright	    784.6992	   2375.00	    0.0	    00000000     00000000	   1	[      7]
395   	0     	      4	    NegLargeDark	    787.0625	   2363.28	    0.0	    00000000     00000000	   1	[      1]
396   	0     	     10	 NeutLargeBright	    789.4062	   2343.75	    0.0	    00000000     00000000	   1	[      7]
397   	0     	      8	   NeutLargeDark	    791.6523	   2246.09	    0.0	    00000000     00000000	   1	[      5]
398   	0     	      7	  NegSmallBright	    793.8750	   2222.66	    0.0	    00000000     00000000	   1	[      4]
399   	0     	      8	   NeutLargeDark	    796.0703	   2195.31	    0.0	    00000000     00000000	   1	[      5]
400   	0     	      2	      condition2	    796.6289	    558.59	    0.0	    00000000     00000000	   1	[       ]
401   	0     	    253	              ""	    798.6562	   2027.34	    0.0	    00000000     00000000	   1	[       ]
402   	0     	      7	  NegSmallBright	    799.6523	    996.09	    0.0	    00000000     00000000	   1	[      4]
403   	0     	      4	    NegLargeDark	    802.1367	   2484.38	    0.0	    00000000     00000000	   1	[      1]
404   	0     	      4	    NegLargeDark	    804.5508	   2414.06	    0.0	    00000000     00000000	   1	[      1]
405   	0     	     11	 NeutSmallBright	    806.6172	   2066.41	    0.0	    00000000     00000000	   1	[      8]
406   	0     	      7	  NegSmallBright	    808.9180	   2300.78	    0.0	    00000000     00000000	   1	[      4]
407   	0     	      5	    NegSmallDark	    811.0117	   2093.75	    0.0	    00000000     00000000	   1	[      2]
408   	0     	      4	    NegLargeDark	    813.4883	   2476.56	    0.0	    00000000     00000000	   1	[      1]
409   	0     	      5	    NegSmallDark	    815.6602	   2171.88	    0.0	    00000000     00000000	   1	[      2]
410   	0     	      9	   NeutSmallDark	    817.8359	   2175.78	    0.0	    00000000     00000000	   1	[      6]
411   	0     	      8	   NeutLargeDark	    819.9102	   2074.22	    0.0	    00000000     00000000	   1	[      5]
412   	0     	      8	   NeutLargeDark	    822.1328	   2222.66	    0.0	    00000000     00000000	   1	[      5]
413   	0     	      5	    NegSmallDark	    824.6367	   2503.91	    0.0	    00000000     00000000	   1	[      2]
414   	0     	     13	     condition13	    826.8828	   2246.09	    0.0	    00000000     00000000	   1	[       ]
415   	0     	      2	      condition2	    827.4609	    578.12	    0.0	    00000000     00000000	   1	[       ]
416   	0     	     12	     condition12	    828.9453	   1484.38	    0.0	    00000000     00000000	   1	[       ]
417   	0     	      2	      condition2	    829.3828	    437.50	    0.0	    00000000     00000000	   1	[       ]
418   	0     	      8	   NeutLargeDark	    831.2695	   1886.72	    0.0	    00000000     00000000	   1	[      5]
419   	0     	     15	     condition15	    833.4219	   2152.34	    0.0	    00000000     00000000	   1	[       ]
420   	0     	      2	      condition2	    834.1797	    757.81	    0.0	    00000000     00000000	   1	[       ]
421   	0     	     12	     condition12	    835.6875	   1507.81	    0.0	    00000000     00000000	   1	[       ]
422   	0     	      2	      condition2	    836.2227	    535.16	    0.0	    00000000     00000000	   1	[       ]
423   	0     	      4	    NegLargeDark	    838.0195	   1796.88	    0.0	    00000000     00000000	   1	[      1]
424   	0     	     15	     condition15	    840.1445	   2125.00	    0.0	    00000000     00000000	   1	[       ]
425   	0     	      2	      condition2	    841.1328	    988.28	    0.0	    00000000     00000000	   1	[       ]
426   	0     	      5	    NegSmallDark	    842.6484	   1515.62	    0.0	    00000000     00000000	   1	[      2]
427   	0     	     14	     condition14	    845.0430	   2394.53	    0.0	    00000000     00000000	   1	[       ]
428   	0     	      2	      condition2	    845.4766	    433.59	    0.0	    00000000     00000000	   1	[       ]
429   	0     	     14	     condition14	    847.2266	   1750.00	    0.0	    00000000     00000000	   1	[       ]
430   	0     	      2	      condition2	    847.7070	    480.47	    0.0	    00000000     00000000	   1	[       ]
431   	0     	      7	  NegSmallBright	    849.5508	   1843.75	    0.0	    00000000     00000000	   1	[      4]
432   	0     	      4	    NegLargeDark	    851.5938	   2042.97	    0.0	    00000000     00000000	   1	[      1]
433   	0     	      4	    NegLargeDark	    854.0977	   2503.91	    0.0	    00000000     00000000	   1	[      1]
434   	0     	      6	  NegLargeBright	    856.1836	   2085.94	    0.0	    00000000     00000000	   1	[      3]
435   	0     	      9	   NeutSmallDark	    858.5078	   2324.22	    0.0	    00000000     00000000	   1	[      6]
436   	0     	      4	    NegLargeDark	    860.7188	   2210.94	    0.0	    00000000     00000000	   1	[      1]
437   	0     	     11	 NeutSmallBright	    862.8242	   2105.47	    0.0	    00000000     00000000	   1	[      8]
438   	0     	     15	     condition15	    864.9766	   2152.34	    0.0	    00000000     00000000	   1	[       ]
439   	0     	      2	      condition2	    865.9688	    992.19	    0.0	    00000000     00000000	   1	[       ]
440   	0     	     10	 NeutLargeBright	    867.3125	   1343.75	    0.0	    00000000     00000000	   1	[      7]
441   	0     	     10	 NeutLargeBright	    869.3867	   2074.22	    0.0	    00000000     00000000	   1	[      7]
442   	0     	      7	  NegSmallBright	    871.6289	   2242.19	    0.0	    00000000     00000000	   1	[      4]
443   	0     	     11	 NeutSmallBright	    873.9336	   2304.69	    0.0	    00000000     00000000	   1	[      8]
444   	0     	     13	     condition13	    876.3867	   2453.12	    0.0	    00000000     00000000	   1	[       ]
445   	0     	      2	      condition2	    876.9102	    523.44	    0.0	    00000000     00000000	   1	[       ]
446   	0     	      9	   NeutSmallDark	    878.6914	   1781.25	    0.0	    00000000     00000000	   1	[      6]
447   	0     	      5	    NegSmallDark	    881.0781	   2386.72	    0.0	    00000000     00000000	   1	[      2]
448   	0     	      6	  NegLargeBright	    883.4805	   2402.34	    0.0	    00000000     00000000	   1	[      3]
449   	0     	      6	  NegLargeBright	    885.6133	   2132.81	    0.0	    00000000     00000000	   1	[      3]
450   	0     	     12	     condition12	    888.0273	   2414.06	    0.0	    00000000     00000000	   1	[       ]
451   	0     	      2	      condition2	    888.6836	    656.25	    0.0	    00000000     00000000	   1	[       ]
452   	0     	      6	  NegLargeBright	    890.2031	   1519.53	    0.0	    00000000     00000000	   1	[      3]
453   	0     	      7	  NegSmallBright	    892.6562	   2453.12	    0.0	    00000000     00000000	   1	[      4]
454   	0     	      8	   NeutLargeDark	    894.8320	   2175.78	    0.0	    00000000     00000000	   1	[      5]
455   	0     	      6	  NegLargeBright	    897.2656	   2433.59	    0.0	    00000000     00000000	   1	[      3]
456   	0     	      8	   NeutLargeDark	    899.3203	   2054.69	    0.0	    00000000     00000000	   1	[      5]
457   	0     	      6	  NegLargeBright	    901.5117	   2191.41	    0.0	    00000000     00000000	   1	[      3]
458   	0     	      7	  NegSmallBright	    903.8750	   2363.28	    0.0	    00000000     00000000	   1	[      4]
459   	0     	      7	  NegSmallBright	    906.1719	   2296.88	    0.0	    00000000     00000000	   1	[      4]
460   	0     	      9	   NeutSmallDark	    908.3945	   2222.66	    0.0	    00000000     00000000	   1	[      6]
461   	0     	     15	     condition15	    910.8594	   2464.84	    0.0	    00000000     00000000	   1	[       ]
462   	0     	      2	      condition2	    911.5430	    683.59	    0.0	    00000000     00000000	   1	[       ]
463   	0     	      8	   NeutLargeDark	    913.3945	   1851.56	    0.0	    00000000     00000000	   1	[      5]
464   	0     	      6	  NegLargeBright	    915.8984	   2503.91	    0.0	    00000000     00000000	   1	[      3]
465   	0     	      9	   NeutSmallDark	    918.4102	   2511.72	    0.0	    00000000     00000000	   1	[      6]
466   	0     	     11	 NeutSmallBright	    920.4844	   2074.22	    0.0	    00000000     00000000	   1	[      8]
467   	0     	      9	   NeutSmallDark	    922.6289	   2144.53	    0.0	    00000000     00000000	   1	[      6]
468   	0     	     11	 NeutSmallBright	    925.1250	   2496.09	    0.0	    00000000     00000000	   1	[      8]
469   	0     	      6	  NegLargeBright	    927.3281	   2203.12	    0.0	    00000000     00000000	   1	[      3]
470   	0     	      9	   NeutSmallDark	    929.5312	   2203.12	    0.0	    00000000     00000000	   1	[      6]
471   	0     	     11	 NeutSmallBright	    931.9844	   2453.12	    0.0	    00000000     00000000	   1	[      8]
472   	0     	     10	 NeutLargeBright	    934.5000	   2515.62	    0.0	    00000000     00000000	   1	[      7]
473   	0     	     11	 NeutSmallBright	    936.7930	   2292.97	    0.0	    00000000     00000000	   1	[      8]
474   	0     	      9	   NeutSmallDark	    939.2969	   2503.91	    0.0	    00000000     00000000	   1	[      6]
475   	0     	      4	    NegLargeDark	    941.8125	   2515.62	    0.0	    00000000     00000000	   1	[      1]
476   	0     	     10	 NeutLargeBright	    944.1484	   2335.94	    0.0	    00000000     00000000	   1	[      7]
477   	0     	      9	   NeutSmallDark	    946.2227	   2074.22	    0.0	    00000000     00000000	   1	[      6]
478   	0     	      7	  NegSmallBright	    948.3633	   2140.62	    0.0	    00000000     00000000	   1	[      4]
479   	0     	     10	 NeutLargeBright	    950.7695	   2406.25	    0.0	    00000000     00000000	   1	[      7]
480   	0     	     11	 NeutSmallBright	    952.9531	   2183.59	    0.0	    00000000     00000000	   1	[      8]
481   	0     	      5	    NegSmallDark	    955.2773	   2324.22	    0.0	    00000000     00000000	   1	[      2]
482   	0     	      9	   NeutSmallDark	    957.3516	   2074.22	    0.0	    00000000     00000000	   1	[      6]
483   	0     	    253	              ""	    959.1250	   1773.44	    0.0	    00000000     00000000	   1	[       ]
484   	0     	      4	    NegLargeDark	    960.1328	   1007.81	    0.0	    00000000     00000000	   1	[      1]
485   	0     	      8	   NeutLargeDark	    962.4766	   2343.75	    0.0	    00000000     00000000	   1	[      5]
486   	0     	      9	   NeutSmallDark	    964.8320	   2355.47	    0.0	    00000000     00000000	   1	[      6]
487   	0     	      5	    NegSmallDark	    966.8945	   2062.50	    0.0	    00000000     00000000	   1	[      2]
488   	0     	     11	 NeutSmallBright	    969.1992	   2304.69	    0.0	    00000000     00000000	   1	[      8]
489   	0     	      7	  NegSmallBright	    971.5742	   2375.00	    0.0	    00000000     00000000	   1	[      4]
490   	0     	      6	  NegLargeBright	    974.0469	   2472.66	    0.0	    00000000     00000000	   1	[      3]
491   	0     	      7	  NegSmallBright	    976.2617	   2214.84	    0.0	    00000000     00000000	   1	[      4]
492   	0     	      7	  NegSmallBright	    978.6367	   2375.00	    0.0	    00000000     00000000	   1	[      4]
493   	0     	      6	  NegLargeBright	    981.0703	   2433.59	    0.0	    00000000     00000000	   1	[      3]
494   	0     	     10	 NeutLargeBright	    983.3828	   2312.50	    0.0	    00000000     00000000	   1	[      7]
495   	0     	      5	    NegSmallDark	    985.5469	   2164.06	    0.0	    00000000     00000000	   1	[      2]
496   	0     	      4	    NegLargeDark	    987.8398	   2292.97	    0.0	    00000000     00000000	   1	[      1]
497   	0     	     14	     condition14	    990.1445	   2304.69	    0.0	    00000000     00000000	   1	[       ]
498   	0     	      2	      condition2	    990.8086	    664.06	    0.0	    00000000     00000000	   1	[       ]
499   	0     	      8	   NeutLargeDark	    992.6484	   1839.84	    0.0	    00000000     00000000	   1	[      5]
500   	0     	      6	  NegLargeBright	    994.8438	   2195.31	    0.0	    00000000     00000000	   1	[      3]
501   	0     	      7	  NegSmallBright	    996.9375	   2093.75	    0.0	    00000000     00000000	   1	[      4]
502   	0     	     13	     condition13	    999.1016	   2164.06	    0.0	    00000000     00000000	   1	[       ]
503   	0     	      2	      condition2	    999.6875	    585.94	    0.0	    00000000     00000000	   1	[       ]
504   	0     	      5	    NegSmallDark	   1001.4648	   1777.34	    0.0	    00000000     00000000	   1	[      2]
505   	0     	      5	    NegSmallDark	   1003.8477	   2382.81	    0.0	    00000000     00000000	   1	[      2]
506   	0     	     14	     condition14	   1006.0234	   2175.78	    0.0	    00000000     00000000	   1	[       ]
507   	0     	      2	      condition2	   1006.5742	    550.78	    0.0	    00000000     00000000	   1	[       ]
508   	0     	     12	     condition12	   1008.0781	   1503.91	    0.0	    00000000     00000000	   1	[       ]
509   	0     	      2	      condition2	   1008.7578	    679.69	    0.0	    00000000     00000000	   1	[       ]
510   	0     	      4	    NegLargeDark	   1010.1484	   1390.62	    0.0	    00000000     00000000	   1	[      1]
511   	0     	     10	 NeutLargeBright	   1012.4844	   2335.94	    0.0	    00000000     00000000	   1	[      7]
512   	0     	     12	     condition12	   1014.6289	   2144.53	    0.0	    00000000     00000000	   1	[       ]
513   	0     	      2	      condition2	   1015.2109	    582.03	    0.0	    00000000     00000000	   1	[       ]
514   	0     	      7	  NegSmallBright	   1016.9023	   1691.41	    0.0	    00000000     00000000	   1	[      4]
515   	0     	     15	     condition15	   1019.2344	   2332.03	    0.0	    00000000     00000000	   1	[       ]
516   	0     	      2	      condition2	   1020.1484	    914.06	    0.0	    00000000     00000000	   1	[       ]
517   	0     	      8	   NeutLargeDark	   1021.7500	   1601.56	    0.0	    00000000     00000000	   1	[      5]
518   	0     	     11	 NeutSmallBright	   1024.1133	   2363.28	    0.0	    00000000     00000000	   1	[      8]
519   	0     	     14	     condition14	   1026.2383	   2125.00	    0.0	    00000000     00000000	   1	[       ]
520   	0     	      2	      condition2	   1026.7695	    531.25	    0.0	    00000000     00000000	   1	[       ]
521   	0     	      7	  NegSmallBright	   1028.6328	   1863.28	    0.0	    00000000     00000000	   1	[      4]
522   	0     	      8	   NeutLargeDark	   1030.9375	   2304.69	    0.0	    00000000     00000000	   1	[      5]
523   	0     	      8	   NeutLargeDark	   1033.3398	   2402.34	    0.0	    00000000     00000000	   1	[      5]
524   	0     	      7	  NegSmallBright	   1035.8555	   2515.62	    0.0	    00000000     00000000	   1	[      4]
525   	0     	      9	   NeutSmallDark	   1038.0195	   2164.06	    0.0	    00000000     00000000	   1	[      6]
526   	0     	      4	    NegLargeDark	   1040.2227	   2203.12	    0.0	    00000000     00000000	   1	[      1]
527   	0     	      9	   NeutSmallDark	   1042.3984	   2175.78	    0.0	    00000000     00000000	   1	[      6]
528   	0     	     12	     condition12	   1044.9297	   2531.25	    0.0	    00000000     00000000	   1	[       ]
529   	0     	      2	      condition2	   1045.4531	    523.44	    0.0	    00000000     00000000	   1	[       ]
530   	0     	      8	   NeutLargeDark	   1047.3242	   1871.09	    0.0	    00000000     00000000	   1	[      5]
531   	0     	      6	  NegLargeBright	   1049.6914	   2367.19	    0.0	    00000000     00000000	   1	[      3]
532   	0     	      4	    NegLargeDark	   1051.8516	   2160.16	    0.0	    00000000     00000000	   1	[      1]
533   	0     	     11	 NeutSmallBright	   1054.0781	   2226.56	    0.0	    00000000     00000000	   1	[      8]
534   	0     	      8	   NeutLargeDark	   1056.5117	   2433.59	    0.0	    00000000     00000000	   1	[      5]
535   	0     	     10	 NeutLargeBright	   1058.6641	   2152.34	    0.0	    00000000     00000000	   1	[      7]
536   	0     	     14	     condition14	   1060.7305	   2066.41	    0.0	    00000000     00000000	   1	[       ]
537   	0     	      2	      condition2	   1061.3086	    578.12	    0.0	    00000000     00000000	   1	[       ]
538   	0     	     10	 NeutLargeBright	   1063.0742	   1765.62	    0.0	    00000000     00000000	   1	[      7]
539   	0     	      8	   NeutLargeDark	   1065.4883	   2414.06	    0.0	    00000000     00000000	   1	[      5]
540   	0     	     11	 NeutSmallBright	   1067.5820	   2093.75	    0.0	    00000000     00000000	   1	[      8]
541   	0     	      8	   NeutLargeDark	   1069.9453	   2363.28	    0.0	    00000000     00000000	   1	[      5]
542   	0     	      4	    NegLargeDark	   1072.1797	   2234.38	    0.0	    00000000     00000000	   1	[      1]
543   	0     	      9	   NeutSmallDark	   1074.2031	   2023.44	    0.0	    00000000     00000000	   1	[      6]
544   	0     	      4	    NegLargeDark	   1076.6562	   2453.12	    0.0	    00000000     00000000	   1	[      1]
545   	0     	     10	 NeutLargeBright	   1078.7109	   2054.69	    0.0	    00000000     00000000	   1	[      7]
546   	0     	      6	  NegLargeBright	   1081.1445	   2433.59	    0.0	    00000000     00000000	   1	[      3]
547   	0     	      5	    NegSmallDark	   1083.6484	   2503.91	    0.0	    00000000     00000000	   1	[      2]
548   	0     	     10	 NeutLargeBright	   1085.7930	   2144.53	    0.0	    00000000     00000000	   1	[      7]
549   	0     	      9	   NeutSmallDark	   1088.0078	   2214.84	    0.0	    00000000     00000000	   1	[      6]
550   	0     	      9	   NeutSmallDark	   1090.0508	   2042.97	    0.0	    00000000     00000000	   1	[      6]
551   	0     	     11	 NeutSmallBright	   1092.4844	   2433.59	    0.0	    00000000     00000000	   1	[      8]
552   	0     	      8	   NeutLargeDark	   1094.8203	   2335.94	    0.0	    00000000     00000000	   1	[      5]
553   	0     	      8	   NeutLargeDark	   1096.9531	   2132.81	    0.0	    00000000     00000000	   1	[      5]
554   	0     	     15	     condition15	   1099.3789	   2425.78	    0.0	    00000000     00000000	   1	[       ]
555   	0     	      4	    NegLargeDark	   1101.5195	   2140.62	    0.0	    00000000     00000000	   1	[      1]
556   	0     	      8	   NeutLargeDark	   1103.9336	   2414.06	    0.0	    00000000     00000000	   1	[      5]
557   	0     	     15	     condition15	   1106.2695	   2335.94	    0.0	    00000000     00000000	   1	[       ]
558   	0     	      2	      condition2	   1106.9062	    636.72	    0.0	    00000000     00000000	   1	[       ]
559   	0     	     14	     condition14	   1108.6641	   1757.81	    0.0	    00000000     00000000	   1	[       ]
560   	0     	      2	      condition2	   1109.2578	    593.75	    0.0	    00000000     00000000	   1	[       ]
561   	0     	     15	     condition15	   1111.0156	   1757.81	    0.0	    00000000     00000000	   1	[       ]
562   	0     	      2	      condition2	   1111.8047	    789.06	    0.0	    00000000     00000000	   1	[       ]
563   	0     	      4	    NegLargeDark	   1113.2812	   1476.56	    0.0	    00000000     00000000	   1	[      1]
564   	0     	      5	    NegSmallDark	   1115.4336	   2152.34	    0.0	    00000000     00000000	   1	[      2]
565   	0     	     12	     condition12	   1117.7891	   2355.47	    0.0	    00000000     00000000	   1	[       ]
566   	0     	      2	      condition2	   1118.2812	    492.19	    0.0	    00000000     00000000	   1	[       ]
567   	0     	    253	              ""	   1119.7812	   1500.00	    0.0	    00000000     00000000	   1	[       ]
568   	0     	      9	   NeutSmallDark	   1120.7773	    996.09	    0.0	    00000000     00000000	   1	[      6]
569   	0     	     11	 NeutSmallBright	   1123.1602	   2382.81	    0.0	    00000000     00000000	   1	[      8]
570   	0     	      6	  NegLargeBright	   1125.6641	   2503.91	    0.0	    00000000     00000000	   1	[      3]
571   	0     	      9	   NeutSmallDark	   1127.7070	   2042.97	    0.0	    00000000     00000000	   1	[      6]
572   	0     	     11	 NeutSmallBright	   1130.0039	   2296.88	    0.0	    00000000     00000000	   1	[      8]
573   	0     	      7	  NegSmallBright	   1132.3477	   2343.75	    0.0	    00000000     00000000	   1	[      4]
574   	0     	     14	     condition14	   1134.4922	   2144.53	    0.0	    00000000     00000000	   1	[       ]
575   	0     	      2	      condition2	   1135.1250	    632.81	    0.0	    00000000     00000000	   1	[       ]
576   	0     	      9	   NeutSmallDark	   1136.6836	   1558.59	    0.0	    00000000     00000000	   1	[      6]
577   	0     	     11	 NeutSmallBright	   1139.0469	   2363.28	    0.0	    00000000     00000000	   1	[      8]
578   	0     	     11	 NeutSmallBright	   1141.4414	   2394.53	    0.0	    00000000     00000000	   1	[      8]
579   	0     	     10	 NeutLargeBright	   1143.6758	   2234.38	    0.0	    00000000     00000000	   1	[      7]
580   	0     	      8	   NeutLargeDark	   1146.1719	   2496.09	    0.0	    00000000     00000000	   1	[      5]
581   	0     	      9	   NeutSmallDark	   1148.5938	   2421.88	    0.0	    00000000     00000000	   1	[      6]
582   	0     	      4	    NegLargeDark	   1151.0312	   2437.50	    0.0	    00000000     00000000	   1	[      1]
583   	0     	     10	 NeutLargeBright	   1153.3047	   2273.44	    0.0	    00000000     00000000	   1	[      7]
584   	0     	      6	  NegLargeBright	   1155.7070	   2402.34	    0.0	    00000000     00000000	   1	[      3]
585   	0     	      9	   NeutSmallDark	   1158.0703	   2363.28	    0.0	    00000000     00000000	   1	[      6]
586   	0     	     11	 NeutSmallBright	   1160.5547	   2484.38	    0.0	    00000000     00000000	   1	[      8]
587   	0     	      6	  NegLargeBright	   1162.7383	   2183.59	    0.0	    00000000     00000000	   1	[      3]
588   	0     	      7	  NegSmallBright	   1164.8555	   2117.19	    0.0	    00000000     00000000	   1	[      4]
589   	0     	     11	 NeutSmallBright	   1167.3398	   2484.38	    0.0	    00000000     00000000	   1	[      8]
590   	0     	     11	 NeutSmallBright	   1169.6133	   2273.44	    0.0	    00000000     00000000	   1	[      8]
591   	0     	      8	   NeutLargeDark	   1171.9062	   2292.97	    0.0	    00000000     00000000	   1	[      5]
592   	0     	     11	 NeutSmallBright	   1174.4219	   2515.62	    0.0	    00000000     00000000	   1	[      8]
593   	0     	     10	 NeutLargeBright	   1176.6758	   2253.91	    0.0	    00000000     00000000	   1	[      7]
594   	0     	     14	     condition14	   1178.7891	   2113.28	    0.0	    00000000     00000000	   1	[       ]
595   	0     	      2	      condition2	   1179.3008	    511.72	    0.0	    00000000     00000000	   1	[       ]
596   	0     	     13	     condition13	   1180.8125	   1511.72	    0.0	    00000000     00000000	   1	[       ]
597   	0     	      2	      condition2	   1181.3867	    574.22	    0.0	    00000000     00000000	   1	[       ]
598   	0     	      5	    NegSmallDark	   1183.2969	   1910.16	    0.0	    00000000     00000000	   1	[      2]
599   	0     	     11	 NeutSmallBright	   1185.4180	   2121.09	    0.0	    00000000     00000000	   1	[      8]
600   	0     	      9	   NeutSmallDark	   1187.7422	   2324.22	    0.0	    00000000     00000000	   1	[      6]
601   	0     	     12	     condition12	   1190.2500	   2507.81	    0.0	    00000000     00000000	   1	[       ]
602   	0     	      2	      condition2	   1190.7695	    519.53	    0.0	    00000000     00000000	   1	[       ]
603   	0     	      7	  NegSmallBright	   1192.5508	   1781.25	    0.0	    00000000     00000000	   1	[      4]
604   	0     	      4	    NegLargeDark	   1195.0664	   2515.62	    0.0	    00000000     00000000	   1	[      1]
605   	0     	      8	   NeutLargeDark	   1197.1094	   2042.97	    0.0	    00000000     00000000	   1	[      5]
606   	0     	      9	   NeutSmallDark	   1199.3828	   2273.44	    0.0	    00000000     00000000	   1	[      6]
607   	0     	      9	   NeutSmallDark	   1201.5586	   2175.78	    0.0	    00000000     00000000	   1	[      6]
608   	0     	      8	   NeutLargeDark	   1203.9414	   2382.81	    0.0	    00000000     00000000	   1	[      5]
609   	0     	      8	   NeutLargeDark	   1206.2969	   2355.47	    0.0	    00000000     00000000	   1	[      5]
610   	0     	      9	   NeutSmallDark	   1208.4922	   2195.31	    0.0	    00000000     00000000	   1	[      6]
611   	0     	     12	     condition12	   1210.6055	   2113.28	    0.0	    00000000     00000000	   1	[       ]
612   	0     	      2	      condition2	   1211.2539	    648.44	    0.0	    00000000     00000000	   1	[       ]
613   	0     	      4	    NegLargeDark	   1213.0781	   1824.22	    0.0	    00000000     00000000	   1	[      1]
614   	0     	      8	   NeutLargeDark	   1215.2422	   2164.06	    0.0	    00000000     00000000	   1	[      5]
615   	0     	     11	 NeutSmallBright	   1217.5352	   2292.97	    0.0	    00000000     00000000	   1	[      8]
616   	0     	      9	   NeutSmallDark	   1219.5586	   2023.44	    0.0	    00000000     00000000	   1	[      6]
617   	0     	      5	    NegSmallDark	   1221.9023	   2343.75	    0.0	    00000000     00000000	   1	[      2]
618   	0     	      7	  NegSmallBright	   1224.0273	   2125.00	    0.0	    00000000     00000000	   1	[      4]
619   	0     	      7	  NegSmallBright	   1226.4805	   2453.12	    0.0	    00000000     00000000	   1	[      4]
620   	0     	      6	  NegLargeBright	   1228.6875	   2207.03	    0.0	    00000000     00000000	   1	[      3]
621   	0     	      9	   NeutSmallDark	   1231.1719	   2484.38	    0.0	    00000000     00000000	   1	[      6]
622   	0     	     11	 NeutSmallBright	   1233.3359	   2164.06	    0.0	    00000000     00000000	   1	[      8]
623   	0     	     15	     condition15	   1235.4180	   2082.03	    0.0	    00000000     00000000	   1	[       ]
624   	0     	      2	      condition2	   1236.3242	    906.25	    0.0	    00000000     00000000	   1	[       ]
625   	0     	      2	      condition2	   1236.5781	    253.91	    0.0	    00000000     00000000	   1	[       ]
626   	0     	     15	     condition15	   1237.7812	   1203.12	    0.0	    00000000     00000000	   1	[       ]
627   	0     	      2	      condition2	   1238.4609	    679.69	    0.0	    00000000     00000000	   1	[       ]
628   	0     	     15	     condition15	   1239.8359	   1375.00	    0.0	    00000000     00000000	   1	[       ]
629   	0     	      2	      condition2	   1240.3555	    519.53	    0.0	    00000000     00000000	   1	[       ]
630   	0     	      9	   NeutSmallDark	   1241.9180	   1562.50	    0.0	    00000000     00000000	   1	[      6]
631   	0     	     13	     condition13	   1244.3945	   2476.56	    0.0	    00000000     00000000	   1	[       ]
632   	0     	      2	      condition2	   1244.9375	    542.97	    0.0	    00000000     00000000	   1	[       ]
633   	0     	     11	 NeutSmallBright	   1246.4375	   1500.00	    0.0	    00000000     00000000	   1	[      8]
634   	0     	     11	 NeutSmallBright	   1248.7812	   2343.75	    0.0	    00000000     00000000	   1	[      8]
635   	0     	      6	  NegLargeBright	   1251.0352	   2253.91	    0.0	    00000000     00000000	   1	[      3]
636   	0     	      8	   NeutLargeDark	   1253.3711	   2335.94	    0.0	    00000000     00000000	   1	[      5]
637   	0     	      5	    NegSmallDark	   1255.7852	   2414.06	    0.0	    00000000     00000000	   1	[      2]
638   	0     	     10	 NeutLargeBright	   1258.0156	   2230.47	    0.0	    00000000     00000000	   1	[      7]
639   	0     	      7	  NegSmallBright	   1260.1719	   2156.25	    0.0	    00000000     00000000	   1	[      4]
640   	0     	     13	     condition13	   1262.4961	   2324.22	    0.0	    00000000     00000000	   1	[       ]
641   	0     	      2	      condition2	   1263.0469	    550.78	    0.0	    00000000     00000000	   1	[       ]
642   	0     	     15	     condition15	   1264.5898	   1542.97	    0.0	    00000000     00000000	   1	[       ]
643   	0     	      2	      condition2	   1265.2305	    640.62	    0.0	    00000000     00000000	   1	[       ]
644   	0     	      4	    NegLargeDark	   1266.9648	   1734.38	    0.0	    00000000     00000000	   1	[      1]
645   	0     	      6	  NegLargeBright	   1269.0469	   2082.03	    0.0	    00000000     00000000	   1	[      3]
646   	0     	     11	 NeutSmallBright	   1271.5430	   2496.09	    0.0	    00000000     00000000	   1	[      8]
647   	0     	      5	    NegSmallDark	   1273.9648	   2421.88	    0.0	    00000000     00000000	   1	[      2]
648   	0     	      4	    NegLargeDark	   1276.1406	   2175.78	    0.0	    00000000     00000000	   1	[      1]
649   	0     	      6	  NegLargeBright	   1278.2422	   2101.56	    0.0	    00000000     00000000	   1	[      3]
