#  Non-editable header begin --------------------------------------------------------------------------------
# 
#  data format...............: continuous
#  setname...................: BDF file
#  filename..................: none_specified
#  filepath..................: none_specified
#  nchan.....................: 64
#  pnts......................: 328704
#  srate.....................: 256
#  nevents...................: 644
#  generated by (bdf)........: 
#  generated by (set)........: BDF file
#  reported in ..............: 
#  prog Version..............: 8.02
#  creation date.............: 18-Nov-2020 17:27:01
#  user Account..............: 
# 
#  Non-editable header end --------------------------------------------------------------------------------

	bin 1,	# 60,	NegLargeDark
	bin 2,	# 60,	NegSmallDark
	bin 3,	# 60,	NegLargeBright
	bin 4,	# 60,	NegSmallBright
	bin 5,	# 60,	NeutLargeDark
	bin 6,	# 60,	NeutSmallDark
	bin 7,	# 60,	NeutLargeBright
	bin 8,	# 60,	NeutSmallBright



# item	 bepoch	  ecode	            label	      onset	          diff	     dura	b_flags	   a_flags	  enable	    bin
#                                                 (sec)           (msec)     (msec)    (binary)   (binary)


1     	0     	     11	 NeutSmallBright	      1.4531	      0.00	    0.0	    00000000     00000000	   1	[      8]
2     	0     	      8	   NeutLargeDark	      3.7773	   2324.22	    0.0	    00000000     00000000	   1	[      5]
3     	0     	      7	  NegSmallBright	      6.0391	   2261.72	    0.0	    00000000     00000000	   1	[      4]
4     	0     	      7	  NegSmallBright	      8.2930	   2253.91	    0.0	    00000000     00000000	   1	[      4]
5     	0     	     10	 NeutLargeBright	     10.6484	   2355.47	    0.0	    00000000     00000000	   1	[      7]
6     	0     	      4	    NegLargeDark	     13.1641	   2515.62	    0.0	    00000000     00000000	   1	[      1]
7     	0     	      4	    NegLargeDark	     15.5078	   2343.75	    0.0	    00000000     00000000	   1	[      1]
8     	0     	      7	  NegSmallBright	     17.9727	   2464.84	    0.0	    00000000     00000000	   1	[      4]
9     	0     	      7	  NegSmallBright	     20.1055	   2132.81	    0.0	    00000000     00000000	   1	[      4]
10    	0     	     12	     condition12	     22.2383	   2132.81	    0.0	    00000000     00000000	   1	[       ]
11    	0     	      2	      condition2	     22.8047	    566.41	    0.0	    00000000     00000000	   1	[       ]
12    	0     	     15	     condition15	     24.3906	   1585.94	    0.0	    00000000     00000000	   1	[       ]
13    	0     	      2	      condition2	     25.3711	    980.47	    0.0	    00000000     00000000	   1	[       ]
14    	0     	      6	  NegLargeBright	     26.7148	   1343.75	    0.0	    00000000     00000000	   1	[      3]
15    	0     	     14	     condition14	     28.7891	   2074.22	    0.0	    00000000     00000000	   1	[       ]
16    	0     	      2	      condition2	     29.5703	    781.25	    0.0	    00000000     00000000	   1	[       ]
17    	0     	      8	   NeutLargeDark	     31.1445	   1574.22	    0.0	    00000000     00000000	   1	[      5]
18    	0     	      9	   NeutSmallDark	     33.2070	   2062.50	    0.0	    00000000     00000000	   1	[      6]
19    	0     	      5	    NegSmallDark	     35.2812	   2074.22	    0.0	    00000000     00000000	   1	[      2]
20    	0     	      7	  NegSmallBright	     37.6953	   2414.06	    0.0	    00000000     00000000	   1	[      4]
21    	0     	      8	   NeutLargeDark	     40.0000	   2304.69	    0.0	    00000000     00000000	   1	[      5]
22    	0     	      8	   NeutLargeDark	     42.0625	   2062.50	    0.0	    00000000     00000000	   1	[      5]
23    	0     	      6	  NegLargeBright	     44.3477	   2285.16	    0.0	    00000000     00000000	   1	[      3]
24    	0     	     15	     condition15	     46.3828	   2035.16	    0.0	    00000000     00000000	   1	[       ]
25    	0     	      2	      condition2	     46.9922	    609.38	    0.0	    00000000     00000000	   1	[       ]
26    	0     	      8	   NeutLargeDark	     48.8867	   1894.53	    0.0	    00000000     00000000	   1	[      5]
27    	0     	      6	  NegLargeBright	     51.1289	   2242.19	    0.0	    00000000     00000000	   1	[      3]
28    	0     	      4	    NegLargeDark	     53.1914	   2062.50	    0.0	    00000000     00000000	   1	[      1]
29    	0     	     13	     condition13	     55.2852	   2093.75	    0.0	    00000000     00000000	   1	[       ]
30    	0     	      4	    NegLargeDark	     57.6914	   2406.25	    0.0	    00000000     00000000	   1	[      1]
31    	0     	      8	   NeutLargeDark	     60.2148	   2523.44	    0.0	    00000000     00000000	   1	[      5]
32    	0     	      5	    NegSmallDark	     62.4609	   2246.09	    0.0	    00000000     00000000	   1	[      2]
33    	0     	      9	   NeutSmallDark	     64.5820	   2121.09	    0.0	    00000000     00000000	   1	[      6]
34    	0     	     11	 NeutSmallBright	     66.9492	   2367.19	    0.0	    00000000     00000000	   1	[      8]
35    	0     	      8	   NeutLargeDark	     69.1914	   2242.19	    0.0	    00000000     00000000	   1	[      5]
36    	0     	      6	  NegLargeBright	     71.4258	   2234.38	    0.0	    00000000     00000000	   1	[      3]
37    	0     	      5	    NegSmallDark	     73.7812	   2355.47	    0.0	    00000000     00000000	   1	[      2]
38    	0     	      4	    NegLargeDark	     76.3047	   2523.44	    0.0	    00000000     00000000	   1	[      1]
39    	0     	      7	  NegSmallBright	     78.7383	   2433.59	    0.0	    00000000     00000000	   1	[      4]
40    	0     	      9	   NeutSmallDark	     81.2227	   2484.38	    0.0	    00000000     00000000	   1	[      6]
41    	0     	     10	 NeutLargeBright	     83.6758	   2453.12	    0.0	    00000000     00000000	   1	[      7]
42    	0     	      7	  NegSmallBright	     85.7812	   2105.47	    0.0	    00000000     00000000	   1	[      4]
43    	0     	      6	  NegLargeBright	     88.1562	   2375.00	    0.0	    00000000     00000000	   1	[      3]
44    	0     	     15	     condition15	     90.2695	   2113.28	    0.0	    00000000     00000000	   1	[       ]
45    	0     	      2	      condition2	     90.8633	    593.75	    0.0	    00000000     00000000	   1	[       ]
46    	0     	      9	   NeutSmallDark	     92.4609	   1597.66	    0.0	    00000000     00000000	   1	[      6]
47    	0     	      9	   NeutSmallDark	     94.4844	   2023.44	    0.0	    00000000     00000000	   1	[      6]
48    	0     	      6	  NegLargeBright	     97.0117	   2527.34	    0.0	    00000000     00000000	   1	[      3]
49    	0     	      4	    NegLargeDark	     99.1328	   2121.09	    0.0	    00000000     00000000	   1	[      1]
50    	0     	      7	  NegSmallBright	    101.5391	   2406.25	    0.0	    00000000     00000000	   1	[      4]
51    	0     	      5	    NegSmallDark	    103.7539	   2214.84	    0.0	    00000000     00000000	   1	[      2]
52    	0     	      9	   NeutSmallDark	    106.1758	   2421.88	    0.0	    00000000     00000000	   1	[      6]
53    	0     	     15	     condition15	    108.6211	   2445.31	    0.0	    00000000     00000000	   1	[       ]
54    	0     	      2	      condition2	    109.3711	    750.00	    0.0	    00000000     00000000	   1	[       ]
55    	0     	     11	 NeutSmallBright	    110.7461	   1375.00	    0.0	    00000000     00000000	   1	[      8]
56    	0     	      5	    NegSmallDark	    112.8672	   2121.09	    0.0	    00000000     00000000	   1	[      2]
57    	0     	      7	  NegSmallBright	    115.1328	   2265.62	    0.0	    00000000     00000000	   1	[      4]
58    	0     	      7	  NegSmallBright	    117.3477	   2214.84	    0.0	    00000000     00000000	   1	[      4]
59    	0     	      7	  NegSmallBright	    119.6016	   2253.91	    0.0	    00000000     00000000	   1	[      4]
60    	0     	      6	  NegLargeBright	    122.0859	   2484.38	    0.0	    00000000     00000000	   1	[      3]
61    	0     	      5	    NegSmallDark	    124.4492	   2363.28	    0.0	    00000000     00000000	   1	[      2]
62    	0     	      7	  NegSmallBright	    126.8125	   2363.28	    0.0	    00000000     00000000	   1	[      4]
63    	0     	     10	 NeutLargeBright	    129.3086	   2496.09	    0.0	    00000000     00000000	   1	[      7]
64    	0     	     11	 NeutSmallBright	    131.5625	   2253.91	    0.0	    00000000     00000000	   1	[      8]
65    	0     	     10	 NeutLargeBright	    133.7656	   2203.12	    0.0	    00000000     00000000	   1	[      7]
66    	0     	      7	  NegSmallBright	    135.8789	   2113.28	    0.0	    00000000     00000000	   1	[      4]
67    	0     	     12	     condition12	    138.1523	   2273.44	    0.0	    00000000     00000000	   1	[       ]
68    	0     	      2	      condition2	    138.6484	    496.09	    0.0	    00000000     00000000	   1	[       ]
69    	0     	      6	  NegLargeBright	    140.3867	   1738.28	    0.0	    00000000     00000000	   1	[      3]
70    	0     	      9	   NeutSmallDark	    142.6211	   2234.38	    0.0	    00000000     00000000	   1	[      6]
71    	0     	     11	 NeutSmallBright	    144.7148	   2093.75	    0.0	    00000000     00000000	   1	[      8]
72    	0     	      4	    NegLargeDark	    147.0000	   2285.16	    0.0	    00000000     00000000	   1	[      1]
73    	0     	      8	   NeutLargeDark	    149.5039	   2503.91	    0.0	    00000000     00000000	   1	[      5]
74    	0     	     10	 NeutLargeBright	    151.6562	   2152.34	    0.0	    00000000     00000000	   1	[      7]
75    	0     	      4	    NegLargeDark	    153.9922	   2335.94	    0.0	    00000000     00000000	   1	[      1]
76    	0     	      8	   NeutLargeDark	    156.5234	   2531.25	    0.0	    00000000     00000000	   1	[      5]
77    	0     	     12	     condition12	    158.6094	   2085.94	    0.0	    00000000     00000000	   1	[       ]
78    	0     	      2	      condition2	    159.1328	    523.44	    0.0	    00000000     00000000	   1	[       ]
79    	0     	      6	  NegLargeBright	    162.4688	   3335.94	    0.0	    00000000     00000000	   1	[      3]
80    	0     	      4	    NegLargeDark	    164.5820	   2113.28	    0.0	    00000000     00000000	   1	[      1]
81    	0     	     10	 NeutLargeBright	    167.0547	   2472.66	    0.0	    00000000     00000000	   1	[      7]
82    	0     	      4	    NegLargeDark	    169.4297	   2375.00	    0.0	    00000000     00000000	   1	[      1]
83    	0     	     10	 NeutLargeBright	    171.8320	   2402.34	    0.0	    00000000     00000000	   1	[      7]
84    	0     	      5	    NegSmallDark	    173.9258	   2093.75	    0.0	    00000000     00000000	   1	[      2]
85    	0     	      7	  NegSmallBright	    176.3398	   2414.06	    0.0	    00000000     00000000	   1	[      4]
86    	0     	     15	     condition15	    178.6055	   2265.62	    0.0	    00000000     00000000	   1	[       ]
87    	0     	      8	   NeutLargeDark	    180.9297	   2324.22	    0.0	    00000000     00000000	   1	[      5]
88    	0     	      6	  NegLargeBright	    183.1445	   2214.84	    0.0	    00000000     00000000	   1	[      3]
89    	0     	     11	 NeutSmallBright	    185.1875	   2042.97	    0.0	    00000000     00000000	   1	[      8]
90    	0     	      9	   NeutSmallDark	    187.4922	   2304.69	    0.0	    00000000     00000000	   1	[      6]
91    	0     	      6	  NegLargeBright	    189.6445	   2152.34	    0.0	    00000000     00000000	   1	[      3]
92    	0     	      6	  NegLargeBright	    191.7266	   2082.03	    0.0	    00000000     00000000	   1	[      3]
93    	0     	     12	     condition12	    194.2227	   2496.09	    0.0	    00000000     00000000	   1	[       ]
94    	0     	      2	      condition2	    194.7266	    503.91	    0.0	    00000000     00000000	   1	[       ]
95    	0     	      9	   NeutSmallDark	    196.5977	   1871.09	    0.0	    00000000     00000000	   1	[      6]
96    	0     	      2	      condition2	    197.3359	    738.28	    0.0	    00000000     00000000	   1	[       ]
97    	0     	     13	     condition13	    198.6992	   1363.28	    0.0	    00000000     00000000	   1	[       ]
98    	0     	      2	      condition2	    199.3984	    699.22	    0.0	    00000000     00000000	   1	[       ]
99    	0     	      7	  NegSmallBright	    200.8633	   1464.84	    0.0	    00000000     00000000	   1	[      4]
100   	0     	      9	   NeutSmallDark	    203.2266	   2363.28	    0.0	    00000000     00000000	   1	[      6]
101   	0     	     14	     condition14	    205.2930	   2066.41	    0.0	    00000000     00000000	   1	[       ]
102   	0     	      2	      condition2	    205.7656	    472.66	    0.0	    00000000     00000000	   1	[       ]
103   	0     	      5	    NegSmallDark	    207.6875	   1921.88	    0.0	    00000000     00000000	   1	[      2]
104   	0     	      6	  NegLargeBright	    209.7812	   2093.75	    0.0	    00000000     00000000	   1	[      3]
105   	0     	     15	     condition15	    212.0938	   2312.50	    0.0	    00000000     00000000	   1	[       ]
106   	0     	      2	      condition2	    212.8125	    718.75	    0.0	    00000000     00000000	   1	[       ]
107   	0     	      7	  NegSmallBright	    214.2891	   1476.56	    0.0	    00000000     00000000	   1	[      4]
108   	0     	      6	  NegLargeBright	    216.6523	   2363.28	    0.0	    00000000     00000000	   1	[      3]
109   	0     	     10	 NeutLargeBright	    219.1758	   2523.44	    0.0	    00000000     00000000	   1	[      7]
110   	0     	     14	     condition14	    221.5195	   2343.75	    0.0	    00000000     00000000	   1	[       ]
111   	0     	      2	      condition2	    222.2617	    742.19	    0.0	    00000000     00000000	   1	[       ]
112   	0     	      5	    NegSmallDark	    223.6250	   1363.28	    0.0	    00000000     00000000	   1	[      2]
113   	0     	      5	    NegSmallDark	    225.8984	   2273.44	    0.0	    00000000     00000000	   1	[      2]
114   	0     	     15	     condition15	    228.2422	   2343.75	    0.0	    00000000     00000000	   1	[       ]
115   	0     	      2	      condition2	    228.9062	    664.06	    0.0	    00000000     00000000	   1	[       ]
116   	0     	      6	  NegLargeBright	    230.3242	   1417.97	    0.0	    00000000     00000000	   1	[      3]
117   	0     	      6	  NegLargeBright	    232.8008	   2476.56	    0.0	    00000000     00000000	   1	[      3]
118   	0     	      7	  NegSmallBright	    235.2344	   2433.59	    0.0	    00000000     00000000	   1	[      4]
119   	0     	      5	    NegSmallDark	    237.3867	   2152.34	    0.0	    00000000     00000000	   1	[      2]
120   	0     	      6	  NegLargeBright	    239.4609	   2074.22	    0.0	    00000000     00000000	   1	[      3]
121   	0     	     10	 NeutLargeBright	    241.8164	   2355.47	    0.0	    00000000     00000000	   1	[      7]
122   	0     	      9	   NeutSmallDark	    243.9492	   2132.81	    0.0	    00000000     00000000	   1	[      6]
123   	0     	      9	   NeutSmallDark	    246.4062	   2457.03	    0.0	    00000000     00000000	   1	[      6]
124   	0     	      9	   NeutSmallDark	    248.8984	   2492.19	    0.0	    00000000     00000000	   1	[      6]
125   	0     	      8	   NeutLargeDark	    251.3750	   2476.56	    0.0	    00000000     00000000	   1	[      5]
126   	0     	      4	    NegLargeDark	    253.7070	   2332.03	    0.0	    00000000     00000000	   1	[      1]
127   	0     	      8	   NeutLargeDark	    256.0430	   2335.94	    0.0	    00000000     00000000	   1	[      5]
128   	0     	      9	   NeutSmallDark	    258.2852	   2242.19	    0.0	    00000000     00000000	   1	[      6]
129   	0     	      8	   NeutLargeDark	    260.3594	   2074.22	    0.0	    00000000     00000000	   1	[      5]
130   	0     	     11	 NeutSmallBright	    262.6133	   2253.91	    0.0	    00000000     00000000	   1	[      8]
131   	0     	     13	     condition13	    265.0664	   2453.12	    0.0	    00000000     00000000	   1	[       ]
132   	0     	      7	  NegSmallBright	    267.1797	   2113.28	    0.0	    00000000     00000000	   1	[      4]
133   	0     	      4	    NegLargeDark	    269.2930	   2113.28	    0.0	    00000000     00000000	   1	[      1]
134   	0     	      7	  NegSmallBright	    271.6680	   2375.00	    0.0	    00000000     00000000	   1	[      4]
135   	0     	      5	    NegSmallDark	    274.1250	   2457.03	    0.0	    00000000     00000000	   1	[      2]
136   	0     	     10	 NeutLargeBright	    276.4180	   2292.97	    0.0	    00000000     00000000	   1	[      7]
137   	0     	      9	   NeutSmallDark	    278.6523	   2234.38	    0.0	    00000000     00000000	   1	[      6]
138   	0     	     10	 NeutLargeBright	    280.9648	   2312.50	    0.0	    00000000     00000000	   1	[      7]
139   	0     	      9	   NeutSmallDark	    283.0781	   2113.28	    0.0	    00000000     00000000	   1	[      6]
140   	0     	     10	 NeutLargeBright	    285.5430	   2464.84	    0.0	    00000000     00000000	   1	[      7]
141   	0     	      6	  NegLargeBright	    288.0273	   2484.38	    0.0	    00000000     00000000	   1	[      3]
142   	0     	      8	   NeutLargeDark	    290.3906	   2363.28	    0.0	    00000000     00000000	   1	[      5]
143   	0     	      8	   NeutLargeDark	    292.5547	   2164.06	    0.0	    00000000     00000000	   1	[      5]
144   	0     	      9	   NeutSmallDark	    294.9297	   2375.00	    0.0	    00000000     00000000	   1	[      6]
145   	0     	      9	   NeutSmallDark	    297.3438	   2414.06	    0.0	    00000000     00000000	   1	[      6]
146   	0     	     15	     condition15	    299.6875	   2343.75	    0.0	    00000000     00000000	   1	[       ]
147   	0     	      2	      condition2	    300.3125	    625.00	    0.0	    00000000     00000000	   1	[       ]
148   	0     	      8	   NeutLargeDark	    302.1406	   1828.12	    0.0	    00000000     00000000	   1	[      5]
149   	0     	      5	    NegSmallDark	    304.4375	   2296.88	    0.0	    00000000     00000000	   1	[      2]
150   	0     	      7	  NegSmallBright	    306.5586	   2121.09	    0.0	    00000000     00000000	   1	[      4]
151   	0     	      7	  NegSmallBright	    309.0664	   2507.81	    0.0	    00000000     00000000	   1	[      4]
152   	0     	     11	 NeutSmallBright	    311.2773	   2210.94	    0.0	    00000000     00000000	   1	[      8]
153   	0     	     15	     condition15	    313.3438	   2066.41	    0.0	    00000000     00000000	   1	[       ]
154   	0     	     12	     condition12	    315.4766	   2132.81	    0.0	    00000000     00000000	   1	[       ]
155   	0     	      2	      condition2	    316.1172	    640.62	    0.0	    00000000     00000000	   1	[       ]
156   	0     	     12	     condition12	    317.5508	   1433.59	    0.0	    00000000     00000000	   1	[       ]
157   	0     	      2	      condition2	    318.0430	    492.19	    0.0	    00000000     00000000	   1	[       ]
158   	0     	      6	  NegLargeBright	    319.9922	   1949.22	    0.0	    00000000     00000000	   1	[      3]
159   	0     	      6	  NegLargeBright	    323.2266	   3234.38	    0.0	    00000000     00000000	   1	[      3]
160   	0     	      4	    NegLargeDark	    325.6523	   2425.78	    0.0	    00000000     00000000	   1	[      1]
161   	0     	      5	    NegSmallDark	    327.7344	   2082.03	    0.0	    00000000     00000000	   1	[      2]
162   	0     	      7	  NegSmallBright	    330.1875	   2453.12	    0.0	    00000000     00000000	   1	[      4]
163   	0     	      5	    NegSmallDark	    332.5312	   2343.75	    0.0	    00000000     00000000	   1	[      2]
164   	0     	      7	  NegSmallBright	    334.5977	   2066.41	    0.0	    00000000     00000000	   1	[      4]
165   	0     	      8	   NeutLargeDark	    336.7695	   2171.88	    0.0	    00000000     00000000	   1	[      5]
166   	0     	      6	  NegLargeBright	    339.0742	   2304.69	    0.0	    00000000     00000000	   1	[      3]
167   	0     	      5	    NegSmallDark	    341.4570	   2382.81	    0.0	    00000000     00000000	   1	[      2]
168   	0     	      7	  NegSmallBright	    343.5117	   2054.69	    0.0	    00000000     00000000	   1	[      4]
169   	0     	     11	 NeutSmallBright	    345.5547	   2042.97	    0.0	    00000000     00000000	   1	[      8]
170   	0     	      7	  NegSmallBright	    348.0195	   2464.84	    0.0	    00000000     00000000	   1	[      4]
171   	0     	      6	  NegLargeBright	    350.2227	   2203.12	    0.0	    00000000     00000000	   1	[      3]
172   	0     	      4	    NegLargeDark	    352.6797	   2457.03	    0.0	    00000000     00000000	   1	[      1]
173   	0     	     11	 NeutSmallBright	    354.8320	   2152.34	    0.0	    00000000     00000000	   1	[      8]
174   	0     	      8	   NeutLargeDark	    357.1172	   2285.16	    0.0	    00000000     00000000	   1	[      5]
175   	0     	     10	 NeutLargeBright	    359.6211	   2503.91	    0.0	    00000000     00000000	   1	[      7]
176   	0     	      6	  NegLargeBright	    361.9844	   2363.28	    0.0	    00000000     00000000	   1	[      3]
177   	0     	      6	  NegLargeBright	    364.3086	   2324.22	    0.0	    00000000     00000000	   1	[      3]
178   	0     	      6	  NegLargeBright	    366.5820	   2273.44	    0.0	    00000000     00000000	   1	[      3]
179   	0     	      5	    NegSmallDark	    368.7461	   2164.06	    0.0	    00000000     00000000	   1	[      2]
180   	0     	      8	   NeutLargeDark	    371.2617	   2515.62	    0.0	    00000000     00000000	   1	[      5]
181   	0     	     11	 NeutSmallBright	    373.7734	   2511.72	    0.0	    00000000     00000000	   1	[      8]
182   	0     	     12	     condition12	    376.1484	   2375.00	    0.0	    00000000     00000000	   1	[       ]
183   	0     	      2	      condition2	    376.8242	    675.78	    0.0	    00000000     00000000	   1	[       ]
184   	0     	     14	     condition14	    378.1914	   1367.19	    0.0	    00000000     00000000	   1	[       ]
185   	0     	      2	      condition2	    378.9844	    792.97	    0.0	    00000000     00000000	   1	[       ]
186   	0     	     11	 NeutSmallBright	    380.5859	   1601.56	    0.0	    00000000     00000000	   1	[      8]
187   	0     	     11	 NeutSmallBright	    382.8203	   2234.38	    0.0	    00000000     00000000	   1	[      8]
188   	0     	      6	  NegLargeBright	    385.1953	   2375.00	    0.0	    00000000     00000000	   1	[      3]
189   	0     	      5	    NegSmallDark	    387.6484	   2453.12	    0.0	    00000000     00000000	   1	[      2]
190   	0     	      6	  NegLargeBright	    390.0156	   2367.19	    0.0	    00000000     00000000	   1	[      3]
191   	0     	     10	 NeutLargeBright	    392.2891	   2273.44	    0.0	    00000000     00000000	   1	[      7]
192   	0     	     11	 NeutSmallBright	    394.4531	   2164.06	    0.0	    00000000     00000000	   1	[      8]
193   	0     	     11	 NeutSmallBright	    396.6953	   2242.19	    0.0	    00000000     00000000	   1	[      8]
194   	0     	      7	  NegSmallBright	    399.1484	   2453.12	    0.0	    00000000     00000000	   1	[      4]
195   	0     	     15	     condition15	    401.4141	   2265.62	    0.0	    00000000     00000000	   1	[       ]
196   	0     	      2	      condition2	    402.1094	    695.31	    0.0	    00000000     00000000	   1	[       ]
197   	0     	      9	   NeutSmallDark	    403.8477	   1738.28	    0.0	    00000000     00000000	   1	[      6]
198   	0     	      8	   NeutLargeDark	    406.0938	   2246.09	    0.0	    00000000     00000000	   1	[      5]
199   	0     	      9	   NeutSmallDark	    408.2773	   2183.59	    0.0	    00000000     00000000	   1	[      6]
200   	0     	     13	     condition13	    410.5586	   2281.25	    0.0	    00000000     00000000	   1	[       ]
201   	0     	      7	  NegSmallBright	    412.6719	   2113.28	    0.0	    00000000     00000000	   1	[      4]
202   	0     	      8	   NeutLargeDark	    415.0664	   2394.53	    0.0	    00000000     00000000	   1	[      5]
203   	0     	     10	 NeutLargeBright	    417.2734	   2207.03	    0.0	    00000000     00000000	   1	[      7]
204   	0     	     14	     condition14	    419.3359	   2062.50	    0.0	    00000000     00000000	   1	[       ]
205   	0     	      2	      condition2	    420.0742	    738.28	    0.0	    00000000     00000000	   1	[       ]
206   	0     	      8	   NeutLargeDark	    421.5273	   1453.12	    0.0	    00000000     00000000	   1	[      5]
207   	0     	      5	    NegSmallDark	    423.7031	   2175.78	    0.0	    00000000     00000000	   1	[      2]
208   	0     	      8	   NeutLargeDark	    425.8477	   2144.53	    0.0	    00000000     00000000	   1	[      5]
209   	0     	      9	   NeutSmallDark	    427.9219	   2074.22	    0.0	    00000000     00000000	   1	[      6]
210   	0     	      9	   NeutSmallDark	    430.1133	   2191.41	    0.0	    00000000     00000000	   1	[      6]
211   	0     	      7	  NegSmallBright	    432.3398	   2226.56	    0.0	    00000000     00000000	   1	[      4]
212   	0     	     10	 NeutLargeBright	    434.6328	   2292.97	    0.0	    00000000     00000000	   1	[      7]
213   	0     	      7	  NegSmallBright	    436.7656	   2132.81	    0.0	    00000000     00000000	   1	[      4]
214   	0     	     14	     condition14	    439.1992	   2433.59	    0.0	    00000000     00000000	   1	[       ]
215   	0     	      2	      condition2	    439.7734	    574.22	    0.0	    00000000     00000000	   1	[       ]
216   	0     	     13	     condition13	    441.3047	   1531.25	    0.0	    00000000     00000000	   1	[       ]
217   	0     	      2	      condition2	    441.8711	    566.41	    0.0	    00000000     00000000	   1	[       ]
218   	0     	     13	     condition13	    443.5977	   1726.56	    0.0	    00000000     00000000	   1	[       ]
219   	0     	      2	      condition2	    444.1016	    503.91	    0.0	    00000000     00000000	   1	[       ]
220   	0     	      8	   NeutLargeDark	    446.0938	   1992.19	    0.0	    00000000     00000000	   1	[      5]
221   	0     	      6	  NegLargeBright	    448.1562	   2062.50	    0.0	    00000000     00000000	   1	[      3]
222   	0     	      2	      condition2	    448.6758	    519.53	    0.0	    00000000     00000000	   1	[       ]
223   	0     	     12	     condition12	    450.3984	   1722.66	    0.0	    00000000     00000000	   1	[       ]
224   	0     	      2	      condition2	    450.9570	    558.59	    0.0	    00000000     00000000	   1	[       ]
225   	0     	     14	     condition14	    452.4648	   1507.81	    0.0	    00000000     00000000	   1	[       ]
226   	0     	      2	      condition2	    452.9336	    468.75	    0.0	    00000000     00000000	   1	[       ]
227   	0     	      5	    NegSmallDark	    454.8086	   1875.00	    0.0	    00000000     00000000	   1	[      2]
228   	0     	      9	   NeutSmallDark	    457.0898	   2281.25	    0.0	    00000000     00000000	   1	[      6]
229   	0     	      8	   NeutLargeDark	    459.3164	   2226.56	    0.0	    00000000     00000000	   1	[      5]
230   	0     	      8	   NeutLargeDark	    461.3594	   2042.97	    0.0	    00000000     00000000	   1	[      5]
231   	0     	      7	  NegSmallBright	    463.7344	   2375.00	    0.0	    00000000     00000000	   1	[      4]
232   	0     	      5	    NegSmallDark	    465.9883	   2253.91	    0.0	    00000000     00000000	   1	[      2]
233   	0     	      4	    NegLargeDark	    468.4023	   2414.06	    0.0	    00000000     00000000	   1	[      1]
234   	0     	      9	   NeutSmallDark	    470.7656	   2363.28	    0.0	    00000000     00000000	   1	[      6]
235   	0     	     14	     condition14	    473.1094	   2343.75	    0.0	    00000000     00000000	   1	[       ]
236   	0     	      2	      condition2	    473.6016	    492.19	    0.0	    00000000     00000000	   1	[       ]
237   	0     	     10	 NeutLargeBright	    475.3320	   1730.47	    0.0	    00000000     00000000	   1	[      7]
238   	0     	      8	   NeutLargeDark	    477.7773	   2445.31	    0.0	    00000000     00000000	   1	[      5]
239   	0     	      8	   NeutLargeDark	    479.8633	   2085.94	    0.0	    00000000     00000000	   1	[      5]
240   	0     	    253	              ""	    482.8594	   2996.09	    0.0	    00000000     00000000	   1	[       ]
241   	0     	      8	   NeutLargeDark	    483.8711	   1011.72	    0.0	    00000000     00000000	   1	[      5]
242   	0     	     10	 NeutLargeBright	    486.1133	   2242.19	    0.0	    00000000     00000000	   1	[      7]
243   	0     	      4	    NegLargeDark	    488.3789	   2265.62	    0.0	    00000000     00000000	   1	[      1]
244   	0     	      5	    NegSmallDark	    490.6836	   2304.69	    0.0	    00000000     00000000	   1	[      2]
245   	0     	     11	 NeutSmallBright	    493.0078	   2324.22	    0.0	    00000000     00000000	   1	[      8]
246   	0     	      6	  NegLargeBright	    495.3906	   2382.81	    0.0	    00000000     00000000	   1	[      3]
247   	0     	      7	  NegSmallBright	    497.8125	   2421.88	    0.0	    00000000     00000000	   1	[      4]
248   	0     	     15	     condition15	    500.2500	   2437.50	    0.0	    00000000     00000000	   1	[       ]
249   	0     	      2	      condition2	    500.8672	    617.19	    0.0	    00000000     00000000	   1	[       ]
250   	0     	     11	 NeutSmallBright	    502.7617	   1894.53	    0.0	    00000000     00000000	   1	[      8]
251   	0     	      6	  NegLargeBright	    505.2773	   2515.62	    0.0	    00000000     00000000	   1	[      3]
252   	0     	      6	  NegLargeBright	    507.7930	   2515.62	    0.0	    00000000     00000000	   1	[      3]
253   	0     	     14	     condition14	    510.2852	   2492.19	    0.0	    00000000     00000000	   1	[       ]
254   	0     	      2	      condition2	    510.8320	    546.88	    0.0	    00000000     00000000	   1	[       ]
255   	0     	      8	   NeutLargeDark	    512.4688	   1636.72	    0.0	    00000000     00000000	   1	[      5]
256   	0     	     15	     condition15	    514.6953	   2226.56	    0.0	    00000000     00000000	   1	[       ]
257   	0     	      2	      condition2	    515.3672	    671.88	    0.0	    00000000     00000000	   1	[       ]
258   	0     	      4	    NegLargeDark	    517.0000	   1632.81	    0.0	    00000000     00000000	   1	[      1]
259   	0     	      7	  NegSmallBright	    519.0820	   2082.03	    0.0	    00000000     00000000	   1	[      4]
260   	0     	      4	    NegLargeDark	    521.2773	   2195.31	    0.0	    00000000     00000000	   1	[      1]
261   	0     	      6	  NegLargeBright	    523.8008	   2523.44	    0.0	    00000000     00000000	   1	[      3]
262   	0     	     11	 NeutSmallBright	    525.8320	   2031.25	    0.0	    00000000     00000000	   1	[      8]
263   	0     	     10	 NeutLargeBright	    528.2461	   2414.06	    0.0	    00000000     00000000	   1	[      7]
264   	0     	      4	    NegLargeDark	    530.5430	   2296.88	    0.0	    00000000     00000000	   1	[      1]
265   	0     	      5	    NegSmallDark	    532.5859	   2042.97	    0.0	    00000000     00000000	   1	[      2]
266   	0     	     14	     condition14	    534.9414	   2355.47	    0.0	    00000000     00000000	   1	[       ]
267   	0     	      2	      condition2	    535.4062	    464.84	    0.0	    00000000     00000000	   1	[       ]
268   	0     	      8	   NeutLargeDark	    536.9844	   1578.12	    0.0	    00000000     00000000	   1	[      5]
269   	0     	     11	 NeutSmallBright	    539.4492	   2464.84	    0.0	    00000000     00000000	   1	[      8]
270   	0     	      5	    NegSmallDark	    541.8711	   2421.88	    0.0	    00000000     00000000	   1	[      2]
271   	0     	     10	 NeutLargeBright	    544.2852	   2414.06	    0.0	    00000000     00000000	   1	[      7]
272   	0     	      4	    NegLargeDark	    546.6719	   2386.72	    0.0	    00000000     00000000	   1	[      1]
273   	0     	      5	    NegSmallDark	    548.8047	   2132.81	    0.0	    00000000     00000000	   1	[      2]
274   	0     	      8	   NeutLargeDark	    551.0078	   2203.12	    0.0	    00000000     00000000	   1	[      5]
275   	0     	     12	     condition12	    553.1602	   2152.34	    0.0	    00000000     00000000	   1	[       ]
276   	0     	      2	      condition2	    553.9688	    808.59	    0.0	    00000000     00000000	   1	[       ]
277   	0     	      2	      condition2	    555.3945	   1425.78	    0.0	    00000000     00000000	   1	[       ]
278   	0     	     10	 NeutLargeBright	    555.5352	    140.62	    0.0	    00000000     00000000	   1	[      7]
279   	0     	     11	 NeutSmallBright	    557.6914	   2156.25	    0.0	    00000000     00000000	   1	[      8]
280   	0     	      9	   NeutSmallDark	    559.8047	   2113.28	    0.0	    00000000     00000000	   1	[      6]
281   	0     	      4	    NegLargeDark	    562.3086	   2503.91	    0.0	    00000000     00000000	   1	[      1]
282   	0     	      4	    NegLargeDark	    564.3516	   2042.97	    0.0	    00000000     00000000	   1	[      1]
283   	0     	     12	     condition12	    566.4766	   2125.00	    0.0	    00000000     00000000	   1	[       ]
284   	0     	      2	      condition2	    567.6406	   1164.06	    0.0	    00000000     00000000	   1	[       ]
285   	0     	      6	  NegLargeBright	    568.6406	   1000.00	    0.0	    00000000     00000000	   1	[      3]
286   	0     	     10	 NeutLargeBright	    570.7539	   2113.28	    0.0	    00000000     00000000	   1	[      7]
287   	0     	     10	 NeutLargeBright	    573.1875	   2433.59	    0.0	    00000000     00000000	   1	[      7]
288   	0     	      7	  NegSmallBright	    575.4805	   2292.97	    0.0	    00000000     00000000	   1	[      4]
289   	0     	     11	 NeutSmallBright	    577.9062	   2425.78	    0.0	    00000000     00000000	   1	[      8]
290   	0     	      4	    NegLargeDark	    580.0977	   2191.41	    0.0	    00000000     00000000	   1	[      1]
291   	0     	     10	 NeutLargeBright	    582.3828	   2285.16	    0.0	    00000000     00000000	   1	[      7]
292   	0     	      9	   NeutSmallDark	    584.4258	   2042.97	    0.0	    00000000     00000000	   1	[      6]
293   	0     	     10	 NeutLargeBright	    586.8008	   2375.00	    0.0	    00000000     00000000	   1	[      7]
294   	0     	     11	 NeutSmallBright	    589.2656	   2464.84	    0.0	    00000000     00000000	   1	[      8]
295   	0     	     11	 NeutSmallBright	    591.7500	   2484.38	    0.0	    00000000     00000000	   1	[      8]
296   	0     	      8	   NeutLargeDark	    594.1133	   2363.28	    0.0	    00000000     00000000	   1	[      5]
297   	0     	      9	   NeutSmallDark	    596.4766	   2363.28	    0.0	    00000000     00000000	   1	[      6]
298   	0     	      5	    NegSmallDark	    598.5508	   2074.22	    0.0	    00000000     00000000	   1	[      2]
299   	0     	     13	     condition13	    601.0352	   2484.38	    0.0	    00000000     00000000	   1	[       ]
300   	0     	      2	      condition2	    601.5859	    550.78	    0.0	    00000000     00000000	   1	[       ]
301   	0     	      6	  NegLargeBright	    603.3984	   1812.50	    0.0	    00000000     00000000	   1	[      3]
302   	0     	      9	   NeutSmallDark	    605.6641	   2265.62	    0.0	    00000000     00000000	   1	[      6]
303   	0     	     10	 NeutLargeBright	    607.9492	   2285.16	    0.0	    00000000     00000000	   1	[      7]
304   	0     	      9	   NeutSmallDark	    610.4219	   2472.66	    0.0	    00000000     00000000	   1	[      6]
305   	0     	     14	     condition14	    612.8984	   2476.56	    0.0	    00000000     00000000	   1	[       ]
306   	0     	      2	      condition2	    613.6406	    742.19	    0.0	    00000000     00000000	   1	[       ]
307   	0     	      4	    NegLargeDark	    615.1914	   1550.78	    0.0	    00000000     00000000	   1	[      1]
308   	0     	      5	    NegSmallDark	    617.6562	   2464.84	    0.0	    00000000     00000000	   1	[      2]
309   	0     	      6	  NegLargeBright	    619.7578	   2101.56	    0.0	    00000000     00000000	   1	[      3]
310   	0     	     11	 NeutSmallBright	    621.9609	   2203.12	    0.0	    00000000     00000000	   1	[      8]
311   	0     	      4	    NegLargeDark	    624.3477	   2386.72	    0.0	    00000000     00000000	   1	[      1]
312   	0     	      7	  NegSmallBright	    626.7617	   2414.06	    0.0	    00000000     00000000	   1	[      4]
313   	0     	      5	    NegSmallDark	    629.0039	   2242.19	    0.0	    00000000     00000000	   1	[      2]
314   	0     	     14	     condition14	    631.1797	   2175.78	    0.0	    00000000     00000000	   1	[       ]
315   	0     	      2	      condition2	    631.6602	    480.47	    0.0	    00000000     00000000	   1	[       ]
316   	0     	      8	   NeutLargeDark	    633.4844	   1824.22	    0.0	    00000000     00000000	   1	[      5]
317   	0     	     12	     condition12	    635.6484	   2164.06	    0.0	    00000000     00000000	   1	[       ]
318   	0     	      2	      condition2	    636.0742	    425.78	    0.0	    00000000     00000000	   1	[       ]
319   	0     	      4	    NegLargeDark	    637.9922	   1917.97	    0.0	    00000000     00000000	   1	[      1]
320   	0     	      7	  NegSmallBright	    640.1836	   2191.41	    0.0	    00000000     00000000	   1	[      4]
321   	0     	      7	  NegSmallBright	    642.2266	   2042.97	    0.0	    00000000     00000000	   1	[      4]
322   	0     	    253	              ""	    644.5781	   2351.56	    0.0	    00000000     00000000	   1	[       ]
323   	0     	      5	    NegSmallDark	    645.5859	   1007.81	    0.0	    00000000     00000000	   1	[      2]
324   	0     	     13	     condition13	    647.6406	   2054.69	    0.0	    00000000     00000000	   1	[       ]
325   	0     	      2	      condition2	    648.3516	    710.94	    0.0	    00000000     00000000	   1	[       ]
326   	0     	      9	   NeutSmallDark	    649.8242	   1472.66	    0.0	    00000000     00000000	   1	[      6]
327   	0     	     10	 NeutLargeBright	    651.9492	   2125.00	    0.0	    00000000     00000000	   1	[      7]
328   	0     	     12	     condition12	    654.3906	   2441.41	    0.0	    00000000     00000000	   1	[       ]
329   	0     	      2	      condition2	    654.8789	    488.28	    0.0	    00000000     00000000	   1	[       ]
330   	0     	     13	     condition13	    656.6055	   1726.56	    0.0	    00000000     00000000	   1	[       ]
331   	0     	      2	      condition2	    657.3242	    718.75	    0.0	    00000000     00000000	   1	[       ]
332   	0     	     13	     condition13	    658.6719	   1347.66	    0.0	    00000000     00000000	   1	[       ]
333   	0     	      2	      condition2	    659.7266	   1054.69	    0.0	    00000000     00000000	   1	[       ]
334   	0     	      9	   NeutSmallDark	    661.1758	   1449.22	    0.0	    00000000     00000000	   1	[      6]
335   	0     	     11	 NeutSmallBright	    663.2383	   2062.50	    0.0	    00000000     00000000	   1	[      8]
336   	0     	     12	     condition12	    665.5117	   2273.44	    0.0	    00000000     00000000	   1	[       ]
337   	0     	      2	      condition2	    666.2539	    742.19	    0.0	    00000000     00000000	   1	[       ]
338   	0     	      4	    NegLargeDark	    667.6172	   1363.28	    0.0	    00000000     00000000	   1	[      1]
339   	0     	      5	    NegSmallDark	    669.7305	   2113.28	    0.0	    00000000     00000000	   1	[      2]
340   	0     	      4	    NegLargeDark	    671.8828	   2152.34	    0.0	    00000000     00000000	   1	[      1]
341   	0     	     10	 NeutLargeBright	    673.9453	   2062.50	    0.0	    00000000     00000000	   1	[      7]
342   	0     	     10	 NeutLargeBright	    676.1406	   2195.31	    0.0	    00000000     00000000	   1	[      7]
343   	0     	      2	      condition2	    678.2656	   2125.00	    0.0	    00000000     00000000	   1	[       ]
344   	0     	     10	 NeutLargeBright	    678.4648	    199.22	    0.0	    00000000     00000000	   1	[      7]
345   	0     	      5	    NegSmallDark	    680.5000	   2035.16	    0.0	    00000000     00000000	   1	[      2]
346   	0     	      8	   NeutLargeDark	    682.5938	   2093.75	    0.0	    00000000     00000000	   1	[      5]
347   	0     	     11	 NeutSmallBright	    684.7344	   2140.62	    0.0	    00000000     00000000	   1	[      8]
348   	0     	      4	    NegLargeDark	    686.9414	   2207.03	    0.0	    00000000     00000000	   1	[      1]
349   	0     	      6	  NegLargeBright	    689.3633	   2421.88	    0.0	    00000000     00000000	   1	[      3]
350   	0     	     10	 NeutLargeBright	    691.5781	   2214.84	    0.0	    00000000     00000000	   1	[      7]
351   	0     	      8	   NeutLargeDark	    693.8125	   2234.38	    0.0	    00000000     00000000	   1	[      5]
352   	0     	     11	 NeutSmallBright	    696.2773	   2464.84	    0.0	    00000000     00000000	   1	[      8]
353   	0     	      7	  NegSmallBright	    698.6992	   2421.88	    0.0	    00000000     00000000	   1	[      4]
354   	0     	      6	  NegLargeBright	    700.8828	   2183.59	    0.0	    00000000     00000000	   1	[      3]
355   	0     	      9	   NeutSmallDark	    703.3789	   2496.09	    0.0	    00000000     00000000	   1	[      6]
356   	0     	     15	     condition15	    705.6836	   2304.69	    0.0	    00000000     00000000	   1	[       ]
357   	0     	      5	    NegSmallDark	    707.9961	   2312.50	    0.0	    00000000     00000000	   1	[      2]
358   	0     	     10	 NeutLargeBright	    710.1211	   2125.00	    0.0	    00000000     00000000	   1	[      7]
359   	0     	     13	     condition13	    712.4961	   2375.00	    0.0	    00000000     00000000	   1	[       ]
360   	0     	      2	      condition2	    713.1562	    660.16	    0.0	    00000000     00000000	   1	[       ]
361   	0     	      2	      condition2	    714.5312	   1375.00	    0.0	    00000000     00000000	   1	[       ]
362   	0     	     10	 NeutLargeBright	    714.8906	    359.38	    0.0	    00000000     00000000	   1	[      7]
363   	0     	     10	 NeutLargeBright	    717.1016	   2210.94	    0.0	    00000000     00000000	   1	[      7]
364   	0     	     10	 NeutLargeBright	    719.5273	   2425.78	    0.0	    00000000     00000000	   1	[      7]
365   	0     	      6	  NegLargeBright	    721.7891	   2261.72	    0.0	    00000000     00000000	   1	[      3]
366   	0     	     11	 NeutSmallBright	    723.8750	   2085.94	    0.0	    00000000     00000000	   1	[      8]
367   	0     	      6	  NegLargeBright	    725.9688	   2093.75	    0.0	    00000000     00000000	   1	[      3]
368   	0     	      8	   NeutLargeDark	    728.0430	   2074.22	    0.0	    00000000     00000000	   1	[      5]
369   	0     	     13	     condition13	    730.4062	   2363.28	    0.0	    00000000     00000000	   1	[       ]
370   	0     	      2	      condition2	    732.0273	   1621.09	    0.0	    00000000     00000000	   1	[       ]
371   	0     	      7	  NegSmallBright	    732.7109	    683.59	    0.0	    00000000     00000000	   1	[      4]
372   	0     	      9	   NeutSmallDark	    734.7852	   2074.22	    0.0	    00000000     00000000	   1	[      6]
373   	0     	      9	   NeutSmallDark	    737.0469	   2261.72	    0.0	    00000000     00000000	   1	[      6]
374   	0     	     11	 NeutSmallBright	    739.3320	   2285.16	    0.0	    00000000     00000000	   1	[      8]
375   	0     	      5	    NegSmallDark	    741.4453	   2113.28	    0.0	    00000000     00000000	   1	[      2]
376   	0     	      4	    NegLargeDark	    743.7500	   2304.69	    0.0	    00000000     00000000	   1	[      1]
377   	0     	     15	     condition15	    745.9336	   2183.59	    0.0	    00000000     00000000	   1	[       ]
378   	0     	      2	      condition2	    746.4375	    503.91	    0.0	    00000000     00000000	   1	[       ]
379   	0     	     11	 NeutSmallBright	    747.9883	   1550.78	    0.0	    00000000     00000000	   1	[      8]
380   	0     	      5	    NegSmallDark	    750.2891	   2300.78	    0.0	    00000000     00000000	   1	[      2]
381   	0     	     13	     condition13	    752.4531	   2164.06	    0.0	    00000000     00000000	   1	[       ]
382   	0     	      2	      condition2	    752.8945	    441.41	    0.0	    00000000     00000000	   1	[       ]
383   	0     	      8	   NeutLargeDark	    754.9375	   2042.97	    0.0	    00000000     00000000	   1	[      5]
384   	0     	      6	  NegLargeBright	    757.1523	   2214.84	    0.0	    00000000     00000000	   1	[      3]
385   	0     	      6	  NegLargeBright	    759.2148	   2062.50	    0.0	    00000000     00000000	   1	[      3]
386   	0     	      5	    NegSmallDark	    761.4102	   2195.31	    0.0	    00000000     00000000	   1	[      2]
387   	0     	      6	  NegLargeBright	    763.6250	   2214.84	    0.0	    00000000     00000000	   1	[      3]
388   	0     	      8	   NeutLargeDark	    765.8672	   2242.19	    0.0	    00000000     00000000	   1	[      5]
389   	0     	     10	 NeutLargeBright	    767.9727	   2105.47	    0.0	    00000000     00000000	   1	[      7]
390   	0     	      8	   NeutLargeDark	    770.2266	   2253.91	    0.0	    00000000     00000000	   1	[      5]
391   	0     	     10	 NeutLargeBright	    772.5898	   2363.28	    0.0	    00000000     00000000	   1	[      7]
392   	0     	     10	 NeutLargeBright	    774.9453	   2355.47	    0.0	    00000000     00000000	   1	[      7]
393   	0     	      5	    NegSmallDark	    777.3203	   2375.00	    0.0	    00000000     00000000	   1	[      2]
394   	0     	      9	   NeutSmallDark	    779.4023	   2082.03	    0.0	    00000000     00000000	   1	[      6]
395   	0     	      6	  NegLargeBright	    781.4453	   2042.97	    0.0	    00000000     00000000	   1	[      3]
396   	0     	     14	     condition14	    783.9688	   2523.44	    0.0	    00000000     00000000	   1	[       ]
397   	0     	      2	      condition2	    784.5859	    617.19	    0.0	    00000000     00000000	   1	[       ]
398   	0     	     10	 NeutLargeBright	    786.3047	   1718.75	    0.0	    00000000     00000000	   1	[      7]
399   	0     	     15	     condition15	    788.4570	   2152.34	    0.0	    00000000     00000000	   1	[       ]
400   	0     	      2	      condition2	    788.9531	    496.09	    0.0	    00000000     00000000	   1	[       ]
401   	0     	      9	   NeutSmallDark	    790.9336	   1980.47	    0.0	    00000000     00000000	   1	[      6]
402   	0     	     11	 NeutSmallBright	    793.2461	   2312.50	    0.0	    00000000     00000000	   1	[      8]
403   	0     	      8	   NeutLargeDark	    795.7109	   2464.84	    0.0	    00000000     00000000	   1	[      5]
404   	0     	     13	     condition13	    798.1953	   2484.38	    0.0	    00000000     00000000	   1	[       ]
405   	0     	      2	      condition2	    798.8945	    699.22	    0.0	    00000000     00000000	   1	[       ]
406   	0     	     10	 NeutLargeBright	    800.6992	   1804.69	    0.0	    00000000     00000000	   1	[      7]
407   	0     	    253	              ""	    802.0781	   1378.91	    0.0	    00000000     00000000	   1	[       ]
408   	0     	     12	     condition12	    803.0938	   1015.62	    0.0	    00000000     00000000	   1	[       ]
409   	0     	      2	      condition2	    803.6172	    523.44	    0.0	    00000000     00000000	   1	[       ]
410   	0     	      6	  NegLargeBright	    805.2656	   1648.44	    0.0	    00000000     00000000	   1	[      3]
411   	0     	      5	    NegSmallDark	    807.7109	   2445.31	    0.0	    00000000     00000000	   1	[      2]
412   	0     	     11	 NeutSmallBright	    810.1367	   2425.78	    0.0	    00000000     00000000	   1	[      8]
413   	0     	      5	    NegSmallDark	    812.4805	   2343.75	    0.0	    00000000     00000000	   1	[      2]
414   	0     	     15	     condition15	    814.5625	   2082.03	    0.0	    00000000     00000000	   1	[       ]
415   	0     	      2	      condition2	    815.1055	    542.97	    0.0	    00000000     00000000	   1	[       ]
416   	0     	     15	     condition15	    816.9297	   1824.22	    0.0	    00000000     00000000	   1	[       ]
417   	0     	      2	      condition2	    817.4102	    480.47	    0.0	    00000000     00000000	   1	[       ]
418   	0     	      6	  NegLargeBright	    819.3516	   1941.41	    0.0	    00000000     00000000	   1	[      3]
419   	0     	     11	 NeutSmallBright	    821.4766	   2125.00	    0.0	    00000000     00000000	   1	[      8]
420   	0     	      4	    NegLargeDark	    823.6211	   2144.53	    0.0	    00000000     00000000	   1	[      1]
421   	0     	      9	   NeutSmallDark	    826.0234	   2402.34	    0.0	    00000000     00000000	   1	[      6]
422   	0     	      4	    NegLargeDark	    828.2969	   2273.44	    0.0	    00000000     00000000	   1	[      1]
423   	0     	      5	    NegSmallDark	    830.5430	   2246.09	    0.0	    00000000     00000000	   1	[      2]
424   	0     	     11	 NeutSmallBright	    832.8945	   2351.56	    0.0	    00000000     00000000	   1	[      8]
425   	0     	      4	    NegLargeDark	    835.2617	   2367.19	    0.0	    00000000     00000000	   1	[      1]
426   	0     	      4	    NegLargeDark	    837.3125	   2050.78	    0.0	    00000000     00000000	   1	[      1]
427   	0     	      9	   NeutSmallDark	    839.3867	   2074.22	    0.0	    00000000     00000000	   1	[      6]
428   	0     	      6	  NegLargeBright	    841.9102	   2523.44	    0.0	    00000000     00000000	   1	[      3]
429   	0     	      5	    NegSmallDark	    844.3750	   2464.84	    0.0	    00000000     00000000	   1	[      2]
430   	0     	     11	 NeutSmallBright	    846.8086	   2433.59	    0.0	    00000000     00000000	   1	[      8]
431   	0     	      5	    NegSmallDark	    849.2656	   2457.03	    0.0	    00000000     00000000	   1	[      2]
432   	0     	     14	     condition14	    851.5273	   2261.72	    0.0	    00000000     00000000	   1	[       ]
433   	0     	      2	      condition2	    852.0430	    515.62	    0.0	    00000000     00000000	   1	[       ]
434   	0     	      7	  NegSmallBright	    853.8320	   1789.06	    0.0	    00000000     00000000	   1	[      4]
435   	0     	      6	  NegLargeBright	    856.3281	   2496.09	    0.0	    00000000     00000000	   1	[      3]
436   	0     	     14	     condition14	    858.6406	   2312.50	    0.0	    00000000     00000000	   1	[       ]
437   	0     	      2	      condition2	    859.2812	    640.62	    0.0	    00000000     00000000	   1	[       ]
438   	0     	     14	     condition14	    860.9336	   1652.34	    0.0	    00000000     00000000	   1	[       ]
439   	0     	      2	      condition2	    861.4883	    554.69	    0.0	    00000000     00000000	   1	[       ]
440   	0     	     12	     condition12	    863.2500	   1761.72	    0.0	    00000000     00000000	   1	[       ]
441   	0     	      2	      condition2	    863.8164	    566.41	    0.0	    00000000     00000000	   1	[       ]
442   	0     	      9	   NeutSmallDark	    865.6836	   1867.19	    0.0	    00000000     00000000	   1	[      6]
443   	0     	      4	    NegLargeDark	    868.1797	   2496.09	    0.0	    00000000     00000000	   1	[      1]
444   	0     	      2	      condition2	    868.7500	    570.31	    0.0	    00000000     00000000	   1	[       ]
445   	0     	     12	     condition12	    870.5703	   1820.31	    0.0	    00000000     00000000	   1	[       ]
446   	0     	      2	      condition2	    871.0781	    507.81	    0.0	    00000000     00000000	   1	[       ]
447   	0     	      5	    NegSmallDark	    872.6953	   1617.19	    0.0	    00000000     00000000	   1	[      2]
448   	0     	     11	 NeutSmallBright	    875.1797	   2484.38	    0.0	    00000000     00000000	   1	[      8]
449   	0     	      4	    NegLargeDark	    877.4023	   2222.66	    0.0	    00000000     00000000	   1	[      1]
450   	0     	      7	  NegSmallBright	    879.6172	   2214.84	    0.0	    00000000     00000000	   1	[      4]
451   	0     	      6	  NegLargeBright	    881.8711	   2253.91	    0.0	    00000000     00000000	   1	[      3]
452   	0     	      7	  NegSmallBright	    883.9062	   2035.16	    0.0	    00000000     00000000	   1	[      4]
453   	0     	     11	 NeutSmallBright	    885.9609	   2054.69	    0.0	    00000000     00000000	   1	[      8]
454   	0     	      4	    NegLargeDark	    888.4922	   2531.25	    0.0	    00000000     00000000	   1	[      1]
455   	0     	      4	    NegLargeDark	    890.7188	   2226.56	    0.0	    00000000     00000000	   1	[      1]
456   	0     	     11	 NeutSmallBright	    892.9922	   2273.44	    0.0	    00000000     00000000	   1	[      8]
457   	0     	      5	    NegSmallDark	    895.1562	   2164.06	    0.0	    00000000     00000000	   1	[      2]
458   	0     	     11	 NeutSmallBright	    897.3086	   2152.34	    0.0	    00000000     00000000	   1	[      8]
459   	0     	     11	 NeutSmallBright	    899.4922	   2183.59	    0.0	    00000000     00000000	   1	[      8]
460   	0     	      4	    NegLargeDark	    902.0156	   2523.44	    0.0	    00000000     00000000	   1	[      1]
461   	0     	      4	    NegLargeDark	    904.4609	   2445.31	    0.0	    00000000     00000000	   1	[      1]
462   	0     	      8	   NeutLargeDark	    906.5039	   2042.97	    0.0	    00000000     00000000	   1	[      5]
463   	0     	     13	     condition13	    908.8906	   2386.72	    0.0	    00000000     00000000	   1	[       ]
464   	0     	      2	      condition2	    909.6484	    757.81	    0.0	    00000000     00000000	   1	[       ]
465   	0     	      5	    NegSmallDark	    911.0547	   1406.25	    0.0	    00000000     00000000	   1	[      2]
466   	0     	      4	    NegLargeDark	    913.3164	   2261.72	    0.0	    00000000     00000000	   1	[      1]
467   	0     	      9	   NeutSmallDark	    915.5117	   2195.31	    0.0	    00000000     00000000	   1	[      6]
468   	0     	      8	   NeutLargeDark	    917.6367	   2125.00	    0.0	    00000000     00000000	   1	[      5]
469   	0     	      6	  NegLargeBright	    919.6875	   2050.78	    0.0	    00000000     00000000	   1	[      3]
470   	0     	      7	  NegSmallBright	    922.1523	   2464.84	    0.0	    00000000     00000000	   1	[      4]
471   	0     	      8	   NeutLargeDark	    924.4180	   2265.62	    0.0	    00000000     00000000	   1	[      5]
472   	0     	     10	 NeutLargeBright	    926.9531	   2535.16	    0.0	    00000000     00000000	   1	[      7]
473   	0     	      4	    NegLargeDark	    929.1758	   2222.66	    0.0	    00000000     00000000	   1	[      1]
474   	0     	     15	     condition15	    931.5586	   2382.81	    0.0	    00000000     00000000	   1	[       ]
475   	0     	      9	   NeutSmallDark	    934.0117	   2453.12	    0.0	    00000000     00000000	   1	[      6]
476   	0     	      4	    NegLargeDark	    936.3672	   2355.47	    0.0	    00000000     00000000	   1	[      1]
477   	0     	     13	     condition13	    938.5430	   2175.78	    0.0	    00000000     00000000	   1	[       ]
478   	0     	      2	      condition2	    939.0586	    515.62	    0.0	    00000000     00000000	   1	[       ]
479   	0     	     10	 NeutLargeBright	    940.6445	   1585.94	    0.0	    00000000     00000000	   1	[      7]
480   	0     	      9	   NeutSmallDark	    942.7695	   2125.00	    0.0	    00000000     00000000	   1	[      6]
481   	0     	      6	  NegLargeBright	    944.8320	   2062.50	    0.0	    00000000     00000000	   1	[      3]
482   	0     	     10	 NeutLargeBright	    947.0352	   2203.12	    0.0	    00000000     00000000	   1	[      7]
483   	0     	      8	   NeutLargeDark	    949.4805	   2445.31	    0.0	    00000000     00000000	   1	[      5]
484   	0     	      4	    NegLargeDark	    951.6758	   2195.31	    0.0	    00000000     00000000	   1	[      1]
485   	0     	      7	  NegSmallBright	    953.8086	   2132.81	    0.0	    00000000     00000000	   1	[      4]
486   	0     	      6	  NegLargeBright	    956.2344	   2425.78	    0.0	    00000000     00000000	   1	[      3]
487   	0     	      6	  NegLargeBright	    958.4570	   2222.66	    0.0	    00000000     00000000	   1	[      3]
488   	0     	      9	   NeutSmallDark	    960.6914	   2234.38	    0.0	    00000000     00000000	   1	[      6]
489   	0     	      9	   NeutSmallDark	    963.2930	   2601.56	    0.0	    00000000     00000000	   1	[      6]
490   	0     	     12	     condition12	    965.5195	   2226.56	    0.0	    00000000     00000000	   1	[       ]
491   	0     	      2	      condition2	    965.9961	    476.56	    0.0	    00000000     00000000	   1	[       ]
492   	0     	      4	    NegLargeDark	    967.9922	   1996.09	    0.0	    00000000     00000000	   1	[      1]
493   	0     	      8	   NeutLargeDark	    970.3477	   2355.47	    0.0	    00000000     00000000	   1	[      5]
494   	0     	      7	  NegSmallBright	    972.3711	   2023.44	    0.0	    00000000     00000000	   1	[      4]
495   	0     	     14	     condition14	    974.6562	   2285.16	    0.0	    00000000     00000000	   1	[       ]
496   	0     	      2	      condition2	    975.1328	    476.56	    0.0	    00000000     00000000	   1	[       ]
497   	0     	      5	    NegSmallDark	    977.1289	   1996.09	    0.0	    00000000     00000000	   1	[      2]
498   	0     	      9	   NeutSmallDark	    979.5039	   2375.00	    0.0	    00000000     00000000	   1	[      6]
499   	0     	     10	 NeutLargeBright	    981.6250	   2121.09	    0.0	    00000000     00000000	   1	[      7]
500   	0     	      4	    NegLargeDark	    983.6797	   2054.69	    0.0	    00000000     00000000	   1	[      1]
501   	0     	      5	    NegSmallDark	    986.1250	   2445.31	    0.0	    00000000     00000000	   1	[      2]
502   	0     	     10	 NeutLargeBright	    988.3398	   2214.84	    0.0	    00000000     00000000	   1	[      7]
503   	0     	      8	   NeutLargeDark	    990.6133	   2273.44	    0.0	    00000000     00000000	   1	[      5]
504   	0     	      5	    NegSmallDark	    992.6953	   2082.03	    0.0	    00000000     00000000	   1	[      2]
505   	0     	      9	   NeutSmallDark	    994.9609	   2265.62	    0.0	    00000000     00000000	   1	[      6]
506   	0     	      7	  NegSmallBright	    997.0742	   2113.28	    0.0	    00000000     00000000	   1	[      4]
507   	0     	      8	   NeutLargeDark	    999.2891	   2214.84	    0.0	    00000000     00000000	   1	[      5]
508   	0     	      5	    NegSmallDark	   1001.4922	   2203.12	    0.0	    00000000     00000000	   1	[      2]
509   	0     	     11	 NeutSmallBright	   1003.8672	   2375.00	    0.0	    00000000     00000000	   1	[      8]
510   	0     	     10	 NeutLargeBright	   1006.3203	   2453.12	    0.0	    00000000     00000000	   1	[      7]
511   	0     	      9	   NeutSmallDark	   1008.4219	   2101.56	    0.0	    00000000     00000000	   1	[      6]
512   	0     	      8	   NeutLargeDark	   1010.7383	   2316.41	    0.0	    00000000     00000000	   1	[      5]
513   	0     	     13	     condition13	   1012.9102	   2171.88	    0.0	    00000000     00000000	   1	[       ]
514   	0     	      2	      condition2	   1013.4453	    535.16	    0.0	    00000000     00000000	   1	[       ]
515   	0     	      5	    NegSmallDark	   1015.4062	   1960.94	    0.0	    00000000     00000000	   1	[      2]
516   	0     	      6	  NegLargeBright	   1017.6406	   2234.38	    0.0	    00000000     00000000	   1	[      3]
517   	0     	      9	   NeutSmallDark	   1019.7852	   2144.53	    0.0	    00000000     00000000	   1	[      6]
518   	0     	     14	     condition14	   1021.8281	   2042.97	    0.0	    00000000     00000000	   1	[       ]
519   	0     	      2	      condition2	   1022.5820	    753.91	    0.0	    00000000     00000000	   1	[       ]
520   	0     	      7	  NegSmallBright	   1024.1914	   1609.38	    0.0	    00000000     00000000	   1	[      4]
521   	0     	     11	 NeutSmallBright	   1026.4336	   2242.19	    0.0	    00000000     00000000	   1	[      8]
522   	0     	     10	 NeutLargeBright	   1028.5703	   2136.72	    0.0	    00000000     00000000	   1	[      7]
523   	0     	      4	    NegLargeDark	   1030.8047	   2234.38	    0.0	    00000000     00000000	   1	[      1]
524   	0     	      9	   NeutSmallDark	   1033.1758	   2371.09	    0.0	    00000000     00000000	   1	[      6]
525   	0     	      4	    NegLargeDark	   1035.2812	   2105.47	    0.0	    00000000     00000000	   1	[      1]
526   	0     	      8	   NeutLargeDark	   1037.3945	   2113.28	    0.0	    00000000     00000000	   1	[      5]
527   	0     	      7	  NegSmallBright	   1039.7383	   2343.75	    0.0	    00000000     00000000	   1	[      4]
528   	0     	      6	  NegLargeBright	   1042.0039	   2265.62	    0.0	    00000000     00000000	   1	[      3]
529   	0     	     11	 NeutSmallBright	   1044.1172	   2113.28	    0.0	    00000000     00000000	   1	[      8]
530   	0     	      5	    NegSmallDark	   1046.1484	   2031.25	    0.0	    00000000     00000000	   1	[      2]
531   	0     	      6	  NegLargeBright	   1048.3242	   2175.78	    0.0	    00000000     00000000	   1	[      3]
532   	0     	     11	 NeutSmallBright	   1050.3477	   2023.44	    0.0	    00000000     00000000	   1	[      8]
533   	0     	     15	     condition15	   1052.8008	   2453.12	    0.0	    00000000     00000000	   1	[       ]
534   	0     	      2	      condition2	   1053.6562	    855.47	    0.0	    00000000     00000000	   1	[       ]
535   	0     	      4	    NegLargeDark	   1055.1953	   1539.06	    0.0	    00000000     00000000	   1	[      1]
536   	0     	      5	    NegSmallDark	   1057.4609	   2265.62	    0.0	    00000000     00000000	   1	[      2]
537   	0     	      7	  NegSmallBright	   1059.8438	   2382.81	    0.0	    00000000     00000000	   1	[      4]
538   	0     	      9	   NeutSmallDark	   1062.1289	   2285.16	    0.0	    00000000     00000000	   1	[      6]
539   	0     	      4	    NegLargeDark	   1064.5430	   2414.06	    0.0	    00000000     00000000	   1	[      1]
540   	0     	      5	    NegSmallDark	   1066.8281	   2285.16	    0.0	    00000000     00000000	   1	[      2]
541   	0     	      7	  NegSmallBright	   1069.1406	   2312.50	    0.0	    00000000     00000000	   1	[      4]
542   	0     	      8	   NeutLargeDark	   1071.2344	   2093.75	    0.0	    00000000     00000000	   1	[      5]
543   	0     	      2	      condition2	   1071.7656	    531.25	    0.0	    00000000     00000000	   1	[       ]
544   	0     	      8	   NeutLargeDark	   1073.4375	   1671.88	    0.0	    00000000     00000000	   1	[      5]
545   	0     	      9	   NeutSmallDark	   1075.8711	   2433.59	    0.0	    00000000     00000000	   1	[      6]
546   	0     	     11	 NeutSmallBright	   1078.3672	   2496.09	    0.0	    00000000     00000000	   1	[      8]
547   	0     	     13	     condition13	   1080.7305	   2363.28	    0.0	    00000000     00000000	   1	[       ]
548   	0     	      2	      condition2	   1081.8086	   1078.12	    0.0	    00000000     00000000	   1	[       ]
549   	0     	      5	    NegSmallDark	   1082.9961	   1187.50	    0.0	    00000000     00000000	   1	[      2]
550   	0     	     10	 NeutLargeBright	   1085.3984	   2402.34	    0.0	    00000000     00000000	   1	[      7]
551   	0     	      9	   NeutSmallDark	   1087.7617	   2363.28	    0.0	    00000000     00000000	   1	[      6]
552   	0     	      6	  NegLargeBright	   1090.1484	   2386.72	    0.0	    00000000     00000000	   1	[      3]
553   	0     	     11	 NeutSmallBright	   1092.4414	   2292.97	    0.0	    00000000     00000000	   1	[      8]
554   	0     	     10	 NeutLargeBright	   1094.7852	   2343.75	    0.0	    00000000     00000000	   1	[      7]
555   	0     	      8	   NeutLargeDark	   1096.9297	   2144.53	    0.0	    00000000     00000000	   1	[      5]
556   	0     	     11	 NeutSmallBright	   1098.9844	   2054.69	    0.0	    00000000     00000000	   1	[      8]
557   	0     	     15	     condition15	   1101.3359	   2351.56	    0.0	    00000000     00000000	   1	[       ]
558   	0     	      2	      condition2	   1101.9844	    648.44	    0.0	    00000000     00000000	   1	[       ]
559   	0     	      7	  NegSmallBright	   1103.5898	   1605.47	    0.0	    00000000     00000000	   1	[      4]
560   	0     	      5	    NegSmallDark	   1105.7539	   2164.06	    0.0	    00000000     00000000	   1	[      2]
561   	0     	      5	    NegSmallDark	   1107.8281	   2074.22	    0.0	    00000000     00000000	   1	[      2]
562   	0     	     12	     condition12	   1110.2422	   2414.06	    0.0	    00000000     00000000	   1	[       ]
563   	0     	      2	      condition2	   1110.7656	    523.44	    0.0	    00000000     00000000	   1	[       ]
564   	0     	      5	    NegSmallDark	   1112.4375	   1671.88	    0.0	    00000000     00000000	   1	[      2]
565   	0     	     11	 NeutSmallBright	   1114.5820	   2144.53	    0.0	    00000000     00000000	   1	[      8]
566   	0     	     10	 NeutLargeBright	   1116.8633	   2281.25	    0.0	    00000000     00000000	   1	[      7]
567   	0     	     10	 NeutLargeBright	   1119.1367	   2273.44	    0.0	    00000000     00000000	   1	[      7]
568   	0     	      6	  NegLargeBright	   1123.0117	   3875.00	    0.0	    00000000     00000000	   1	[      3]
569   	0     	      6	  NegLargeBright	   1125.1328	   2121.09	    0.0	    00000000     00000000	   1	[      3]
570   	0     	     11	 NeutSmallBright	   1127.4297	   2296.88	    0.0	    00000000     00000000	   1	[      8]
571   	0     	      5	    NegSmallDark	   1129.5820	   2152.34	    0.0	    00000000     00000000	   1	[      2]
572   	0     	      9	   NeutSmallDark	   1132.0078	   2425.78	    0.0	    00000000     00000000	   1	[      6]
573   	0     	      4	    NegLargeDark	   1134.5195	   2511.72	    0.0	    00000000     00000000	   1	[      1]
574   	0     	      7	  NegSmallBright	   1136.5430	   2023.44	    0.0	    00000000     00000000	   1	[      4]
575   	0     	     11	 NeutSmallBright	   1138.5664	   2023.44	    0.0	    00000000     00000000	   1	[      8]
576   	0     	     10	 NeutLargeBright	   1140.9609	   2394.53	    0.0	    00000000     00000000	   1	[      7]
577   	0     	     11	 NeutSmallBright	   1143.3047	   2343.75	    0.0	    00000000     00000000	   1	[      8]
578   	0     	      9	   NeutSmallDark	   1145.3594	   2054.69	    0.0	    00000000     00000000	   1	[      6]
579   	0     	      8	   NeutLargeDark	   1147.8945	   2535.16	    0.0	    00000000     00000000	   1	[      5]
580   	0     	      5	    NegSmallDark	   1150.2695	   2375.00	    0.0	    00000000     00000000	   1	[      2]
581   	0     	      5	    NegSmallDark	   1152.3203	   2050.78	    0.0	    00000000     00000000	   1	[      2]
582   	0     	     13	     condition13	   1154.4141	   2093.75	    0.0	    00000000     00000000	   1	[       ]
583   	0     	      2	      condition2	   1155.1875	    773.44	    0.0	    00000000     00000000	   1	[       ]
584   	0     	      8	   NeutLargeDark	   1156.8711	   1683.59	    0.0	    00000000     00000000	   1	[      5]
585   	0     	     11	 NeutSmallBright	   1159.0039	   2132.81	    0.0	    00000000     00000000	   1	[      8]
586   	0     	      7	  NegSmallBright	   1161.4492	   2445.31	    0.0	    00000000     00000000	   1	[      4]
587   	0     	      9	   NeutSmallDark	   1163.8828	   2433.59	    0.0	    00000000     00000000	   1	[      6]
588   	0     	      9	   NeutSmallDark	   1166.3555	   2472.66	    0.0	    00000000     00000000	   1	[      6]
589   	0     	      4	    NegLargeDark	   1168.6016	   2246.09	    0.0	    00000000     00000000	   1	[      1]
590   	0     	      5	    NegSmallDark	   1170.8750	   2273.44	    0.0	    00000000     00000000	   1	[      2]
591   	0     	      9	   NeutSmallDark	   1173.2969	   2421.88	    0.0	    00000000     00000000	   1	[      6]
592   	0     	      7	  NegSmallBright	   1175.7617	   2464.84	    0.0	    00000000     00000000	   1	[      4]
593   	0     	      7	  NegSmallBright	   1178.0156	   2253.91	    0.0	    00000000     00000000	   1	[      4]
594   	0     	      8	   NeutLargeDark	   1180.1602	   2144.53	    0.0	    00000000     00000000	   1	[      5]
595   	0     	     10	 NeutLargeBright	   1182.4531	   2292.97	    0.0	    00000000     00000000	   1	[      7]
596   	0     	     14	     condition14	   1184.6172	   2164.06	    0.0	    00000000     00000000	   1	[       ]
597   	0     	      2	      condition2	   1185.1992	    582.03	    0.0	    00000000     00000000	   1	[       ]
598   	0     	     12	     condition12	   1186.8633	   1664.06	    0.0	    00000000     00000000	   1	[       ]
599   	0     	      2	      condition2	   1187.4297	    566.41	    0.0	    00000000     00000000	   1	[       ]
600   	0     	      4	    NegLargeDark	   1189.3086	   1878.91	    0.0	    00000000     00000000	   1	[      1]
601   	0     	      7	  NegSmallBright	   1191.5703	   2261.72	    0.0	    00000000     00000000	   1	[      4]
602   	0     	      6	  NegLargeBright	   1193.8750	   2304.69	    0.0	    00000000     00000000	   1	[      3]
603   	0     	      7	  NegSmallBright	   1196.2773	   2402.34	    0.0	    00000000     00000000	   1	[      4]
604   	0     	      4	    NegLargeDark	   1198.4727	   2195.31	    0.0	    00000000     00000000	   1	[      1]
605   	0     	     10	 NeutLargeBright	   1200.8086	   2335.94	    0.0	    00000000     00000000	   1	[      7]
606   	0     	      6	  NegLargeBright	   1203.1328	   2324.22	    0.0	    00000000     00000000	   1	[      3]
607   	0     	      4	    NegLargeDark	   1205.3555	   2222.66	    0.0	    00000000     00000000	   1	[      1]
608   	0     	     11	 NeutSmallBright	   1207.8477	   2492.19	    0.0	    00000000     00000000	   1	[      8]
609   	0     	     14	     condition14	   1210.2617	   2414.06	    0.0	    00000000     00000000	   1	[       ]
610   	0     	      2	      condition2	   1210.8086	    546.88	    0.0	    00000000     00000000	   1	[       ]
611   	0     	      2	      condition2	   1211.9688	   1160.16	    0.0	    00000000     00000000	   1	[       ]
612   	0     	      7	  NegSmallBright	   1212.5391	    570.31	    0.0	    00000000     00000000	   1	[      4]
613   	0     	      9	   NeutSmallDark	   1214.7812	   2242.19	    0.0	    00000000     00000000	   1	[      6]
614   	0     	     11	 NeutSmallBright	   1217.1758	   2394.53	    0.0	    00000000     00000000	   1	[      8]
615   	0     	      8	   NeutLargeDark	   1219.5898	   2414.06	    0.0	    00000000     00000000	   1	[      5]
616   	0     	      7	  NegSmallBright	   1221.7344	   2144.53	    0.0	    00000000     00000000	   1	[      4]
617   	0     	     10	 NeutLargeBright	   1223.8477	   2113.28	    0.0	    00000000     00000000	   1	[      7]
618   	0     	      7	  NegSmallBright	   1226.1133	   2265.62	    0.0	    00000000     00000000	   1	[      4]
619   	0     	     11	 NeutSmallBright	   1228.4336	   2320.31	    0.0	    00000000     00000000	   1	[      8]
620   	0     	     11	 NeutSmallBright	   1230.8516	   2417.97	    0.0	    00000000     00000000	   1	[      8]
621   	0     	     12	     condition12	   1233.3555	   2503.91	    0.0	    00000000     00000000	   1	[       ]
622   	0     	      2	      condition2	   1233.9023	    546.88	    0.0	    00000000     00000000	   1	[       ]
623   	0     	      8	   NeutLargeDark	   1235.7188	   1816.41	    0.0	    00000000     00000000	   1	[      5]
624   	0     	      4	    NegLargeDark	   1238.0234	   2304.69	    0.0	    00000000     00000000	   1	[      1]
625   	0     	      8	   NeutLargeDark	   1240.3164	   2292.97	    0.0	    00000000     00000000	   1	[      5]
626   	0     	     11	 NeutSmallBright	   1242.4609	   2144.53	    0.0	    00000000     00000000	   1	[      8]
627   	0     	      4	    NegLargeDark	   1244.9531	   2492.19	    0.0	    00000000     00000000	   1	[      1]
628   	0     	     13	     condition13	   1247.4375	   2484.38	    0.0	    00000000     00000000	   1	[       ]
629   	0     	      2	      condition2	   1248.7852	   1347.66	    0.0	    00000000     00000000	   1	[       ]
630   	0     	     10	 NeutLargeBright	   1249.6328	    847.66	    0.0	    00000000     00000000	   1	[      7]
631   	0     	     11	 NeutSmallBright	   1251.8047	   2171.88	    0.0	    00000000     00000000	   1	[      8]
632   	0     	      4	    NegLargeDark	   1254.3125	   2507.81	    0.0	    00000000     00000000	   1	[      1]
633   	0     	      8	   NeutLargeDark	   1256.5742	   2261.72	    0.0	    00000000     00000000	   1	[      5]
634   	0     	      4	    NegLargeDark	   1259.0000	   2425.78	    0.0	    00000000     00000000	   1	[      1]
635   	0     	     10	 NeutLargeBright	   1261.2148	   2214.84	    0.0	    00000000     00000000	   1	[      7]
636   	0     	      9	   NeutSmallDark	   1263.7266	   2511.72	    0.0	    00000000     00000000	   1	[      6]
637   	0     	      9	   NeutSmallDark	   1265.7812	   2054.69	    0.0	    00000000     00000000	   1	[      6]
638   	0     	      7	  NegSmallBright	   1268.0234	   2242.19	    0.0	    00000000     00000000	   1	[      4]
639   	0     	      4	    NegLargeDark	   1270.3398	   2316.41	    0.0	    00000000     00000000	   1	[      1]
640   	0     	     11	 NeutSmallBright	   1272.6328	   2292.97	    0.0	    00000000     00000000	   1	[      8]
641   	0     	     11	 NeutSmallBright	   1275.0977	   2464.84	    0.0	    00000000     00000000	   1	[      8]
642   	0     	     10	 NeutLargeBright	   1277.6133	   2515.62	    0.0	    00000000     00000000	   1	[      7]
643   	0     	     10	 NeutLargeBright	   1279.9258	   2312.50	    0.0	    00000000     00000000	   1	[      7]
644   	0     	     10	 NeutLargeBright	   1282.1094	   2183.59	    0.0	    00000000     00000000	   1	[      7]
