#  Non-editable header begin --------------------------------------------------------------------------------
# 
#  data format...............: continuous
#  setname...................: BDF file
#  filename..................: none_specified
#  filepath..................: none_specified
#  nchan.....................: 64
#  pnts......................: 328960
#  srate.....................: 256
#  nevents...................: 645
#  generated by (bdf)........: 
#  generated by (set)........: BDF file
#  reported in ..............: 
#  prog Version..............: 8.02
#  creation date.............: 18-Nov-2020 17:28:18
#  user Account..............: 
# 
#  Non-editable header end --------------------------------------------------------------------------------

	bin 1,	# 60,	NegLargeDark
	bin 2,	# 60,	NegSmallDark
	bin 3,	# 60,	NegLargeBright
	bin 4,	# 60,	NegSmallBright
	bin 5,	# 60,	NeutLargeDark
	bin 6,	# 60,	NeutSmallDark
	bin 7,	# 60,	NeutLargeBright
	bin 8,	# 60,	NeutSmallBright



# item	 bepoch	  ecode	            label	      onset	          diff	     dura	b_flags	   a_flags	  enable	    bin
#                                                 (sec)           (msec)     (msec)    (binary)   (binary)


1     	0     	     15	     condition15	      1.2344	      0.00	    0.0	    00000000     00000000	   1	[       ]
2     	0     	      2	      condition2	      2.0664	    832.03	    0.0	    00000000     00000000	   1	[       ]
3     	0     	     11	 NeutSmallBright	      3.4375	   1371.09	    0.0	    00000000     00000000	   1	[      8]
4     	0     	      4	    NegLargeDark	      5.5586	   2121.09	    0.0	    00000000     00000000	   1	[      1]
5     	0     	      7	  NegSmallBright	      7.7539	   2195.31	    0.0	    00000000     00000000	   1	[      4]
6     	0     	      8	   NeutLargeDark	     10.1367	   2382.81	    0.0	    00000000     00000000	   1	[      5]
7     	0     	      6	  NegLargeBright	     12.3906	   2253.91	    0.0	    00000000     00000000	   1	[      3]
8     	0     	      5	    NegSmallDark	     14.7969	   2406.25	    0.0	    00000000     00000000	   1	[      2]
9     	0     	     10	 NeutLargeBright	     16.8984	   2101.56	    0.0	    00000000     00000000	   1	[      7]
10    	0     	      9	   NeutSmallDark	     19.3242	   2425.78	    0.0	    00000000     00000000	   1	[      6]
11    	0     	      4	    NegLargeDark	     21.6367	   2312.50	    0.0	    00000000     00000000	   1	[      1]
12    	0     	      9	   NeutSmallDark	     23.9414	   2304.69	    0.0	    00000000     00000000	   1	[      6]
13    	0     	      6	  NegLargeBright	     26.4961	   2554.69	    0.0	    00000000     00000000	   1	[      3]
14    	0     	      9	   NeutSmallDark	     28.8906	   2394.53	    0.0	    00000000     00000000	   1	[      6]
15    	0     	      7	  NegSmallBright	     31.3672	   2476.56	    0.0	    00000000     00000000	   1	[      4]
16    	0     	     11	 NeutSmallBright	     33.4805	   2113.28	    0.0	    00000000     00000000	   1	[      8]
17    	0     	     15	     condition15	     35.6914	   2210.94	    0.0	    00000000     00000000	   1	[       ]
18    	0     	      2	      condition2	     36.2773	    585.94	    0.0	    00000000     00000000	   1	[       ]
19    	0     	     10	 NeutLargeBright	     38.1289	   1851.56	    0.0	    00000000     00000000	   1	[      7]
20    	0     	      5	    NegSmallDark	     40.4023	   2273.44	    0.0	    00000000     00000000	   1	[      2]
21    	0     	     10	 NeutLargeBright	     42.7461	   2343.75	    0.0	    00000000     00000000	   1	[      7]
22    	0     	      5	    NegSmallDark	     45.0195	   2273.44	    0.0	    00000000     00000000	   1	[      2]
23    	0     	      5	    NegSmallDark	     47.2734	   2253.91	    0.0	    00000000     00000000	   1	[      2]
24    	0     	      7	  NegSmallBright	     49.3672	   2093.75	    0.0	    00000000     00000000	   1	[      4]
25    	0     	     10	 NeutLargeBright	     51.6328	   2265.62	    0.0	    00000000     00000000	   1	[      7]
26    	0     	      9	   NeutSmallDark	     53.7031	   2070.31	    0.0	    00000000     00000000	   1	[      6]
27    	0     	      9	   NeutSmallDark	     55.8203	   2117.19	    0.0	    00000000     00000000	   1	[      6]
28    	0     	      4	    NegLargeDark	     58.1328	   2312.50	    0.0	    00000000     00000000	   1	[      1]
29    	0     	      6	  NegLargeBright	     60.2266	   2093.75	    0.0	    00000000     00000000	   1	[      3]
30    	0     	      4	    NegLargeDark	     62.2812	   2054.69	    0.0	    00000000     00000000	   1	[      1]
31    	0     	     10	 NeutLargeBright	     64.6758	   2394.53	    0.0	    00000000     00000000	   1	[      7]
32    	0     	      7	  NegSmallBright	     66.8086	   2132.81	    0.0	    00000000     00000000	   1	[      4]
33    	0     	      6	  NegLargeBright	     68.8633	   2054.69	    0.0	    00000000     00000000	   1	[      3]
34    	0     	     11	 NeutSmallBright	     70.9570	   2093.75	    0.0	    00000000     00000000	   1	[      8]
35    	0     	      5	    NegSmallDark	     73.1094	   2152.34	    0.0	    00000000     00000000	   1	[      2]
36    	0     	     11	 NeutSmallBright	     75.4922	   2382.81	    0.0	    00000000     00000000	   1	[      8]
37    	0     	      6	  NegLargeBright	     77.5781	   2085.94	    0.0	    00000000     00000000	   1	[      3]
38    	0     	      7	  NegSmallBright	     79.9922	   2414.06	    0.0	    00000000     00000000	   1	[      4]
39    	0     	     15	     condition15	     82.4062	   2414.06	    0.0	    00000000     00000000	   1	[       ]
40    	0     	      8	   NeutLargeDark	     84.8906	   2484.38	    0.0	    00000000     00000000	   1	[      5]
41    	0     	      4	    NegLargeDark	     87.3242	   2433.59	    0.0	    00000000     00000000	   1	[      1]
42    	0     	     11	 NeutSmallBright	     89.5898	   2265.62	    0.0	    00000000     00000000	   1	[      8]
43    	0     	     14	     condition14	     91.7305	   2140.62	    0.0	    00000000     00000000	   1	[       ]
44    	0     	      2	      condition2	     92.2969	    566.41	    0.0	    00000000     00000000	   1	[       ]
45    	0     	      7	  NegSmallBright	     93.8359	   1539.06	    0.0	    00000000     00000000	   1	[      4]
46    	0     	     11	 NeutSmallBright	     95.9805	   2144.53	    0.0	    00000000     00000000	   1	[      8]
47    	0     	     11	 NeutSmallBright	     98.3438	   2363.28	    0.0	    00000000     00000000	   1	[      8]
48    	0     	     10	 NeutLargeBright	    100.5156	   2171.88	    0.0	    00000000     00000000	   1	[      7]
49    	0     	      8	   NeutLargeDark	    103.0117	   2496.09	    0.0	    00000000     00000000	   1	[      5]
50    	0     	      5	    NegSmallDark	    105.3672	   2355.47	    0.0	    00000000     00000000	   1	[      2]
51    	0     	      4	    NegLargeDark	    107.8906	   2523.44	    0.0	    00000000     00000000	   1	[      1]
52    	0     	      5	    NegSmallDark	    110.4141	   2523.44	    0.0	    00000000     00000000	   1	[      2]
53    	0     	      8	   NeutLargeDark	    112.7070	   2292.97	    0.0	    00000000     00000000	   1	[      5]
54    	0     	      9	   NeutSmallDark	    114.7617	   2054.69	    0.0	    00000000     00000000	   1	[      6]
55    	0     	      5	    NegSmallDark	    116.9453	   2183.59	    0.0	    00000000     00000000	   1	[      2]
56    	0     	     15	     condition15	    119.4219	   2476.56	    0.0	    00000000     00000000	   1	[       ]
57    	0     	      2	      condition2	    119.9727	    550.78	    0.0	    00000000     00000000	   1	[       ]
58    	0     	      6	  NegLargeBright	    121.6328	   1660.16	    0.0	    00000000     00000000	   1	[      3]
59    	0     	      5	    NegSmallDark	    123.9766	   2343.75	    0.0	    00000000     00000000	   1	[      2]
60    	0     	     11	 NeutSmallBright	    126.4336	   2457.03	    0.0	    00000000     00000000	   1	[      8]
61    	0     	      8	   NeutLargeDark	    128.8867	   2453.12	    0.0	    00000000     00000000	   1	[      5]
62    	0     	      5	    NegSmallDark	    131.3008	   2414.06	    0.0	    00000000     00000000	   1	[      2]
63    	0     	      6	  NegLargeBright	    133.7266	   2425.78	    0.0	    00000000     00000000	   1	[      3]
64    	0     	     11	 NeutSmallBright	    136.0703	   2343.75	    0.0	    00000000     00000000	   1	[      8]
65    	0     	     12	     condition12	    138.4141	   2343.75	    0.0	    00000000     00000000	   1	[       ]
66    	0     	      2	      condition2	    138.8984	    484.38	    0.0	    00000000     00000000	   1	[       ]
67    	0     	      6	  NegLargeBright	    140.9102	   2011.72	    0.0	    00000000     00000000	   1	[      3]
68    	0     	      8	   NeutLargeDark	    143.1836	   2273.44	    0.0	    00000000     00000000	   1	[      5]
69    	0     	      6	  NegLargeBright	    145.6758	   2492.19	    0.0	    00000000     00000000	   1	[      3]
70    	0     	      6	  NegLargeBright	    148.0508	   2375.00	    0.0	    00000000     00000000	   1	[      3]
71    	0     	      6	  NegLargeBright	    150.4336	   2382.81	    0.0	    00000000     00000000	   1	[      3]
72    	0     	      4	    NegLargeDark	    152.7188	   2285.16	    0.0	    00000000     00000000	   1	[      1]
73    	0     	      5	    NegSmallDark	    154.8320	   2113.28	    0.0	    00000000     00000000	   1	[      2]
74    	0     	     12	     condition12	    157.1758	   2343.75	    0.0	    00000000     00000000	   1	[       ]
75    	0     	      2	      condition2	    157.7422	    566.41	    0.0	    00000000     00000000	   1	[       ]
76    	0     	      4	    NegLargeDark	    159.5312	   1789.06	    0.0	    00000000     00000000	   1	[      1]
77    	0     	    253	              ""	    161.9531	   2421.88	    0.0	    00000000     00000000	   1	[       ]
78    	0     	      5	    NegSmallDark	    162.9570	   1003.91	    0.0	    00000000     00000000	   1	[      2]
79    	0     	      5	    NegSmallDark	    165.0000	   2042.97	    0.0	    00000000     00000000	   1	[      2]
80    	0     	      5	    NegSmallDark	    167.1250	   2125.00	    0.0	    00000000     00000000	   1	[      2]
81    	0     	      9	   NeutSmallDark	    169.4570	   2332.03	    0.0	    00000000     00000000	   1	[      6]
82    	0     	     11	 NeutSmallBright	    171.8438	   2386.72	    0.0	    00000000     00000000	   1	[      8]
83    	0     	     12	     condition12	    174.0859	   2242.19	    0.0	    00000000     00000000	   1	[       ]
84    	0     	      2	      condition2	    174.5781	    492.19	    0.0	    00000000     00000000	   1	[       ]
85    	0     	     14	     condition14	    176.2422	   1664.06	    0.0	    00000000     00000000	   1	[       ]
86    	0     	      2	      condition2	    176.6875	    445.31	    0.0	    00000000     00000000	   1	[       ]
87    	0     	      7	  NegSmallBright	    178.3438	   1656.25	    0.0	    00000000     00000000	   1	[      4]
88    	0     	      6	  NegLargeBright	    180.7773	   2433.59	    0.0	    00000000     00000000	   1	[      3]
89    	0     	      8	   NeutLargeDark	    183.0430	   2265.62	    0.0	    00000000     00000000	   1	[      5]
90    	0     	      5	    NegSmallDark	    185.5078	   2464.84	    0.0	    00000000     00000000	   1	[      2]
91    	0     	      6	  NegLargeBright	    187.6797	   2171.88	    0.0	    00000000     00000000	   1	[      3]
92    	0     	     15	     condition15	    189.9961	   2316.41	    0.0	    00000000     00000000	   1	[       ]
93    	0     	      2	      condition2	    190.5977	    601.56	    0.0	    00000000     00000000	   1	[       ]
94    	0     	     10	 NeutLargeBright	    192.4375	   1839.84	    0.0	    00000000     00000000	   1	[      7]
95    	0     	     15	     condition15	    194.6016	   2164.06	    0.0	    00000000     00000000	   1	[       ]
96    	0     	      2	      condition2	    195.1328	    531.25	    0.0	    00000000     00000000	   1	[       ]
97    	0     	     12	     condition12	    197.0977	   1964.84	    0.0	    00000000     00000000	   1	[       ]
98    	0     	      2	      condition2	    197.5820	    484.38	    0.0	    00000000     00000000	   1	[       ]
99    	0     	     10	 NeutLargeBright	    199.4922	   1910.16	    0.0	    00000000     00000000	   1	[      7]
100   	0     	      4	    NegLargeDark	    201.8359	   2343.75	    0.0	    00000000     00000000	   1	[      1]
101   	0     	     10	 NeutLargeBright	    204.1797	   2343.75	    0.0	    00000000     00000000	   1	[      7]
102   	0     	      4	    NegLargeDark	    206.4648	   2285.16	    0.0	    00000000     00000000	   1	[      1]
103   	0     	      6	  NegLargeBright	    208.5859	   2121.09	    0.0	    00000000     00000000	   1	[      3]
104   	0     	      7	  NegSmallBright	    210.7500	   2164.06	    0.0	    00000000     00000000	   1	[      4]
105   	0     	     10	 NeutLargeBright	    212.8633	   2113.28	    0.0	    00000000     00000000	   1	[      7]
106   	0     	      8	   NeutLargeDark	    215.1602	   2296.88	    0.0	    00000000     00000000	   1	[      5]
107   	0     	      5	    NegSmallDark	    217.4609	   2300.78	    0.0	    00000000     00000000	   1	[      2]
108   	0     	     11	 NeutSmallBright	    219.6953	   2234.38	    0.0	    00000000     00000000	   1	[      8]
109   	0     	      9	   NeutSmallDark	    222.1016	   2406.25	    0.0	    00000000     00000000	   1	[      6]
110   	0     	     15	     condition15	    224.1758	   2074.22	    0.0	    00000000     00000000	   1	[       ]
111   	0     	      2	      condition2	    224.7617	    585.94	    0.0	    00000000     00000000	   1	[       ]
112   	0     	      8	   NeutLargeDark	    226.5195	   1757.81	    0.0	    00000000     00000000	   1	[      5]
113   	0     	      7	  NegSmallBright	    228.8438	   2324.22	    0.0	    00000000     00000000	   1	[      4]
114   	0     	      5	    NegSmallDark	    231.1680	   2324.22	    0.0	    00000000     00000000	   1	[      2]
115   	0     	      4	    NegLargeDark	    233.4219	   2253.91	    0.0	    00000000     00000000	   1	[      1]
116   	0     	     10	 NeutLargeBright	    235.9258	   2503.91	    0.0	    00000000     00000000	   1	[      7]
117   	0     	      4	    NegLargeDark	    238.0195	   2093.75	    0.0	    00000000     00000000	   1	[      1]
118   	0     	     13	     condition13	    240.3828	   2363.28	    0.0	    00000000     00000000	   1	[       ]
119   	0     	      2	      condition2	    240.8555	    472.66	    0.0	    00000000     00000000	   1	[       ]
120   	0     	      4	    NegLargeDark	    242.7578	   1902.34	    0.0	    00000000     00000000	   1	[      1]
121   	0     	      5	    NegSmallDark	    244.9531	   2195.31	    0.0	    00000000     00000000	   1	[      2]
122   	0     	      5	    NegSmallDark	    247.2266	   2273.44	    0.0	    00000000     00000000	   1	[      2]
123   	0     	     11	 NeutSmallBright	    249.7383	   2511.72	    0.0	    00000000     00000000	   1	[      8]
124   	0     	      9	   NeutSmallDark	    251.7734	   2035.16	    0.0	    00000000     00000000	   1	[      6]
125   	0     	      4	    NegLargeDark	    254.2383	   2464.84	    0.0	    00000000     00000000	   1	[      1]
126   	0     	     11	 NeutSmallBright	    256.6523	   2414.06	    0.0	    00000000     00000000	   1	[      8]
127   	0     	     14	     condition14	    259.1172	   2464.84	    0.0	    00000000     00000000	   1	[       ]
128   	0     	      2	      condition2	    259.6367	    519.53	    0.0	    00000000     00000000	   1	[       ]
129   	0     	     12	     condition12	    261.5391	   1902.34	    0.0	    00000000     00000000	   1	[       ]
130   	0     	      2	      condition2	    262.0977	    558.59	    0.0	    00000000     00000000	   1	[       ]
131   	0     	      9	   NeutSmallDark	    263.8047	   1707.03	    0.0	    00000000     00000000	   1	[      6]
132   	0     	     13	     condition13	    266.0781	   2273.44	    0.0	    00000000     00000000	   1	[       ]
133   	0     	      2	      condition2	    266.5156	    437.50	    0.0	    00000000     00000000	   1	[       ]
134   	0     	     10	 NeutLargeBright	    268.2305	   1714.84	    0.0	    00000000     00000000	   1	[      7]
135   	0     	     11	 NeutSmallBright	    270.4961	   2265.62	    0.0	    00000000     00000000	   1	[      8]
136   	0     	      5	    NegSmallDark	    272.5898	   2093.75	    0.0	    00000000     00000000	   1	[      2]
137   	0     	      9	   NeutSmallDark	    274.7617	   2171.88	    0.0	    00000000     00000000	   1	[      6]
138   	0     	     10	 NeutLargeBright	    276.9688	   2207.03	    0.0	    00000000     00000000	   1	[      7]
139   	0     	      7	  NegSmallBright	    279.2500	   2281.25	    0.0	    00000000     00000000	   1	[      4]
140   	0     	      8	   NeutLargeDark	    281.4648	   2214.84	    0.0	    00000000     00000000	   1	[      5]
141   	0     	     13	     condition13	    283.8086	   2343.75	    0.0	    00000000     00000000	   1	[       ]
142   	0     	      2	      condition2	    284.2969	    488.28	    0.0	    00000000     00000000	   1	[       ]
143   	0     	      5	    NegSmallDark	    286.1523	   1855.47	    0.0	    00000000     00000000	   1	[      2]
144   	0     	      9	   NeutSmallDark	    288.2969	   2144.53	    0.0	    00000000     00000000	   1	[      6]
145   	0     	      9	   NeutSmallDark	    290.7031	   2406.25	    0.0	    00000000     00000000	   1	[      6]
146   	0     	      7	  NegSmallBright	    293.1172	   2414.06	    0.0	    00000000     00000000	   1	[      4]
147   	0     	     12	     condition12	    295.2109	   2093.75	    0.0	    00000000     00000000	   1	[       ]
148   	0     	      2	      condition2	    295.6953	    484.38	    0.0	    00000000     00000000	   1	[       ]
149   	0     	     11	 NeutSmallBright	    297.6523	   1957.03	    0.0	    00000000     00000000	   1	[      8]
150   	0     	      8	   NeutLargeDark	    299.9375	   2285.16	    0.0	    00000000     00000000	   1	[      5]
151   	0     	      4	    NegLargeDark	    302.3125	   2375.00	    0.0	    00000000     00000000	   1	[      1]
152   	0     	      4	    NegLargeDark	    304.7070	   2394.53	    0.0	    00000000     00000000	   1	[      1]
153   	0     	      9	   NeutSmallDark	    307.2227	   2515.62	    0.0	    00000000     00000000	   1	[      6]
154   	0     	      8	   NeutLargeDark	    309.4258	   2203.12	    0.0	    00000000     00000000	   1	[      5]
155   	0     	      8	   NeutLargeDark	    311.5469	   2121.09	    0.0	    00000000     00000000	   1	[      5]
156   	0     	      5	    NegSmallDark	    313.9023	   2355.47	    0.0	    00000000     00000000	   1	[      2]
157   	0     	     10	 NeutLargeBright	    316.3359	   2433.59	    0.0	    00000000     00000000	   1	[      7]
158   	0     	      6	  NegLargeBright	    318.6211	   2285.16	    0.0	    00000000     00000000	   1	[      3]
159   	0     	     11	 NeutSmallBright	    320.7852	   2164.06	    0.0	    00000000     00000000	   1	[      8]
160   	0     	     13	     condition13	    324.0781	   3292.97	    0.0	    00000000     00000000	   1	[       ]
161   	0     	      2	      condition2	    324.6211	    542.97	    0.0	    00000000     00000000	   1	[       ]
162   	0     	      8	   NeutLargeDark	    326.5430	   1921.88	    0.0	    00000000     00000000	   1	[      5]
163   	0     	      7	  NegSmallBright	    328.8359	   2292.97	    0.0	    00000000     00000000	   1	[      4]
164   	0     	      9	   NeutSmallDark	    330.9297	   2093.75	    0.0	    00000000     00000000	   1	[      6]
165   	0     	      4	    NegLargeDark	    333.1328	   2203.12	    0.0	    00000000     00000000	   1	[      1]
166   	0     	     10	 NeutLargeBright	    335.3164	   2183.59	    0.0	    00000000     00000000	   1	[      7]
167   	0     	      5	    NegSmallDark	    337.6133	   2296.88	    0.0	    00000000     00000000	   1	[      2]
168   	0     	     14	     condition14	    339.8672	   2253.91	    0.0	    00000000     00000000	   1	[       ]
169   	0     	      2	      condition2	    340.3633	    496.09	    0.0	    00000000     00000000	   1	[       ]
170   	0     	      9	   NeutSmallDark	    342.3398	   1976.56	    0.0	    00000000     00000000	   1	[      6]
171   	0     	      5	    NegSmallDark	    344.5352	   2195.31	    0.0	    00000000     00000000	   1	[      2]
172   	0     	      5	    NegSmallDark	    346.6094	   2074.22	    0.0	    00000000     00000000	   1	[      2]
173   	0     	      4	    NegLargeDark	    348.9102	   2300.78	    0.0	    00000000     00000000	   1	[      1]
174   	0     	     11	 NeutSmallBright	    351.0352	   2125.00	    0.0	    00000000     00000000	   1	[      8]
175   	0     	      7	  NegSmallBright	    353.4805	   2445.31	    0.0	    00000000     00000000	   1	[      4]
176   	0     	     10	 NeutLargeBright	    355.5820	   2101.56	    0.0	    00000000     00000000	   1	[      7]
177   	0     	     10	 NeutLargeBright	    357.8477	   2265.62	    0.0	    00000000     00000000	   1	[      7]
178   	0     	      4	    NegLargeDark	    359.8789	   2031.25	    0.0	    00000000     00000000	   1	[      1]
179   	0     	      7	  NegSmallBright	    362.0938	   2214.84	    0.0	    00000000     00000000	   1	[      4]
180   	0     	      6	  NegLargeBright	    364.2695	   2175.78	    0.0	    00000000     00000000	   1	[      3]
181   	0     	      8	   NeutLargeDark	    366.6641	   2394.53	    0.0	    00000000     00000000	   1	[      5]
182   	0     	     11	 NeutSmallBright	    368.8984	   2234.38	    0.0	    00000000     00000000	   1	[      8]
183   	0     	      4	    NegLargeDark	    371.2422	   2343.75	    0.0	    00000000     00000000	   1	[      1]
184   	0     	      4	    NegLargeDark	    373.6250	   2382.81	    0.0	    00000000     00000000	   1	[      1]
185   	0     	      7	  NegSmallBright	    375.8477	   2222.66	    0.0	    00000000     00000000	   1	[      4]
186   	0     	     15	     condition15	    377.9023	   2054.69	    0.0	    00000000     00000000	   1	[       ]
187   	0     	      2	      condition2	    378.5156	    613.28	    0.0	    00000000     00000000	   1	[       ]
188   	0     	     11	 NeutSmallBright	    380.2266	   1710.94	    0.0	    00000000     00000000	   1	[      8]
189   	0     	     14	     condition14	    382.6719	   2445.31	    0.0	    00000000     00000000	   1	[       ]
190   	0     	      2	      condition2	    383.1875	    515.62	    0.0	    00000000     00000000	   1	[       ]
191   	0     	     13	     condition13	    384.9258	   1738.28	    0.0	    00000000     00000000	   1	[       ]
192   	0     	      2	      condition2	    385.3477	    421.88	    0.0	    00000000     00000000	   1	[       ]
193   	0     	      7	  NegSmallBright	    387.3398	   1992.19	    0.0	    00000000     00000000	   1	[      4]
194   	0     	     11	 NeutSmallBright	    389.7852	   2445.31	    0.0	    00000000     00000000	   1	[      8]
195   	0     	     13	     condition13	    391.8086	   2023.44	    0.0	    00000000     00000000	   1	[       ]
196   	0     	      2	      condition2	    392.2812	    472.66	    0.0	    00000000     00000000	   1	[       ]
197   	0     	      6	  NegLargeBright	    394.0820	   1800.78	    0.0	    00000000     00000000	   1	[      3]
198   	0     	     10	 NeutLargeBright	    396.4062	   2324.22	    0.0	    00000000     00000000	   1	[      7]
199   	0     	      4	    NegLargeDark	    398.8711	   2464.84	    0.0	    00000000     00000000	   1	[      1]
200   	0     	      9	   NeutSmallDark	    401.3555	   2484.38	    0.0	    00000000     00000000	   1	[      6]
201   	0     	      9	   NeutSmallDark	    403.6562	   2300.78	    0.0	    00000000     00000000	   1	[      6]
202   	0     	     11	 NeutSmallBright	    406.1328	   2476.56	    0.0	    00000000     00000000	   1	[      8]
203   	0     	      5	    NegSmallDark	    408.6172	   2484.38	    0.0	    00000000     00000000	   1	[      2]
204   	0     	      4	    NegLargeDark	    411.0391	   2421.88	    0.0	    00000000     00000000	   1	[      1]
205   	0     	     14	     condition14	    413.4961	   2457.03	    0.0	    00000000     00000000	   1	[       ]
206   	0     	      2	      condition2	    413.9336	    437.50	    0.0	    00000000     00000000	   1	[       ]
207   	0     	     12	     condition12	    415.8789	   1945.31	    0.0	    00000000     00000000	   1	[       ]
208   	0     	      2	      condition2	    416.3086	    429.69	    0.0	    00000000     00000000	   1	[       ]
209   	0     	      8	   NeutLargeDark	    417.9414	   1632.81	    0.0	    00000000     00000000	   1	[      5]
210   	0     	     11	 NeutSmallBright	    420.3789	   2437.50	    0.0	    00000000     00000000	   1	[      8]
211   	0     	      7	  NegSmallBright	    422.7500	   2371.09	    0.0	    00000000     00000000	   1	[      4]
212   	0     	      8	   NeutLargeDark	    425.0859	   2335.94	    0.0	    00000000     00000000	   1	[      5]
213   	0     	      9	   NeutSmallDark	    427.1094	   2023.44	    0.0	    00000000     00000000	   1	[      6]
214   	0     	      5	    NegSmallDark	    429.1523	   2042.97	    0.0	    00000000     00000000	   1	[      2]
215   	0     	     10	 NeutLargeBright	    431.3047	   2152.34	    0.0	    00000000     00000000	   1	[      7]
216   	0     	     10	 NeutLargeBright	    433.5195	   2214.84	    0.0	    00000000     00000000	   1	[      7]
217   	0     	      7	  NegSmallBright	    435.8047	   2285.16	    0.0	    00000000     00000000	   1	[      4]
218   	0     	      6	  NegLargeBright	    438.0273	   2222.66	    0.0	    00000000     00000000	   1	[      3]
219   	0     	      8	   NeutLargeDark	    440.4023	   2375.00	    0.0	    00000000     00000000	   1	[      5]
220   	0     	     11	 NeutSmallBright	    442.7148	   2312.50	    0.0	    00000000     00000000	   1	[      8]
221   	0     	      9	   NeutSmallDark	    444.8398	   2125.00	    0.0	    00000000     00000000	   1	[      6]
222   	0     	      7	  NegSmallBright	    447.2148	   2375.00	    0.0	    00000000     00000000	   1	[      4]
223   	0     	      9	   NeutSmallDark	    449.2578	   2042.97	    0.0	    00000000     00000000	   1	[      6]
224   	0     	      5	    NegSmallDark	    451.5039	   2246.09	    0.0	    00000000     00000000	   1	[      2]
225   	0     	     11	 NeutSmallBright	    453.8555	   2351.56	    0.0	    00000000     00000000	   1	[      8]
226   	0     	      6	  NegLargeBright	    456.1484	   2292.97	    0.0	    00000000     00000000	   1	[      3]
227   	0     	      9	   NeutSmallDark	    458.2852	   2136.72	    0.0	    00000000     00000000	   1	[      6]
228   	0     	      9	   NeutSmallDark	    460.7070	   2421.88	    0.0	    00000000     00000000	   1	[      6]
229   	0     	     12	     condition12	    463.2031	   2496.09	    0.0	    00000000     00000000	   1	[       ]
230   	0     	      2	      condition2	    463.6680	    464.84	    0.0	    00000000     00000000	   1	[       ]
231   	0     	      8	   NeutLargeDark	    465.5352	   1867.19	    0.0	    00000000     00000000	   1	[      5]
232   	0     	      5	    NegSmallDark	    467.9023	   2367.19	    0.0	    00000000     00000000	   1	[      2]
233   	0     	     11	 NeutSmallBright	    470.0859	   2183.59	    0.0	    00000000     00000000	   1	[      8]
234   	0     	      4	    NegLargeDark	    472.1602	   2074.22	    0.0	    00000000     00000000	   1	[      1]
235   	0     	     12	     condition12	    474.3438	   2183.59	    0.0	    00000000     00000000	   1	[       ]
236   	0     	      2	      condition2	    474.7695	    425.78	    0.0	    00000000     00000000	   1	[       ]
237   	0     	     14	     condition14	    476.6758	   1906.25	    0.0	    00000000     00000000	   1	[       ]
238   	0     	      2	      condition2	    477.1484	    472.66	    0.0	    00000000     00000000	   1	[       ]
239   	0     	      5	    NegSmallDark	    479.0000	   1851.56	    0.0	    00000000     00000000	   1	[      2]
240   	0     	     13	     condition13	    481.0742	   2074.22	    0.0	    00000000     00000000	   1	[       ]
241   	0     	      2	      condition2	    481.4883	    414.06	    0.0	    00000000     00000000	   1	[       ]
242   	0     	    253	              ""	    483.9375	   2449.22	    0.0	    00000000     00000000	   1	[       ]
243   	0     	      9	   NeutSmallDark	    484.9453	   1007.81	    0.0	    00000000     00000000	   1	[      6]
244   	0     	      6	  NegLargeBright	    487.1914	   2246.09	    0.0	    00000000     00000000	   1	[      3]
245   	0     	      9	   NeutSmallDark	    489.2734	   2082.03	    0.0	    00000000     00000000	   1	[      6]
246   	0     	     11	 NeutSmallBright	    491.7461	   2472.66	    0.0	    00000000     00000000	   1	[      8]
247   	0     	     10	 NeutLargeBright	    494.1523	   2406.25	    0.0	    00000000     00000000	   1	[      7]
248   	0     	      8	   NeutLargeDark	    496.6562	   2503.91	    0.0	    00000000     00000000	   1	[      5]
249   	0     	      7	  NegSmallBright	    498.8320	   2175.78	    0.0	    00000000     00000000	   1	[      4]
250   	0     	      4	    NegLargeDark	    500.9727	   2140.62	    0.0	    00000000     00000000	   1	[      1]
251   	0     	      4	    NegLargeDark	    503.3086	   2335.94	    0.0	    00000000     00000000	   1	[      1]
252   	0     	     10	 NeutLargeBright	    505.7227	   2414.06	    0.0	    00000000     00000000	   1	[      7]
253   	0     	      4	    NegLargeDark	    508.0273	   2304.69	    0.0	    00000000     00000000	   1	[      1]
254   	0     	      5	    NegSmallDark	    510.2891	   2261.72	    0.0	    00000000     00000000	   1	[      2]
255   	0     	     13	     condition13	    512.4961	   2207.03	    0.0	    00000000     00000000	   1	[       ]
256   	0     	     14	     condition14	    514.5977	   2101.56	    0.0	    00000000     00000000	   1	[       ]
257   	0     	      2	      condition2	    515.0742	    476.56	    0.0	    00000000     00000000	   1	[       ]
258   	0     	     15	     condition15	    516.7500	   1675.78	    0.0	    00000000     00000000	   1	[       ]
259   	0     	      2	      condition2	    517.5195	    769.53	    0.0	    00000000     00000000	   1	[       ]
260   	0     	      6	  NegLargeBright	    519.1055	   1585.94	    0.0	    00000000     00000000	   1	[      3]
261   	0     	      4	    NegLargeDark	    521.2188	   2113.28	    0.0	    00000000     00000000	   1	[      1]
262   	0     	     10	 NeutLargeBright	    523.5742	   2355.47	    0.0	    00000000     00000000	   1	[      7]
263   	0     	     11	 NeutSmallBright	    526.0273	   2453.12	    0.0	    00000000     00000000	   1	[      8]
264   	0     	      4	    NegLargeDark	    528.1836	   2156.25	    0.0	    00000000     00000000	   1	[      1]
265   	0     	      5	    NegSmallDark	    530.3867	   2203.12	    0.0	    00000000     00000000	   1	[      2]
266   	0     	      6	  NegLargeBright	    532.7500	   2363.28	    0.0	    00000000     00000000	   1	[      3]
267   	0     	      7	  NegSmallBright	    535.1641	   2414.06	    0.0	    00000000     00000000	   1	[      4]
268   	0     	      7	  NegSmallBright	    537.2773	   2113.28	    0.0	    00000000     00000000	   1	[      4]
269   	0     	      5	    NegSmallDark	    539.7812	   2503.91	    0.0	    00000000     00000000	   1	[      2]
270   	0     	      9	   NeutSmallDark	    541.8242	   2042.97	    0.0	    00000000     00000000	   1	[      6]
271   	0     	     14	     condition14	    543.9805	   2156.25	    0.0	    00000000     00000000	   1	[       ]
272   	0     	      2	      condition2	    544.4375	    457.03	    0.0	    00000000     00000000	   1	[       ]
273   	0     	     10	 NeutLargeBright	    546.2539	   1816.41	    0.0	    00000000     00000000	   1	[      7]
274   	0     	      8	   NeutLargeDark	    548.5391	   2285.16	    0.0	    00000000     00000000	   1	[      5]
275   	0     	      6	  NegLargeBright	    550.7812	   2242.19	    0.0	    00000000     00000000	   1	[      3]
276   	0     	     10	 NeutLargeBright	    553.2266	   2445.31	    0.0	    00000000     00000000	   1	[      7]
277   	0     	     15	     condition15	    555.6211	   2394.53	    0.0	    00000000     00000000	   1	[       ]
278   	0     	      2	      condition2	    556.1641	    542.97	    0.0	    00000000     00000000	   1	[       ]
279   	0     	      5	    NegSmallDark	    557.9336	   1769.53	    0.0	    00000000     00000000	   1	[      2]
280   	0     	     10	 NeutLargeBright	    559.9766	   2042.97	    0.0	    00000000     00000000	   1	[      7]
281   	0     	     10	 NeutLargeBright	    562.1328	   2156.25	    0.0	    00000000     00000000	   1	[      7]
282   	0     	      4	    NegLargeDark	    564.2773	   2144.53	    0.0	    00000000     00000000	   1	[      1]
283   	0     	      9	   NeutSmallDark	    566.3594	   2082.03	    0.0	    00000000     00000000	   1	[      6]
284   	0     	     11	 NeutSmallBright	    568.4414	   2082.03	    0.0	    00000000     00000000	   1	[      8]
285   	0     	      9	   NeutSmallDark	    570.6172	   2175.78	    0.0	    00000000     00000000	   1	[      6]
286   	0     	     11	 NeutSmallBright	    573.1016	   2484.38	    0.0	    00000000     00000000	   1	[      8]
287   	0     	      4	    NegLargeDark	    575.2734	   2171.88	    0.0	    00000000     00000000	   1	[      1]
288   	0     	     11	 NeutSmallBright	    577.7578	   2484.38	    0.0	    00000000     00000000	   1	[      8]
289   	0     	     10	 NeutLargeBright	    579.9922	   2234.38	    0.0	    00000000     00000000	   1	[      7]
290   	0     	      8	   NeutLargeDark	    582.4570	   2464.84	    0.0	    00000000     00000000	   1	[      5]
291   	0     	      4	    NegLargeDark	    584.9102	   2453.12	    0.0	    00000000     00000000	   1	[      1]
292   	0     	      4	    NegLargeDark	    587.3477	   2437.50	    0.0	    00000000     00000000	   1	[      1]
293   	0     	      5	    NegSmallDark	    589.4805	   2132.81	    0.0	    00000000     00000000	   1	[      2]
294   	0     	     14	     condition14	    591.6133	   2132.81	    0.0	    00000000     00000000	   1	[       ]
295   	0     	      2	      condition2	    592.0859	    472.66	    0.0	    00000000     00000000	   1	[       ]
296   	0     	      7	  NegSmallBright	    593.8594	   1773.44	    0.0	    00000000     00000000	   1	[      4]
297   	0     	      5	    NegSmallDark	    595.9102	   2050.78	    0.0	    00000000     00000000	   1	[      2]
298   	0     	      6	  NegLargeBright	    598.0430	   2132.81	    0.0	    00000000     00000000	   1	[      3]
299   	0     	      9	   NeutSmallDark	    600.5078	   2464.84	    0.0	    00000000     00000000	   1	[      6]
300   	0     	      7	  NegSmallBright	    602.6914	   2183.59	    0.0	    00000000     00000000	   1	[      4]
301   	0     	     11	 NeutSmallBright	    604.7148	   2023.44	    0.0	    00000000     00000000	   1	[      8]
302   	0     	      8	   NeutLargeDark	    606.8086	   2093.75	    0.0	    00000000     00000000	   1	[      5]
303   	0     	      4	    NegLargeDark	    609.0859	   2277.34	    0.0	    00000000     00000000	   1	[      1]
304   	0     	      8	   NeutLargeDark	    611.1367	   2050.78	    0.0	    00000000     00000000	   1	[      5]
305   	0     	      8	   NeutLargeDark	    613.1914	   2054.69	    0.0	    00000000     00000000	   1	[      5]
306   	0     	      9	   NeutSmallDark	    615.5352	   2343.75	    0.0	    00000000     00000000	   1	[      6]
307   	0     	      4	    NegLargeDark	    618.0117	   2476.56	    0.0	    00000000     00000000	   1	[      1]
308   	0     	     10	 NeutLargeBright	    620.4961	   2484.38	    0.0	    00000000     00000000	   1	[      7]
309   	0     	      9	   NeutSmallDark	    622.7266	   2230.47	    0.0	    00000000     00000000	   1	[      6]
310   	0     	      5	    NegSmallDark	    624.7617	   2035.16	    0.0	    00000000     00000000	   1	[      2]
311   	0     	      7	  NegSmallBright	    626.8164	   2054.69	    0.0	    00000000     00000000	   1	[      4]
312   	0     	     15	     condition15	    629.3281	   2511.72	    0.0	    00000000     00000000	   1	[       ]
313   	0     	      2	      condition2	    629.9023	    574.22	    0.0	    00000000     00000000	   1	[       ]
314   	0     	      9	   NeutSmallDark	    631.7852	   1882.81	    0.0	    00000000     00000000	   1	[      6]
315   	0     	     12	     condition12	    633.8984	   2113.28	    0.0	    00000000     00000000	   1	[       ]
316   	0     	      2	      condition2	    634.5742	    675.78	    0.0	    00000000     00000000	   1	[       ]
317   	0     	      5	    NegSmallDark	    635.9805	   1406.25	    0.0	    00000000     00000000	   1	[      2]
318   	0     	      4	    NegLargeDark	    638.2344	   2253.91	    0.0	    00000000     00000000	   1	[      1]
319   	0     	      4	    NegLargeDark	    640.3281	   2093.75	    0.0	    00000000     00000000	   1	[      1]
320   	0     	    253	              ""	    642.0781	   1750.00	    0.0	    00000000     00000000	   1	[       ]
321   	0     	     13	     condition13	    643.0859	   1007.81	    0.0	    00000000     00000000	   1	[       ]
322   	0     	      2	      condition2	    643.6602	    574.22	    0.0	    00000000     00000000	   1	[       ]
323   	0     	      5	    NegSmallDark	    645.5508	   1890.62	    0.0	    00000000     00000000	   1	[      2]
324   	0     	      7	  NegSmallBright	    647.9961	   2445.31	    0.0	    00000000     00000000	   1	[      4]
325   	0     	      6	  NegLargeBright	    650.0391	   2042.97	    0.0	    00000000     00000000	   1	[      3]
326   	0     	      9	   NeutSmallDark	    652.3633	   2324.22	    0.0	    00000000     00000000	   1	[      6]
327   	0     	     11	 NeutSmallBright	    654.6250	   2261.72	    0.0	    00000000     00000000	   1	[      8]
328   	0     	      7	  NegSmallBright	    656.7500	   2125.00	    0.0	    00000000     00000000	   1	[      4]
329   	0     	      7	  NegSmallBright	    658.9922	   2242.19	    0.0	    00000000     00000000	   1	[      4]
330   	0     	     14	     condition14	    661.3086	   2316.41	    0.0	    00000000     00000000	   1	[       ]
331   	0     	      2	      condition2	    661.7461	    437.50	    0.0	    00000000     00000000	   1	[       ]
332   	0     	      9	   NeutSmallDark	    663.4023	   1656.25	    0.0	    00000000     00000000	   1	[      6]
333   	0     	     11	 NeutSmallBright	    665.7539	   2351.56	    0.0	    00000000     00000000	   1	[      8]
334   	0     	     11	 NeutSmallBright	    667.8477	   2093.75	    0.0	    00000000     00000000	   1	[      8]
335   	0     	      4	    NegLargeDark	    669.9648	   2117.19	    0.0	    00000000     00000000	   1	[      1]
336   	0     	      7	  NegSmallBright	    672.1367	   2171.88	    0.0	    00000000     00000000	   1	[      4]
337   	0     	     12	     condition12	    674.6016	   2464.84	    0.0	    00000000     00000000	   1	[       ]
338   	0     	      2	      condition2	    675.0898	    488.28	    0.0	    00000000     00000000	   1	[       ]
339   	0     	      7	  NegSmallBright	    677.1172	   2027.34	    0.0	    00000000     00000000	   1	[      4]
340   	0     	      4	    NegLargeDark	    679.3711	   2253.91	    0.0	    00000000     00000000	   1	[      1]
341   	0     	      8	   NeutLargeDark	    681.4141	   2042.97	    0.0	    00000000     00000000	   1	[      5]
342   	0     	      8	   NeutLargeDark	    683.6055	   2191.41	    0.0	    00000000     00000000	   1	[      5]
343   	0     	      6	  NegLargeBright	    686.0117	   2406.25	    0.0	    00000000     00000000	   1	[      3]
344   	0     	      9	   NeutSmallDark	    688.5156	   2503.91	    0.0	    00000000     00000000	   1	[      6]
345   	0     	      8	   NeutLargeDark	    690.9688	   2453.12	    0.0	    00000000     00000000	   1	[      5]
346   	0     	      9	   NeutSmallDark	    693.4648	   2496.09	    0.0	    00000000     00000000	   1	[      6]
347   	0     	      7	  NegSmallBright	    695.8594	   2394.53	    0.0	    00000000     00000000	   1	[      4]
348   	0     	      6	  NegLargeBright	    698.2344	   2375.00	    0.0	    00000000     00000000	   1	[      3]
349   	0     	      8	   NeutLargeDark	    700.5469	   2312.50	    0.0	    00000000     00000000	   1	[      5]
350   	0     	     10	 NeutLargeBright	    703.0820	   2535.16	    0.0	    00000000     00000000	   1	[      7]
351   	0     	      6	  NegLargeBright	    705.2344	   2152.34	    0.0	    00000000     00000000	   1	[      3]
352   	0     	      9	   NeutSmallDark	    707.6797	   2445.31	    0.0	    00000000     00000000	   1	[      6]
353   	0     	      4	    NegLargeDark	    709.8438	   2164.06	    0.0	    00000000     00000000	   1	[      1]
354   	0     	      6	  NegLargeBright	    712.1055	   2261.72	    0.0	    00000000     00000000	   1	[      3]
355   	0     	      4	    NegLargeDark	    714.5312	   2425.78	    0.0	    00000000     00000000	   1	[      1]
356   	0     	      8	   NeutLargeDark	    716.9961	   2464.84	    0.0	    00000000     00000000	   1	[      5]
357   	0     	      6	  NegLargeBright	    719.0781	   2082.03	    0.0	    00000000     00000000	   1	[      3]
358   	0     	      9	   NeutSmallDark	    721.5820	   2503.91	    0.0	    00000000     00000000	   1	[      6]
359   	0     	     13	     condition13	    724.0781	   2496.09	    0.0	    00000000     00000000	   1	[       ]
360   	0     	      2	      condition2	    724.6094	    531.25	    0.0	    00000000     00000000	   1	[       ]
361   	0     	     12	     condition12	    726.5508	   1941.41	    0.0	    00000000     00000000	   1	[       ]
362   	0     	      2	      condition2	    727.0078	    457.03	    0.0	    00000000     00000000	   1	[       ]
363   	0     	     11	 NeutSmallBright	    728.6680	   1660.16	    0.0	    00000000     00000000	   1	[      8]
364   	0     	      5	    NegSmallDark	    731.1523	   2484.38	    0.0	    00000000     00000000	   1	[      2]
365   	0     	      5	    NegSmallDark	    733.2852	   2132.81	    0.0	    00000000     00000000	   1	[      2]
366   	0     	     10	 NeutLargeBright	    735.5391	   2253.91	    0.0	    00000000     00000000	   1	[      7]
367   	0     	      7	  NegSmallBright	    738.0234	   2484.38	    0.0	    00000000     00000000	   1	[      4]
368   	0     	      6	  NegLargeBright	    740.2578	   2234.38	    0.0	    00000000     00000000	   1	[      3]
369   	0     	      4	    NegLargeDark	    742.5195	   2261.72	    0.0	    00000000     00000000	   1	[      1]
370   	0     	      6	  NegLargeBright	    744.6953	   2175.78	    0.0	    00000000     00000000	   1	[      3]
371   	0     	     10	 NeutLargeBright	    746.7383	   2042.97	    0.0	    00000000     00000000	   1	[      7]
372   	0     	     10	 NeutLargeBright	    749.2031	   2464.84	    0.0	    00000000     00000000	   1	[      7]
373   	0     	      9	   NeutSmallDark	    751.7070	   2503.91	    0.0	    00000000     00000000	   1	[      6]
374   	0     	      4	    NegLargeDark	    753.7812	   2074.22	    0.0	    00000000     00000000	   1	[      1]
375   	0     	      4	    NegLargeDark	    756.0938	   2312.50	    0.0	    00000000     00000000	   1	[      1]
376   	0     	      4	    NegLargeDark	    758.2500	   2156.25	    0.0	    00000000     00000000	   1	[      1]
377   	0     	      6	  NegLargeBright	    760.7617	   2511.72	    0.0	    00000000     00000000	   1	[      3]
378   	0     	      7	  NegSmallBright	    763.0547	   2292.97	    0.0	    00000000     00000000	   1	[      4]
379   	0     	      7	  NegSmallBright	    765.3320	   2277.34	    0.0	    00000000     00000000	   1	[      4]
380   	0     	      8	   NeutLargeDark	    767.7539	   2421.88	    0.0	    00000000     00000000	   1	[      5]
381   	0     	      8	   NeutLargeDark	    770.2695	   2515.62	    0.0	    00000000     00000000	   1	[      5]
382   	0     	     13	     condition13	    772.5938	   2324.22	    0.0	    00000000     00000000	   1	[       ]
383   	0     	      2	      condition2	    773.2578	    664.06	    0.0	    00000000     00000000	   1	[       ]
384   	0     	     11	 NeutSmallBright	    774.8984	   1640.62	    0.0	    00000000     00000000	   1	[      8]
385   	0     	      6	  NegLargeBright	    777.1602	   2261.72	    0.0	    00000000     00000000	   1	[      3]
386   	0     	      8	   NeutLargeDark	    779.5664	   2406.25	    0.0	    00000000     00000000	   1	[      5]
387   	0     	      7	  NegSmallBright	    781.9883	   2421.88	    0.0	    00000000     00000000	   1	[      4]
388   	0     	      6	  NegLargeBright	    784.0234	   2035.16	    0.0	    00000000     00000000	   1	[      3]
389   	0     	      9	   NeutSmallDark	    786.1367	   2113.28	    0.0	    00000000     00000000	   1	[      6]
390   	0     	     11	 NeutSmallBright	    788.6328	   2496.09	    0.0	    00000000     00000000	   1	[      8]
391   	0     	      6	  NegLargeBright	    790.8242	   2191.41	    0.0	    00000000     00000000	   1	[      3]
392   	0     	      6	  NegLargeBright	    792.9492	   2125.00	    0.0	    00000000     00000000	   1	[      3]
393   	0     	     11	 NeutSmallBright	    795.4648	   2515.62	    0.0	    00000000     00000000	   1	[      8]
394   	0     	     15	     condition15	    797.7891	   2324.22	    0.0	    00000000     00000000	   1	[       ]
395   	0     	      2	      condition2	    798.6289	    839.84	    0.0	    00000000     00000000	   1	[       ]
396   	0     	     13	     condition13	    800.2227	   1593.75	    0.0	    00000000     00000000	   1	[       ]
397   	0     	      2	      condition2	    800.6992	    476.56	    0.0	    00000000     00000000	   1	[       ]
398   	0     	      8	   NeutLargeDark	    802.7383	   2039.06	    0.0	    00000000     00000000	   1	[      5]
399   	0     	    253	              ""	    804.1875	   1449.22	    0.0	    00000000     00000000	   1	[       ]
400   	0     	      6	  NegLargeBright	    805.1953	   1007.81	    0.0	    00000000     00000000	   1	[      3]
401   	0     	     15	     condition15	    807.7031	   2507.81	    0.0	    00000000     00000000	   1	[       ]
402   	0     	      2	      condition2	    808.1758	    472.66	    0.0	    00000000     00000000	   1	[       ]
403   	0     	      5	    NegSmallDark	    809.8945	   1718.75	    0.0	    00000000     00000000	   1	[      2]
404   	0     	      6	  NegLargeBright	    812.0000	   2105.47	    0.0	    00000000     00000000	   1	[      3]
405   	0     	     14	     condition14	    814.4922	   2492.19	    0.0	    00000000     00000000	   1	[       ]
406   	0     	      2	      condition2	    815.0156	    523.44	    0.0	    00000000     00000000	   1	[       ]
407   	0     	     13	     condition13	    816.6172	   1601.56	    0.0	    00000000     00000000	   1	[       ]
408   	0     	      2	      condition2	    817.0547	    437.50	    0.0	    00000000     00000000	   1	[       ]
409   	0     	      8	   NeutLargeDark	    818.9531	   1898.44	    0.0	    00000000     00000000	   1	[      5]
410   	0     	     10	 NeutLargeBright	    821.1445	   2191.41	    0.0	    00000000     00000000	   1	[      7]
411   	0     	     11	 NeutSmallBright	    823.3086	   2164.06	    0.0	    00000000     00000000	   1	[      8]
412   	0     	      8	   NeutLargeDark	    825.6328	   2324.22	    0.0	    00000000     00000000	   1	[      5]
413   	0     	      9	   NeutSmallDark	    827.6758	   2042.97	    0.0	    00000000     00000000	   1	[      6]
414   	0     	     12	     condition12	    829.9609	   2285.16	    0.0	    00000000     00000000	   1	[       ]
415   	0     	      2	      condition2	    830.5625	    601.56	    0.0	    00000000     00000000	   1	[       ]
416   	0     	     10	 NeutLargeBright	    832.3867	   1824.22	    0.0	    00000000     00000000	   1	[      7]
417   	0     	      5	    NegSmallDark	    834.5977	   2210.94	    0.0	    00000000     00000000	   1	[      2]
418   	0     	     11	 NeutSmallBright	    836.7930	   2195.31	    0.0	    00000000     00000000	   1	[      8]
419   	0     	      7	  NegSmallBright	    839.2461	   2453.12	    0.0	    00000000     00000000	   1	[      4]
420   	0     	     15	     condition15	    841.7695	   2523.44	    0.0	    00000000     00000000	   1	[       ]
421   	0     	      2	      condition2	    842.3398	    570.31	    0.0	    00000000     00000000	   1	[       ]
422   	0     	      7	  NegSmallBright	    843.8438	   1503.91	    0.0	    00000000     00000000	   1	[      4]
423   	0     	      9	   NeutSmallDark	    846.0195	   2175.78	    0.0	    00000000     00000000	   1	[      6]
424   	0     	      5	    NegSmallDark	    848.4336	   2414.06	    0.0	    00000000     00000000	   1	[      2]
425   	0     	      7	  NegSmallBright	    850.6484	   2214.84	    0.0	    00000000     00000000	   1	[      4]
426   	0     	      5	    NegSmallDark	    852.9805	   2332.03	    0.0	    00000000     00000000	   1	[      2]
427   	0     	     13	     condition13	    855.3438	   2363.28	    0.0	    00000000     00000000	   1	[       ]
428   	0     	      2	      condition2	    855.8008	    457.03	    0.0	    00000000     00000000	   1	[       ]
429   	0     	      4	    NegLargeDark	    857.5195	   1718.75	    0.0	    00000000     00000000	   1	[      1]
430   	0     	     14	     condition14	    859.6523	   2132.81	    0.0	    00000000     00000000	   1	[       ]
431   	0     	      2	      condition2	    860.0703	    417.97	    0.0	    00000000     00000000	   1	[       ]
432   	0     	     12	     condition12	    861.8359	   1765.62	    0.0	    00000000     00000000	   1	[       ]
433   	0     	      2	      condition2	    862.2305	    394.53	    0.0	    00000000     00000000	   1	[       ]
434   	0     	      6	  NegLargeBright	    864.3320	   2101.56	    0.0	    00000000     00000000	   1	[      3]
435   	0     	     11	 NeutSmallBright	    866.5547	   2222.66	    0.0	    00000000     00000000	   1	[      8]
436   	0     	      9	   NeutSmallDark	    868.8906	   2335.94	    0.0	    00000000     00000000	   1	[      6]
437   	0     	     14	     condition14	    871.1328	   2242.19	    0.0	    00000000     00000000	   1	[       ]
438   	0     	      2	      condition2	    871.5820	    449.22	    0.0	    00000000     00000000	   1	[       ]
439   	0     	      8	   NeutLargeDark	    873.4883	   1906.25	    0.0	    00000000     00000000	   1	[      5]
440   	0     	      5	    NegSmallDark	    875.6523	   2164.06	    0.0	    00000000     00000000	   1	[      2]
441   	0     	     11	 NeutSmallBright	    878.0352	   2382.81	    0.0	    00000000     00000000	   1	[      8]
442   	0     	     11	 NeutSmallBright	    880.2305	   2195.31	    0.0	    00000000     00000000	   1	[      8]
443   	0     	     13	     condition13	    882.7148	   2484.38	    0.0	    00000000     00000000	   1	[       ]
444   	0     	      2	      condition2	    883.1953	    480.47	    0.0	    00000000     00000000	   1	[       ]
445   	0     	      4	    NegLargeDark	    884.8477	   1652.34	    0.0	    00000000     00000000	   1	[      1]
446   	0     	      6	  NegLargeBright	    887.0703	   2222.66	    0.0	    00000000     00000000	   1	[      3]
447   	0     	     11	 NeutSmallBright	    889.3359	   2265.62	    0.0	    00000000     00000000	   1	[      8]
448   	0     	      8	   NeutLargeDark	    891.8398	   2503.91	    0.0	    00000000     00000000	   1	[      5]
449   	0     	      8	   NeutLargeDark	    894.1328	   2292.97	    0.0	    00000000     00000000	   1	[      5]
450   	0     	     15	     condition15	    896.5391	   2406.25	    0.0	    00000000     00000000	   1	[       ]
451   	0     	      2	      condition2	    897.1289	    589.84	    0.0	    00000000     00000000	   1	[       ]
452   	0     	      8	   NeutLargeDark	    898.6602	   1531.25	    0.0	    00000000     00000000	   1	[      5]
453   	0     	     10	 NeutLargeBright	    901.1562	   2496.09	    0.0	    00000000     00000000	   1	[      7]
454   	0     	     14	     condition14	    903.4609	   2304.69	    0.0	    00000000     00000000	   1	[       ]
455   	0     	      2	      condition2	    903.8711	    410.16	    0.0	    00000000     00000000	   1	[       ]
456   	0     	     11	 NeutSmallBright	    905.6523	   1781.25	    0.0	    00000000     00000000	   1	[      8]
457   	0     	      8	   NeutLargeDark	    908.0469	   2394.53	    0.0	    00000000     00000000	   1	[      5]
458   	0     	      9	   NeutSmallDark	    910.3438	   2296.88	    0.0	    00000000     00000000	   1	[      6]
459   	0     	      9	   NeutSmallDark	    912.4453	   2101.56	    0.0	    00000000     00000000	   1	[      6]
460   	0     	     10	 NeutLargeBright	    914.8789	   2433.59	    0.0	    00000000     00000000	   1	[      7]
461   	0     	     10	 NeutLargeBright	    917.1250	   2246.09	    0.0	    00000000     00000000	   1	[      7]
462   	0     	      6	  NegLargeBright	    919.6484	   2523.44	    0.0	    00000000     00000000	   1	[      3]
463   	0     	      5	    NegSmallDark	    922.0430	   2394.53	    0.0	    00000000     00000000	   1	[      2]
464   	0     	     11	 NeutSmallBright	    924.3359	   2292.97	    0.0	    00000000     00000000	   1	[      8]
465   	0     	     12	     condition12	    926.5391	   2203.12	    0.0	    00000000     00000000	   1	[       ]
466   	0     	      2	      condition2	    926.9727	    433.59	    0.0	    00000000     00000000	   1	[       ]
467   	0     	      9	   NeutSmallDark	    928.9648	   1992.19	    0.0	    00000000     00000000	   1	[      6]
468   	0     	      6	  NegLargeBright	    931.1289	   2164.06	    0.0	    00000000     00000000	   1	[      3]
469   	0     	     13	     condition13	    933.2109	   2082.03	    0.0	    00000000     00000000	   1	[       ]
470   	0     	      2	      condition2	    933.6836	    472.66	    0.0	    00000000     00000000	   1	[       ]
471   	0     	      8	   NeutLargeDark	    935.4453	   1761.72	    0.0	    00000000     00000000	   1	[      5]
472   	0     	      5	    NegSmallDark	    937.7305	   2285.16	    0.0	    00000000     00000000	   1	[      2]
473   	0     	      7	  NegSmallBright	    939.7539	   2023.44	    0.0	    00000000     00000000	   1	[      4]
474   	0     	      6	  NegLargeBright	    942.2188	   2464.84	    0.0	    00000000     00000000	   1	[      3]
475   	0     	      6	  NegLargeBright	    944.5039	   2285.16	    0.0	    00000000     00000000	   1	[      3]
476   	0     	      4	    NegLargeDark	    946.8477	   2343.75	    0.0	    00000000     00000000	   1	[      1]
477   	0     	      8	   NeutLargeDark	    949.2109	   2363.28	    0.0	    00000000     00000000	   1	[      5]
478   	0     	     14	     condition14	    951.3750	   2164.06	    0.0	    00000000     00000000	   1	[       ]
479   	0     	      2	      condition2	    951.9180	    542.97	    0.0	    00000000     00000000	   1	[       ]
480   	0     	      8	   NeutLargeDark	    953.8672	   1949.22	    0.0	    00000000     00000000	   1	[      5]
481   	0     	     10	 NeutLargeBright	    956.2344	   2367.19	    0.0	    00000000     00000000	   1	[      7]
482   	0     	      7	  NegSmallBright	    958.6250	   2390.62	    0.0	    00000000     00000000	   1	[      4]
483   	0     	     10	 NeutLargeBright	    960.8906	   2265.62	    0.0	    00000000     00000000	   1	[      7]
484   	0     	     10	 NeutLargeBright	    963.1562	   2265.62	    0.0	    00000000     00000000	   1	[      7]
485   	0     	    253	              ""	    965.3438	   2187.50	    0.0	    00000000     00000000	   1	[       ]
486   	0     	      8	   NeutLargeDark	    966.3516	   1007.81	    0.0	    00000000     00000000	   1	[      5]
487   	0     	     11	 NeutSmallBright	    968.5547	   2203.12	    0.0	    00000000     00000000	   1	[      8]
488   	0     	     10	 NeutLargeBright	    970.7266	   2171.88	    0.0	    00000000     00000000	   1	[      7]
489   	0     	     15	     condition15	    973.0039	   2277.34	    0.0	    00000000     00000000	   1	[       ]
490   	0     	      2	      condition2	    973.6562	    652.34	    0.0	    00000000     00000000	   1	[       ]
491   	0     	      9	   NeutSmallDark	    975.1367	   1480.47	    0.0	    00000000     00000000	   1	[      6]
492   	0     	      9	   NeutSmallDark	    977.4102	   2273.44	    0.0	    00000000     00000000	   1	[      6]
493   	0     	     10	 NeutLargeBright	    979.6133	   2203.12	    0.0	    00000000     00000000	   1	[      7]
494   	0     	      4	    NegLargeDark	    981.9570	   2343.75	    0.0	    00000000     00000000	   1	[      1]
495   	0     	      6	  NegLargeBright	    984.1211	   2164.06	    0.0	    00000000     00000000	   1	[      3]
496   	0     	      8	   NeutLargeDark	    986.4844	   2363.28	    0.0	    00000000     00000000	   1	[      5]
497   	0     	      9	   NeutSmallDark	    988.8594	   2375.00	    0.0	    00000000     00000000	   1	[      6]
498   	0     	     11	 NeutSmallBright	    991.0625	   2203.12	    0.0	    00000000     00000000	   1	[      8]
499   	0     	     14	     condition14	    993.4375	   2375.00	    0.0	    00000000     00000000	   1	[       ]
500   	0     	      2	      condition2	    993.9102	    472.66	    0.0	    00000000     00000000	   1	[       ]
501   	0     	     10	 NeutLargeBright	    995.6836	   1773.44	    0.0	    00000000     00000000	   1	[      7]
502   	0     	      5	    NegSmallDark	    997.7266	   2042.97	    0.0	    00000000     00000000	   1	[      2]
503   	0     	      4	    NegLargeDark	   1000.1289	   2402.34	    0.0	    00000000     00000000	   1	[      1]
504   	0     	      5	    NegSmallDark	   1002.5352	   2406.25	    0.0	    00000000     00000000	   1	[      2]
505   	0     	      6	  NegLargeBright	   1004.9688	   2433.59	    0.0	    00000000     00000000	   1	[      3]
506   	0     	      9	   NeutSmallDark	   1007.3711	   2402.34	    0.0	    00000000     00000000	   1	[      6]
507   	0     	      8	   NeutLargeDark	   1009.4766	   2105.47	    0.0	    00000000     00000000	   1	[      5]
508   	0     	      4	    NegLargeDark	   1011.8008	   2324.22	    0.0	    00000000     00000000	   1	[      1]
509   	0     	      5	    NegSmallDark	   1014.1250	   2324.22	    0.0	    00000000     00000000	   1	[      2]
510   	0     	      8	   NeutLargeDark	   1016.4375	   2312.50	    0.0	    00000000     00000000	   1	[      5]
511   	0     	     10	 NeutLargeBright	   1018.9023	   2464.84	    0.0	    00000000     00000000	   1	[      7]
512   	0     	      8	   NeutLargeDark	   1021.3789	   2476.56	    0.0	    00000000     00000000	   1	[      5]
513   	0     	     11	 NeutSmallBright	   1023.7812	   2402.34	    0.0	    00000000     00000000	   1	[      8]
514   	0     	     14	     condition14	   1026.2461	   2464.84	    0.0	    00000000     00000000	   1	[       ]
515   	0     	      2	      condition2	   1026.8398	    593.75	    0.0	    00000000     00000000	   1	[       ]
516   	0     	      5	    NegSmallDark	   1028.6992	   1859.38	    0.0	    00000000     00000000	   1	[      2]
517   	0     	      7	  NegSmallBright	   1030.7617	   2062.50	    0.0	    00000000     00000000	   1	[      4]
518   	0     	     10	 NeutLargeBright	   1032.9883	   2226.56	    0.0	    00000000     00000000	   1	[      7]
519   	0     	      7	  NegSmallBright	   1035.3008	   2312.50	    0.0	    00000000     00000000	   1	[      4]
520   	0     	      6	  NegLargeBright	   1037.5273	   2226.56	    0.0	    00000000     00000000	   1	[      3]
521   	0     	     13	     condition13	   1039.5703	   2042.97	    0.0	    00000000     00000000	   1	[       ]
522   	0     	      2	      condition2	   1040.0391	    468.75	    0.0	    00000000     00000000	   1	[       ]
523   	0     	      9	   NeutSmallDark	   1041.6836	   1644.53	    0.0	    00000000     00000000	   1	[      6]
524   	0     	      7	  NegSmallBright	   1043.7656	   2082.03	    0.0	    00000000     00000000	   1	[      4]
525   	0     	     11	 NeutSmallBright	   1046.0000	   2234.38	    0.0	    00000000     00000000	   1	[      8]
526   	0     	      2	      condition2	   1046.6367	    636.72	    0.0	    00000000     00000000	   1	[       ]
527   	0     	      7	  NegSmallBright	   1048.2734	   1636.72	    0.0	    00000000     00000000	   1	[      4]
528   	0     	      7	  NegSmallBright	   1050.3789	   2105.47	    0.0	    00000000     00000000	   1	[      4]
529   	0     	      6	  NegLargeBright	   1052.8906	   2511.72	    0.0	    00000000     00000000	   1	[      3]
530   	0     	      7	  NegSmallBright	   1054.9648	   2074.22	    0.0	    00000000     00000000	   1	[      4]
531   	0     	      4	    NegLargeDark	   1057.3789	   2414.06	    0.0	    00000000     00000000	   1	[      1]
532   	0     	      9	   NeutSmallDark	   1059.7461	   2367.19	    0.0	    00000000     00000000	   1	[      6]
533   	0     	      7	  NegSmallBright	   1062.0586	   2312.50	    0.0	    00000000     00000000	   1	[      4]
534   	0     	      7	  NegSmallBright	   1064.5820	   2523.44	    0.0	    00000000     00000000	   1	[      4]
535   	0     	      4	    NegLargeDark	   1066.8359	   2253.91	    0.0	    00000000     00000000	   1	[      1]
536   	0     	      4	    NegLargeDark	   1069.1602	   2324.22	    0.0	    00000000     00000000	   1	[      1]
537   	0     	      8	   NeutLargeDark	   1071.2148	   2054.69	    0.0	    00000000     00000000	   1	[      5]
538   	0     	      7	  NegSmallBright	   1073.5273	   2312.50	    0.0	    00000000     00000000	   1	[      4]
539   	0     	      8	   NeutLargeDark	   1075.8320	   2304.69	    0.0	    00000000     00000000	   1	[      5]
540   	0     	      9	   NeutSmallDark	   1078.1055	   2273.44	    0.0	    00000000     00000000	   1	[      6]
541   	0     	      7	  NegSmallBright	   1080.6328	   2527.34	    0.0	    00000000     00000000	   1	[      4]
542   	0     	      9	   NeutSmallDark	   1082.7539	   2121.09	    0.0	    00000000     00000000	   1	[      6]
543   	0     	      7	  NegSmallBright	   1085.1992	   2445.31	    0.0	    00000000     00000000	   1	[      4]
544   	0     	      5	    NegSmallDark	   1087.2227	   2023.44	    0.0	    00000000     00000000	   1	[      2]
545   	0     	      7	  NegSmallBright	   1089.4062	   2183.59	    0.0	    00000000     00000000	   1	[      4]
546   	0     	      7	  NegSmallBright	   1091.8516	   2445.31	    0.0	    00000000     00000000	   1	[      4]
547   	0     	     11	 NeutSmallBright	   1094.1953	   2343.75	    0.0	    00000000     00000000	   1	[      8]
548   	0     	      5	    NegSmallDark	   1096.2578	   2062.50	    0.0	    00000000     00000000	   1	[      2]
549   	0     	      4	    NegLargeDark	   1098.3242	   2066.41	    0.0	    00000000     00000000	   1	[      1]
550   	0     	     14	     condition14	   1100.5547	   2230.47	    0.0	    00000000     00000000	   1	[       ]
551   	0     	      2	      condition2	   1101.2109	    656.25	    0.0	    00000000     00000000	   1	[       ]
552   	0     	     13	     condition13	   1102.8203	   1609.38	    0.0	    00000000     00000000	   1	[       ]
553   	0     	      2	      condition2	   1103.4180	    597.66	    0.0	    00000000     00000000	   1	[       ]
554   	0     	      9	   NeutSmallDark	   1105.1055	   1687.50	    0.0	    00000000     00000000	   1	[      6]
555   	0     	     10	 NeutLargeBright	   1107.4883	   2382.81	    0.0	    00000000     00000000	   1	[      7]
556   	0     	      6	  NegLargeBright	   1109.9609	   2472.66	    0.0	    00000000     00000000	   1	[      3]
557   	0     	      5	    NegSmallDark	   1111.9961	   2035.16	    0.0	    00000000     00000000	   1	[      2]
558   	0     	      8	   NeutLargeDark	   1114.2422	   2246.09	    0.0	    00000000     00000000	   1	[      5]
559   	0     	     10	 NeutLargeBright	   1116.4258	   2183.59	    0.0	    00000000     00000000	   1	[      7]
560   	0     	     11	 NeutSmallBright	   1118.8594	   2433.59	    0.0	    00000000     00000000	   1	[      8]
561   	0     	      6	  NegLargeBright	   1120.9219	   2062.50	    0.0	    00000000     00000000	   1	[      3]
562   	0     	      6	  NegLargeBright	   1123.3477	   2425.78	    0.0	    00000000     00000000	   1	[      3]
563   	0     	    253	              ""	   1125.5781	   2230.47	    0.0	    00000000     00000000	   1	[       ]
564   	0     	      6	  NegLargeBright	   1126.5859	   1007.81	    0.0	    00000000     00000000	   1	[      3]
565   	0     	      7	  NegSmallBright	   1128.8672	   2281.25	    0.0	    00000000     00000000	   1	[      4]
566   	0     	     11	 NeutSmallBright	   1131.0430	   2175.78	    0.0	    00000000     00000000	   1	[      8]
567   	0     	     10	 NeutLargeBright	   1133.1758	   2132.81	    0.0	    00000000     00000000	   1	[      7]
568   	0     	      6	  NegLargeBright	   1135.4414	   2265.62	    0.0	    00000000     00000000	   1	[      3]
569   	0     	     10	 NeutLargeBright	   1137.4844	   2042.97	    0.0	    00000000     00000000	   1	[      7]
570   	0     	     15	     condition15	   1139.6680	   2183.59	    0.0	    00000000     00000000	   1	[       ]
571   	0     	      2	      condition2	   1140.8438	   1175.78	    0.0	    00000000     00000000	   1	[       ]
572   	0     	      7	  NegSmallBright	   1141.9727	   1128.91	    0.0	    00000000     00000000	   1	[      4]
573   	0     	     15	     condition15	   1144.0156	   2042.97	    0.0	    00000000     00000000	   1	[       ]
574   	0     	      2	      condition2	   1144.5703	    554.69	    0.0	    00000000     00000000	   1	[       ]
575   	0     	      8	   NeutLargeDark	   1146.1094	   1539.06	    0.0	    00000000     00000000	   1	[      5]
576   	0     	     10	 NeutLargeBright	   1148.2734	   2164.06	    0.0	    00000000     00000000	   1	[      7]
577   	0     	      8	   NeutLargeDark	   1150.5352	   2261.72	    0.0	    00000000     00000000	   1	[      5]
578   	0     	      4	    NegLargeDark	   1152.6016	   2066.41	    0.0	    00000000     00000000	   1	[      1]
579   	0     	      6	  NegLargeBright	   1154.7148	   2113.28	    0.0	    00000000     00000000	   1	[      3]
580   	0     	     12	     condition12	   1157.0977	   2382.81	    0.0	    00000000     00000000	   1	[       ]
581   	0     	      2	      condition2	   1157.5781	    480.47	    0.0	    00000000     00000000	   1	[       ]
582   	0     	      9	   NeutSmallDark	   1159.5430	   1964.84	    0.0	    00000000     00000000	   1	[      6]
583   	0     	      6	  NegLargeBright	   1161.6680	   2125.00	    0.0	    00000000     00000000	   1	[      3]
584   	0     	      6	  NegLargeBright	   1163.8789	   2210.94	    0.0	    00000000     00000000	   1	[      3]
585   	0     	      8	   NeutLargeDark	   1166.3359	   2457.03	    0.0	    00000000     00000000	   1	[      5]
586   	0     	      8	   NeutLargeDark	   1168.4375	   2101.56	    0.0	    00000000     00000000	   1	[      5]
587   	0     	      9	   NeutSmallDark	   1170.8633	   2425.78	    0.0	    00000000     00000000	   1	[      6]
588   	0     	      4	    NegLargeDark	   1173.1758	   2312.50	    0.0	    00000000     00000000	   1	[      1]
589   	0     	      7	  NegSmallBright	   1175.2891	   2113.28	    0.0	    00000000     00000000	   1	[      4]
590   	0     	     11	 NeutSmallBright	   1177.5547	   2265.62	    0.0	    00000000     00000000	   1	[      8]
591   	0     	     10	 NeutLargeBright	   1179.9570	   2402.34	    0.0	    00000000     00000000	   1	[      7]
592   	0     	     11	 NeutSmallBright	   1182.3438	   2386.72	    0.0	    00000000     00000000	   1	[      8]
593   	0     	     10	 NeutLargeBright	   1184.7383	   2394.53	    0.0	    00000000     00000000	   1	[      7]
594   	0     	     12	     condition12	   1187.1406	   2402.34	    0.0	    00000000     00000000	   1	[       ]
595   	0     	      2	      condition2	   1187.7461	    605.47	    0.0	    00000000     00000000	   1	[       ]
596   	0     	     10	 NeutLargeBright	   1189.5469	   1800.78	    0.0	    00000000     00000000	   1	[      7]
597   	0     	      4	    NegLargeDark	   1191.7578	   2210.94	    0.0	    00000000     00000000	   1	[      1]
598   	0     	      4	    NegLargeDark	   1193.9023	   2144.53	    0.0	    00000000     00000000	   1	[      1]
599   	0     	      9	   NeutSmallDark	   1196.2891	   2386.72	    0.0	    00000000     00000000	   1	[      6]
600   	0     	      5	    NegSmallDark	   1198.5312	   2242.19	    0.0	    00000000     00000000	   1	[      2]
601   	0     	     11	 NeutSmallBright	   1201.0469	   2515.62	    0.0	    00000000     00000000	   1	[      8]
602   	0     	     14	     condition14	   1203.3516	   2304.69	    0.0	    00000000     00000000	   1	[       ]
603   	0     	      2	      condition2	   1203.8711	    519.53	    0.0	    00000000     00000000	   1	[       ]
604   	0     	     11	 NeutSmallBright	   1205.8359	   1964.84	    0.0	    00000000     00000000	   1	[      8]
605   	0     	      8	   NeutLargeDark	   1208.2773	   2441.41	    0.0	    00000000     00000000	   1	[      5]
606   	0     	     12	     condition12	   1210.3711	   2093.75	    0.0	    00000000     00000000	   1	[       ]
607   	0     	      2	      condition2	   1210.8477	    476.56	    0.0	    00000000     00000000	   1	[       ]
608   	0     	      8	   NeutLargeDark	   1212.6680	   1820.31	    0.0	    00000000     00000000	   1	[      5]
609   	0     	      7	  NegSmallBright	   1215.0000	   2332.03	    0.0	    00000000     00000000	   1	[      4]
610   	0     	      6	  NegLargeBright	   1217.2539	   2253.91	    0.0	    00000000     00000000	   1	[      3]
611   	0     	      5	    NegSmallDark	   1219.3281	   2074.22	    0.0	    00000000     00000000	   1	[      2]
612   	0     	      7	  NegSmallBright	   1221.5430	   2214.84	    0.0	    00000000     00000000	   1	[      4]
613   	0     	     15	     condition15	   1223.9375	   2394.53	    0.0	    00000000     00000000	   1	[       ]
614   	0     	      2	      condition2	   1224.4531	    515.62	    0.0	    00000000     00000000	   1	[       ]
615   	0     	     10	 NeutLargeBright	   1226.1016	   1648.44	    0.0	    00000000     00000000	   1	[      7]
616   	0     	      9	   NeutSmallDark	   1228.3828	   2281.25	    0.0	    00000000     00000000	   1	[      6]
617   	0     	     10	 NeutLargeBright	   1230.4883	   2105.47	    0.0	    00000000     00000000	   1	[      7]
618   	0     	      9	   NeutSmallDark	   1232.7305	   2242.19	    0.0	    00000000     00000000	   1	[      6]
619   	0     	     12	     condition12	   1234.8945	   2164.06	    0.0	    00000000     00000000	   1	[       ]
620   	0     	      2	      condition2	   1235.3711	    476.56	    0.0	    00000000     00000000	   1	[       ]
621   	0     	      8	   NeutLargeDark	   1237.1406	   1769.53	    0.0	    00000000     00000000	   1	[      5]
622   	0     	      5	    NegSmallDark	   1239.4727	   2332.03	    0.0	    00000000     00000000	   1	[      2]
623   	0     	     10	 NeutLargeBright	   1241.5273	   2054.69	    0.0	    00000000     00000000	   1	[      7]
624   	0     	      5	    NegSmallDark	   1243.7891	   2261.72	    0.0	    00000000     00000000	   1	[      2]
625   	0     	      7	  NegSmallBright	   1245.8438	   2054.69	    0.0	    00000000     00000000	   1	[      4]
626   	0     	      5	    NegSmallDark	   1248.1094	   2265.62	    0.0	    00000000     00000000	   1	[      2]
627   	0     	     13	     condition13	   1250.2930	   2183.59	    0.0	    00000000     00000000	   1	[       ]
628   	0     	      2	      condition2	   1250.7773	    484.38	    0.0	    00000000     00000000	   1	[       ]
629   	0     	     15	     condition15	   1252.7656	   1988.28	    0.0	    00000000     00000000	   1	[       ]
630   	0     	      2	      condition2	   1253.2734	    507.81	    0.0	    00000000     00000000	   1	[       ]
631   	0     	     10	 NeutLargeBright	   1255.2695	   1996.09	    0.0	    00000000     00000000	   1	[      7]
632   	0     	     10	 NeutLargeBright	   1257.6445	   2375.00	    0.0	    00000000     00000000	   1	[      7]
633   	0     	      7	  NegSmallBright	   1259.8281	   2183.59	    0.0	    00000000     00000000	   1	[      4]
634   	0     	      4	    NegLargeDark	   1262.0117	   2183.59	    0.0	    00000000     00000000	   1	[      1]
635   	0     	     10	 NeutLargeBright	   1264.4062	   2394.53	    0.0	    00000000     00000000	   1	[      7]
636   	0     	      8	   NeutLargeDark	   1266.6406	   2234.38	    0.0	    00000000     00000000	   1	[      5]
637   	0     	     11	 NeutSmallBright	   1268.8359	   2195.31	    0.0	    00000000     00000000	   1	[      8]
638   	0     	     13	     condition13	   1271.0898	   2253.91	    0.0	    00000000     00000000	   1	[       ]
639   	0     	      2	      condition2	   1271.6445	    554.69	    0.0	    00000000     00000000	   1	[       ]
640   	0     	      6	  NegLargeBright	   1273.5312	   1886.72	    0.0	    00000000     00000000	   1	[      3]
641   	0     	     11	 NeutSmallBright	   1275.7070	   2175.78	    0.0	    00000000     00000000	   1	[      8]
642   	0     	      6	  NegLargeBright	   1278.2109	   2503.91	    0.0	    00000000     00000000	   1	[      3]
643   	0     	     12	     condition12	   1280.2539	   2042.97	    0.0	    00000000     00000000	   1	[       ]
644   	0     	      2	      condition2	   1280.6914	    437.50	    0.0	    00000000     00000000	   1	[       ]
645   	0     	     11	 NeutSmallBright	   1282.7109	   2019.53	    0.0	    00000000     00000000	   1	[      8]
