#  Non-editable header begin --------------------------------------------------------------------------------
# 
#  data format...............: continuous
#  setname...................: BDF file
#  filename..................: none_specified
#  filepath..................: none_specified
#  nchan.....................: 64
#  pnts......................: 328448
#  srate.....................: 256
#  nevents...................: 642
#  generated by (bdf)........: 
#  generated by (set)........: BDF file
#  reported in ..............: 
#  prog Version..............: 8.02
#  creation date.............: 16-Nov-2020 15:06:54
#  user Account..............: 
# 
#  Non-editable header end --------------------------------------------------------------------------------

	bin 1,	# 60,	NegLargeDark
	bin 2,	# 60,	NegSmallDark
	bin 3,	# 60,	NegLargeBright
	bin 4,	# 60,	NegSmallBright
	bin 5,	# 60,	NeutLargeDark
	bin 6,	# 60,	NeutSmallDark
	bin 7,	# 60,	NeutLargeBright
	bin 8,	# 60,	NeutSmallBright



# item	 bepoch	  ecode	            label	      onset	          diff	     dura	b_flags	   a_flags	  enable	    bin
#                                                 (sec)           (msec)     (msec)    (binary)   (binary)


1     	0     	      8	   NeutLargeDark	      1.0625	      0.00	    0.0	    00000000     00000000	   1	[      5]
2     	0     	      7	  NegSmallBright	      3.2383	   2175.78	    0.0	    00000000     00000000	   1	[      4]
3     	0     	      8	   NeutLargeDark	      5.6016	   2363.28	    0.0	    00000000     00000000	   1	[      5]
4     	0     	      8	   NeutLargeDark	      7.9453	   2343.75	    0.0	    00000000     00000000	   1	[      5]
5     	0     	     10	 NeutLargeBright	     10.3008	   2355.47	    0.0	    00000000     00000000	   1	[      7]
6     	0     	     10	 NeutLargeBright	     12.3711	   2070.31	    0.0	    00000000     00000000	   1	[      7]
7     	0     	     10	 NeutLargeBright	     14.4180	   2046.88	    0.0	    00000000     00000000	   1	[      7]
8     	0     	      5	    NegSmallDark	     16.7695	   2351.56	    0.0	    00000000     00000000	   1	[      2]
9     	0     	     10	 NeutLargeBright	     19.2852	   2515.62	    0.0	    00000000     00000000	   1	[      7]
10    	0     	      9	   NeutSmallDark	     21.3672	   2082.03	    0.0	    00000000     00000000	   1	[      6]
11    	0     	     11	 NeutSmallBright	     23.8750	   2507.81	    0.0	    00000000     00000000	   1	[      8]
12    	0     	      9	   NeutSmallDark	     25.9375	   2062.50	    0.0	    00000000     00000000	   1	[      6]
13    	0     	      7	  NegSmallBright	     28.0898	   2152.34	    0.0	    00000000     00000000	   1	[      4]
14    	0     	      9	   NeutSmallDark	     30.5469	   2457.03	    0.0	    00000000     00000000	   1	[      6]
15    	0     	     11	 NeutSmallBright	     32.8281	   2281.25	    0.0	    00000000     00000000	   1	[      8]
16    	0     	      4	    NegLargeDark	     35.2852	   2457.03	    0.0	    00000000     00000000	   1	[      1]
17    	0     	      5	    NegSmallDark	     37.5078	   2222.66	    0.0	    00000000     00000000	   1	[      2]
18    	0     	      5	    NegSmallDark	     39.7422	   2234.38	    0.0	    00000000     00000000	   1	[      2]
19    	0     	      8	   NeutLargeDark	     42.0234	   2281.25	    0.0	    00000000     00000000	   1	[      5]
20    	0     	     10	 NeutLargeBright	     44.5195	   2496.09	    0.0	    00000000     00000000	   1	[      7]
21    	0     	      5	    NegSmallDark	     46.8750	   2355.47	    0.0	    00000000     00000000	   1	[      2]
22    	0     	      4	    NegLargeDark	     49.2383	   2363.28	    0.0	    00000000     00000000	   1	[      1]
23    	0     	     15	     condition15	     51.5117	   2273.44	    0.0	    00000000     00000000	   1	[       ]
24    	0     	      2	      condition2	     52.3125	    800.78	    0.0	    00000000     00000000	   1	[       ]
25    	0     	     11	 NeutSmallBright	     54.0078	   1695.31	    0.0	    00000000     00000000	   1	[      8]
26    	0     	      4	    NegLargeDark	     56.4102	   2402.34	    0.0	    00000000     00000000	   1	[      1]
27    	0     	     10	 NeutLargeBright	     58.6250	   2214.84	    0.0	    00000000     00000000	   1	[      7]
28    	0     	      8	   NeutLargeDark	     60.8477	   2222.66	    0.0	    00000000     00000000	   1	[      5]
29    	0     	     11	 NeutSmallBright	     63.2617	   2414.06	    0.0	    00000000     00000000	   1	[      8]
30    	0     	     12	     condition12	     65.5273	   2265.62	    0.0	    00000000     00000000	   1	[       ]
31    	0     	      2	      condition2	     66.2930	    765.62	    0.0	    00000000     00000000	   1	[       ]
32    	0     	      7	  NegSmallBright	     67.6797	   1386.72	    0.0	    00000000     00000000	   1	[      4]
33    	0     	      7	  NegSmallBright	     70.1133	   2433.59	    0.0	    00000000     00000000	   1	[      4]
34    	0     	      8	   NeutLargeDark	     72.2070	   2093.75	    0.0	    00000000     00000000	   1	[      5]
35    	0     	      7	  NegSmallBright	     74.3008	   2093.75	    0.0	    00000000     00000000	   1	[      4]
36    	0     	      7	  NegSmallBright	     76.7773	   2476.56	    0.0	    00000000     00000000	   1	[      4]
37    	0     	      4	    NegLargeDark	     78.9688	   2191.41	    0.0	    00000000     00000000	   1	[      1]
38    	0     	      5	    NegSmallDark	     81.4336	   2464.84	    0.0	    00000000     00000000	   1	[      2]
39    	0     	     13	     condition13	     83.6680	   2234.38	    0.0	    00000000     00000000	   1	[       ]
40    	0     	      2	      condition2	     84.2578	    589.84	    0.0	    00000000     00000000	   1	[       ]
41    	0     	      4	    NegLargeDark	     86.1016	   1843.75	    0.0	    00000000     00000000	   1	[      1]
42    	0     	      8	   NeutLargeDark	     88.2383	   2136.72	    0.0	    00000000     00000000	   1	[      5]
43    	0     	      4	    NegLargeDark	     90.7422	   2503.91	    0.0	    00000000     00000000	   1	[      1]
44    	0     	      8	   NeutLargeDark	     92.8164	   2074.22	    0.0	    00000000     00000000	   1	[      5]
45    	0     	      7	  NegSmallBright	     95.2695	   2453.12	    0.0	    00000000     00000000	   1	[      4]
46    	0     	     10	 NeutLargeBright	     97.3516	   2082.03	    0.0	    00000000     00000000	   1	[      7]
47    	0     	      5	    NegSmallDark	     99.4648	   2113.28	    0.0	    00000000     00000000	   1	[      2]
48    	0     	     13	     condition13	    101.9492	   2484.38	    0.0	    00000000     00000000	   1	[       ]
49    	0     	      2	      condition2	    102.6797	    730.47	    0.0	    00000000     00000000	   1	[       ]
50    	0     	      7	  NegSmallBright	    104.3750	   1695.31	    0.0	    00000000     00000000	   1	[      4]
51    	0     	     11	 NeutSmallBright	    106.7578	   2382.81	    0.0	    00000000     00000000	   1	[      8]
52    	0     	      8	   NeutLargeDark	    109.0938	   2335.94	    0.0	    00000000     00000000	   1	[      5]
53    	0     	      9	   NeutSmallDark	    111.3281	   2234.38	    0.0	    00000000     00000000	   1	[      6]
54    	0     	      4	    NegLargeDark	    113.4727	   2144.53	    0.0	    00000000     00000000	   1	[      1]
55    	0     	      7	  NegSmallBright	    115.7031	   2230.47	    0.0	    00000000     00000000	   1	[      4]
56    	0     	      4	    NegLargeDark	    118.0391	   2335.94	    0.0	    00000000     00000000	   1	[      1]
57    	0     	     11	 NeutSmallBright	    120.4219	   2382.81	    0.0	    00000000     00000000	   1	[      8]
58    	0     	      8	   NeutLargeDark	    122.6875	   2265.62	    0.0	    00000000     00000000	   1	[      5]
59    	0     	      7	  NegSmallBright	    125.1328	   2445.31	    0.0	    00000000     00000000	   1	[      4]
60    	0     	     12	     condition12	    127.5547	   2421.88	    0.0	    00000000     00000000	   1	[       ]
61    	0     	      2	      condition2	    128.1328	    578.12	    0.0	    00000000     00000000	   1	[       ]
62    	0     	     15	     condition15	    129.9414	   1808.59	    0.0	    00000000     00000000	   1	[       ]
63    	0     	     10	 NeutLargeBright	    132.4258	   2484.38	    0.0	    00000000     00000000	   1	[      7]
64    	0     	      7	  NegSmallBright	    134.4883	   2062.50	    0.0	    00000000     00000000	   1	[      4]
65    	0     	      8	   NeutLargeDark	    136.9102	   2421.88	    0.0	    00000000     00000000	   1	[      5]
66    	0     	      4	    NegLargeDark	    139.1875	   2277.34	    0.0	    00000000     00000000	   1	[      1]
67    	0     	      9	   NeutSmallDark	    141.4883	   2300.78	    0.0	    00000000     00000000	   1	[      6]
68    	0     	     11	 NeutSmallBright	    143.6641	   2175.78	    0.0	    00000000     00000000	   1	[      8]
69    	0     	     11	 NeutSmallBright	    145.8164	   2152.34	    0.0	    00000000     00000000	   1	[      8]
70    	0     	     10	 NeutLargeBright	    148.0000	   2183.59	    0.0	    00000000     00000000	   1	[      7]
71    	0     	     10	 NeutLargeBright	    150.1367	   2136.72	    0.0	    00000000     00000000	   1	[      7]
72    	0     	     12	     condition12	    152.5781	   2441.41	    0.0	    00000000     00000000	   1	[       ]
73    	0     	      2	      condition2	    153.1172	    539.06	    0.0	    00000000     00000000	   1	[       ]
74    	0     	      7	  NegSmallBright	    154.8945	   1777.34	    0.0	    00000000     00000000	   1	[      4]
75    	0     	     11	 NeutSmallBright	    157.3867	   2492.19	    0.0	    00000000     00000000	   1	[      8]
76    	0     	      9	   NeutSmallDark	    159.8633	   2476.56	    0.0	    00000000     00000000	   1	[      6]
77    	0     	    253	              ""	    162.3281	   2464.84	    0.0	    00000000     00000000	   1	[       ]
78    	0     	      9	   NeutSmallDark	    163.3320	   1003.91	    0.0	    00000000     00000000	   1	[      6]
79    	0     	      4	    NegLargeDark	    165.6484	   2316.41	    0.0	    00000000     00000000	   1	[      1]
80    	0     	      4	    NegLargeDark	    168.1016	   2453.12	    0.0	    00000000     00000000	   1	[      1]
81    	0     	     15	     condition15	    170.2148	   2113.28	    0.0	    00000000     00000000	   1	[       ]
82    	0     	      2	      condition2	    171.0742	    859.38	    0.0	    00000000     00000000	   1	[       ]
83    	0     	      6	  NegLargeBright	    172.5781	   1503.91	    0.0	    00000000     00000000	   1	[      3]
84    	0     	     11	 NeutSmallBright	    174.9023	   2324.22	    0.0	    00000000     00000000	   1	[      8]
85    	0     	     11	 NeutSmallBright	    177.3984	   2496.09	    0.0	    00000000     00000000	   1	[      8]
86    	0     	     13	     condition13	    179.6836	   2285.16	    0.0	    00000000     00000000	   1	[       ]
87    	0     	      2	      condition2	    180.2305	    546.88	    0.0	    00000000     00000000	   1	[       ]
88    	0     	      8	   NeutLargeDark	    182.0664	   1835.94	    0.0	    00000000     00000000	   1	[      5]
89    	0     	     11	 NeutSmallBright	    184.5000	   2433.59	    0.0	    00000000     00000000	   1	[      8]
90    	0     	     10	 NeutLargeBright	    186.9531	   2453.12	    0.0	    00000000     00000000	   1	[      7]
91    	0     	      8	   NeutLargeDark	    189.1797	   2226.56	    0.0	    00000000     00000000	   1	[      5]
92    	0     	      4	    NegLargeDark	    191.4844	   2304.69	    0.0	    00000000     00000000	   1	[      1]
93    	0     	      8	   NeutLargeDark	    193.5977	   2113.28	    0.0	    00000000     00000000	   1	[      5]
94    	0     	     15	     condition15	    196.0391	   2441.41	    0.0	    00000000     00000000	   1	[       ]
95    	0     	      2	      condition2	    196.6367	    597.66	    0.0	    00000000     00000000	   1	[       ]
96    	0     	     11	 NeutSmallBright	    198.3438	   1707.03	    0.0	    00000000     00000000	   1	[      8]
97    	0     	      9	   NeutSmallDark	    200.5195	   2175.78	    0.0	    00000000     00000000	   1	[      6]
98    	0     	     12	     condition12	    202.5703	   2050.78	    0.0	    00000000     00000000	   1	[       ]
99    	0     	      2	      condition2	    203.4297	    859.38	    0.0	    00000000     00000000	   1	[       ]
100   	0     	      4	    NegLargeDark	    205.0352	   1605.47	    0.0	    00000000     00000000	   1	[      1]
101   	0     	     14	     condition14	    207.4023	   2367.19	    0.0	    00000000     00000000	   1	[       ]
102   	0     	      2	      condition2	    207.9648	    562.50	    0.0	    00000000     00000000	   1	[       ]
103   	0     	      6	  NegLargeBright	    209.7656	   1800.78	    0.0	    00000000     00000000	   1	[      3]
104   	0     	      9	   NeutSmallDark	    212.0273	   2261.72	    0.0	    00000000     00000000	   1	[      6]
105   	0     	      6	  NegLargeBright	    214.3945	   2367.19	    0.0	    00000000     00000000	   1	[      3]
106   	0     	     13	     condition13	    216.6875	   2292.97	    0.0	    00000000     00000000	   1	[       ]
107   	0     	      2	      condition2	    217.2891	    601.56	    0.0	    00000000     00000000	   1	[       ]
108   	0     	     11	 NeutSmallBright	    218.8203	   1531.25	    0.0	    00000000     00000000	   1	[      8]
109   	0     	     11	 NeutSmallBright	    221.2148	   2394.53	    0.0	    00000000     00000000	   1	[      8]
110   	0     	      9	   NeutSmallDark	    223.5391	   2324.22	    0.0	    00000000     00000000	   1	[      6]
111   	0     	      4	    NegLargeDark	    225.5938	   2054.69	    0.0	    00000000     00000000	   1	[      1]
112   	0     	      9	   NeutSmallDark	    227.9180	   2324.22	    0.0	    00000000     00000000	   1	[      6]
113   	0     	      6	  NegLargeBright	    230.0312	   2113.28	    0.0	    00000000     00000000	   1	[      3]
114   	0     	      4	    NegLargeDark	    232.2148	   2183.59	    0.0	    00000000     00000000	   1	[      1]
115   	0     	     14	     condition14	    234.7305	   2515.62	    0.0	    00000000     00000000	   1	[       ]
116   	0     	      2	      condition2	    235.2617	    531.25	    0.0	    00000000     00000000	   1	[       ]
117   	0     	      6	  NegLargeBright	    236.8125	   1550.78	    0.0	    00000000     00000000	   1	[      3]
118   	0     	     10	 NeutLargeBright	    239.0469	   2234.38	    0.0	    00000000     00000000	   1	[      7]
119   	0     	      7	  NegSmallBright	    241.3008	   2253.91	    0.0	    00000000     00000000	   1	[      4]
120   	0     	     10	 NeutLargeBright	    243.7148	   2414.06	    0.0	    00000000     00000000	   1	[      7]
121   	0     	      4	    NegLargeDark	    245.7891	   2074.22	    0.0	    00000000     00000000	   1	[      1]
122   	0     	      5	    NegSmallDark	    248.2734	   2484.38	    0.0	    00000000     00000000	   1	[      2]
123   	0     	      9	   NeutSmallDark	    250.6172	   2343.75	    0.0	    00000000     00000000	   1	[      6]
124   	0     	      4	    NegLargeDark	    252.7695	   2152.34	    0.0	    00000000     00000000	   1	[      1]
125   	0     	      9	   NeutSmallDark	    255.2148	   2445.31	    0.0	    00000000     00000000	   1	[      6]
126   	0     	      6	  NegLargeBright	    257.3281	   2113.28	    0.0	    00000000     00000000	   1	[      3]
127   	0     	      8	   NeutLargeDark	    259.8242	   2496.09	    0.0	    00000000     00000000	   1	[      5]
128   	0     	     10	 NeutLargeBright	    262.1367	   2312.50	    0.0	    00000000     00000000	   1	[      7]
129   	0     	     13	     condition13	    264.5195	   2382.81	    0.0	    00000000     00000000	   1	[       ]
130   	0     	      2	      condition2	    265.4492	    929.69	    0.0	    00000000     00000000	   1	[       ]
131   	0     	     15	     condition15	    266.6758	   1226.56	    0.0	    00000000     00000000	   1	[       ]
132   	0     	      2	      condition2	    267.5703	    894.53	    0.0	    00000000     00000000	   1	[       ]
133   	0     	     11	 NeutSmallBright	    269.0977	   1527.34	    0.0	    00000000     00000000	   1	[      8]
134   	0     	      9	   NeutSmallDark	    271.2812	   2183.59	    0.0	    00000000     00000000	   1	[      6]
135   	0     	     13	     condition13	    273.5078	   2226.56	    0.0	    00000000     00000000	   1	[       ]
136   	0     	      2	      condition2	    274.0469	    539.06	    0.0	    00000000     00000000	   1	[       ]
137   	0     	     10	 NeutLargeBright	    275.6016	   1554.69	    0.0	    00000000     00000000	   1	[      7]
138   	0     	      6	  NegLargeBright	    277.7539	   2152.34	    0.0	    00000000     00000000	   1	[      3]
139   	0     	      5	    NegSmallDark	    279.8594	   2105.47	    0.0	    00000000     00000000	   1	[      2]
140   	0     	     15	     condition15	    281.8828	   2023.44	    0.0	    00000000     00000000	   1	[       ]
141   	0     	      2	      condition2	    282.4219	    539.06	    0.0	    00000000     00000000	   1	[       ]
142   	0     	     10	 NeutLargeBright	    284.1953	   1773.44	    0.0	    00000000     00000000	   1	[      7]
143   	0     	      5	    NegSmallDark	    286.5508	   2355.47	    0.0	    00000000     00000000	   1	[      2]
144   	0     	      9	   NeutSmallDark	    288.8242	   2273.44	    0.0	    00000000     00000000	   1	[      6]
145   	0     	      7	  NegSmallBright	    291.3086	   2484.38	    0.0	    00000000     00000000	   1	[      4]
146   	0     	     11	 NeutSmallBright	    293.5625	   2253.91	    0.0	    00000000     00000000	   1	[      8]
147   	0     	      9	   NeutSmallDark	    296.0156	   2453.12	    0.0	    00000000     00000000	   1	[      6]
148   	0     	      5	    NegSmallDark	    298.1016	   2085.94	    0.0	    00000000     00000000	   1	[      2]
149   	0     	      6	  NegLargeBright	    300.2656	   2164.06	    0.0	    00000000     00000000	   1	[      3]
150   	0     	      6	  NegLargeBright	    302.6562	   2390.62	    0.0	    00000000     00000000	   1	[      3]
151   	0     	      4	    NegLargeDark	    304.8516	   2195.31	    0.0	    00000000     00000000	   1	[      1]
152   	0     	     14	     condition14	    307.2773	   2425.78	    0.0	    00000000     00000000	   1	[       ]
153   	0     	      2	      condition2	    307.8516	    574.22	    0.0	    00000000     00000000	   1	[       ]
154   	0     	     12	     condition12	    309.4805	   1628.91	    0.0	    00000000     00000000	   1	[       ]
155   	0     	      2	      condition2	    310.0352	    554.69	    0.0	    00000000     00000000	   1	[       ]
156   	0     	     13	     condition13	    311.6758	   1640.62	    0.0	    00000000     00000000	   1	[       ]
157   	0     	      2	      condition2	    312.1719	    496.09	    0.0	    00000000     00000000	   1	[       ]
158   	0     	      8	   NeutLargeDark	    314.0469	   1875.00	    0.0	    00000000     00000000	   1	[      5]
159   	0     	      4	    NegLargeDark	    316.5312	   2484.38	    0.0	    00000000     00000000	   1	[      1]
160   	0     	      8	   NeutLargeDark	    318.6562	   2125.00	    0.0	    00000000     00000000	   1	[      5]
161   	0     	      7	  NegSmallBright	    320.6914	   2035.16	    0.0	    00000000     00000000	   1	[      4]
162   	0     	      5	    NegSmallDark	    323.2812	   2589.84	    0.0	    00000000     00000000	   1	[      2]
163   	0     	      6	  NegLargeBright	    325.6875	   2406.25	    0.0	    00000000     00000000	   1	[      3]
164   	0     	     12	     condition12	    327.9297	   2242.19	    0.0	    00000000     00000000	   1	[       ]
165   	0     	      2	      condition2	    328.4648	    535.16	    0.0	    00000000     00000000	   1	[       ]
166   	0     	     14	     condition14	    330.2031	   1738.28	    0.0	    00000000     00000000	   1	[       ]
167   	0     	      2	      condition2	    330.6992	    496.09	    0.0	    00000000     00000000	   1	[       ]
168   	0     	      7	  NegSmallBright	    332.4766	   1777.34	    0.0	    00000000     00000000	   1	[      4]
169   	0     	     10	 NeutLargeBright	    334.7734	   2296.88	    0.0	    00000000     00000000	   1	[      7]
170   	0     	     11	 NeutSmallBright	    336.8438	   2070.31	    0.0	    00000000     00000000	   1	[      8]
171   	0     	     11	 NeutSmallBright	    338.9180	   2074.22	    0.0	    00000000     00000000	   1	[      8]
172   	0     	      5	    NegSmallDark	    341.1719	   2253.91	    0.0	    00000000     00000000	   1	[      2]
173   	0     	      9	   NeutSmallDark	    343.4180	   2246.09	    0.0	    00000000     00000000	   1	[      6]
174   	0     	      7	  NegSmallBright	    345.4609	   2042.97	    0.0	    00000000     00000000	   1	[      4]
175   	0     	      8	   NeutLargeDark	    347.6055	   2144.53	    0.0	    00000000     00000000	   1	[      5]
176   	0     	     15	     condition15	    349.6289	   2023.44	    0.0	    00000000     00000000	   1	[       ]
177   	0     	      2	      condition2	    350.2773	    648.44	    0.0	    00000000     00000000	   1	[       ]
178   	0     	      8	   NeutLargeDark	    351.7930	   1515.62	    0.0	    00000000     00000000	   1	[      5]
179   	0     	      4	    NegLargeDark	    353.8242	   2031.25	    0.0	    00000000     00000000	   1	[      1]
180   	0     	      5	    NegSmallDark	    356.2891	   2464.84	    0.0	    00000000     00000000	   1	[      2]
181   	0     	     11	 NeutSmallBright	    358.4531	   2164.06	    0.0	    00000000     00000000	   1	[      8]
182   	0     	      8	   NeutLargeDark	    360.9180	   2464.84	    0.0	    00000000     00000000	   1	[      5]
183   	0     	      8	   NeutLargeDark	    363.1016	   2183.59	    0.0	    00000000     00000000	   1	[      5]
184   	0     	      7	  NegSmallBright	    365.3555	   2253.91	    0.0	    00000000     00000000	   1	[      4]
185   	0     	      9	   NeutSmallDark	    367.8594	   2503.91	    0.0	    00000000     00000000	   1	[      6]
186   	0     	     12	     condition12	    369.9336	   2074.22	    0.0	    00000000     00000000	   1	[       ]
187   	0     	      2	      condition2	    370.5312	    597.66	    0.0	    00000000     00000000	   1	[       ]
188   	0     	     15	     condition15	    372.3594	   1828.12	    0.0	    00000000     00000000	   1	[       ]
189   	0     	      2	      condition2	    372.9453	    585.94	    0.0	    00000000     00000000	   1	[       ]
190   	0     	     10	 NeutLargeBright	    374.8711	   1925.78	    0.0	    00000000     00000000	   1	[      7]
191   	0     	      2	      condition2	    375.8672	    996.09	    0.0	    00000000     00000000	   1	[       ]
192   	0     	      8	   NeutLargeDark	    377.2148	   1347.66	    0.0	    00000000     00000000	   1	[      5]
193   	0     	      6	  NegLargeBright	    379.3086	   2093.75	    0.0	    00000000     00000000	   1	[      3]
194   	0     	      4	    NegLargeDark	    381.6055	   2296.88	    0.0	    00000000     00000000	   1	[      1]
195   	0     	     12	     condition12	    383.8477	   2242.19	    0.0	    00000000     00000000	   1	[       ]
196   	0     	      2	      condition2	    384.5273	    679.69	    0.0	    00000000     00000000	   1	[       ]
197   	0     	     10	 NeutLargeBright	    386.0625	   1535.16	    0.0	    00000000     00000000	   1	[      7]
198   	0     	     10	 NeutLargeBright	    388.3750	   2312.50	    0.0	    00000000     00000000	   1	[      7]
199   	0     	     15	     condition15	    390.6406	   2265.62	    0.0	    00000000     00000000	   1	[       ]
200   	0     	      2	      condition2	    391.3672	    726.56	    0.0	    00000000     00000000	   1	[       ]
201   	0     	      8	   NeutLargeDark	    393.0039	   1636.72	    0.0	    00000000     00000000	   1	[      5]
202   	0     	      5	    NegSmallDark	    395.5078	   2503.91	    0.0	    00000000     00000000	   1	[      2]
203   	0     	      7	  NegSmallBright	    397.9219	   2414.06	    0.0	    00000000     00000000	   1	[      4]
204   	0     	      4	    NegLargeDark	    400.0156	   2093.75	    0.0	    00000000     00000000	   1	[      1]
205   	0     	      9	   NeutSmallDark	    402.2305	   2214.84	    0.0	    00000000     00000000	   1	[      6]
206   	0     	      8	   NeutLargeDark	    404.3242	   2093.75	    0.0	    00000000     00000000	   1	[      5]
207   	0     	      9	   NeutSmallDark	    406.8203	   2496.09	    0.0	    00000000     00000000	   1	[      6]
208   	0     	      6	  NegLargeBright	    409.3438	   2523.44	    0.0	    00000000     00000000	   1	[      3]
209   	0     	      4	    NegLargeDark	    411.4180	   2074.22	    0.0	    00000000     00000000	   1	[      1]
210   	0     	     10	 NeutLargeBright	    413.9102	   2492.19	    0.0	    00000000     00000000	   1	[      7]
211   	0     	     10	 NeutLargeBright	    416.1758	   2265.62	    0.0	    00000000     00000000	   1	[      7]
212   	0     	     10	 NeutLargeBright	    418.3672	   2191.41	    0.0	    00000000     00000000	   1	[      7]
213   	0     	     11	 NeutSmallBright	    420.7617	   2394.53	    0.0	    00000000     00000000	   1	[      8]
214   	0     	      4	    NegLargeDark	    423.0977	   2335.94	    0.0	    00000000     00000000	   1	[      1]
215   	0     	      9	   NeutSmallDark	    425.3516	   2253.91	    0.0	    00000000     00000000	   1	[      6]
216   	0     	      7	  NegSmallBright	    427.8359	   2484.38	    0.0	    00000000     00000000	   1	[      4]
217   	0     	      4	    NegLargeDark	    430.2188	   2382.81	    0.0	    00000000     00000000	   1	[      1]
218   	0     	     10	 NeutLargeBright	    432.4219	   2203.12	    0.0	    00000000     00000000	   1	[      7]
219   	0     	      5	    NegSmallDark	    434.4766	   2054.69	    0.0	    00000000     00000000	   1	[      2]
220   	0     	     14	     condition14	    436.7812	   2304.69	    0.0	    00000000     00000000	   1	[       ]
221   	0     	      2	      condition2	    437.3906	    609.38	    0.0	    00000000     00000000	   1	[       ]
222   	0     	     11	 NeutSmallBright	    439.3047	   1914.06	    0.0	    00000000     00000000	   1	[      8]
223   	0     	     10	 NeutLargeBright	    441.4180	   2113.28	    0.0	    00000000     00000000	   1	[      7]
224   	0     	      4	    NegLargeDark	    443.5625	   2144.53	    0.0	    00000000     00000000	   1	[      1]
225   	0     	      4	    NegLargeDark	    445.6758	   2113.28	    0.0	    00000000     00000000	   1	[      1]
226   	0     	      9	   NeutSmallDark	    448.0195	   2343.75	    0.0	    00000000     00000000	   1	[      6]
227   	0     	     10	 NeutLargeBright	    450.1445	   2125.00	    0.0	    00000000     00000000	   1	[      7]
228   	0     	      6	  NegLargeBright	    452.6602	   2515.62	    0.0	    00000000     00000000	   1	[      3]
229   	0     	     15	     condition15	    455.1719	   2511.72	    0.0	    00000000     00000000	   1	[       ]
230   	0     	      2	      condition2	    455.7891	    617.19	    0.0	    00000000     00000000	   1	[       ]
231   	0     	      8	   NeutLargeDark	    457.3555	   1566.41	    0.0	    00000000     00000000	   1	[      5]
232   	0     	      8	   NeutLargeDark	    459.5117	   2156.25	    0.0	    00000000     00000000	   1	[      5]
233   	0     	      4	    NegLargeDark	    461.6367	   2125.00	    0.0	    00000000     00000000	   1	[      1]
234   	0     	      4	    NegLargeDark	    463.7305	   2093.75	    0.0	    00000000     00000000	   1	[      1]
235   	0     	      9	   NeutSmallDark	    466.0312	   2300.78	    0.0	    00000000     00000000	   1	[      6]
236   	0     	     10	 NeutLargeBright	    468.2656	   2234.38	    0.0	    00000000     00000000	   1	[      7]
237   	0     	      6	  NegLargeBright	    470.3516	   2085.94	    0.0	    00000000     00000000	   1	[      3]
238   	0     	     13	     condition13	    472.4531	   2101.56	    0.0	    00000000     00000000	   1	[       ]
239   	0     	      2	      condition2	    473.0742	    621.09	    0.0	    00000000     00000000	   1	[       ]
240   	0     	     10	 NeutLargeBright	    474.6680	   1593.75	    0.0	    00000000     00000000	   1	[      7]
241   	0     	      5	    NegSmallDark	    476.9219	   2253.91	    0.0	    00000000     00000000	   1	[      2]
242   	0     	     13	     condition13	    479.0039	   2082.03	    0.0	    00000000     00000000	   1	[       ]
243   	0     	      2	      condition2	    479.6016	    597.66	    0.0	    00000000     00000000	   1	[       ]
244   	0     	      5	    NegSmallDark	    482.4219	   2820.31	    0.0	    00000000     00000000	   1	[      2]
245   	0     	      9	   NeutSmallDark	    484.7188	   2296.88	    0.0	    00000000     00000000	   1	[      6]
246   	0     	      7	  NegSmallBright	    487.1602	   2441.41	    0.0	    00000000     00000000	   1	[      4]
247   	0     	      7	  NegSmallBright	    489.4141	   2253.91	    0.0	    00000000     00000000	   1	[      4]
248   	0     	     12	     condition12	    491.9297	   2515.62	    0.0	    00000000     00000000	   1	[       ]
249   	0     	      2	      condition2	    492.4375	    507.81	    0.0	    00000000     00000000	   1	[       ]
250   	0     	      7	  NegSmallBright	    494.4023	   1964.84	    0.0	    00000000     00000000	   1	[      4]
251   	0     	      4	    NegLargeDark	    496.5898	   2187.50	    0.0	    00000000     00000000	   1	[      1]
252   	0     	      5	    NegSmallDark	    498.6914	   2101.56	    0.0	    00000000     00000000	   1	[      2]
253   	0     	      6	  NegLargeBright	    501.0273	   2335.94	    0.0	    00000000     00000000	   1	[      3]
254   	0     	     10	 NeutLargeBright	    503.3008	   2273.44	    0.0	    00000000     00000000	   1	[      7]
255   	0     	      6	  NegLargeBright	    505.7227	   2421.88	    0.0	    00000000     00000000	   1	[      3]
256   	0     	      6	  NegLargeBright	    507.7695	   2046.88	    0.0	    00000000     00000000	   1	[      3]
257   	0     	     11	 NeutSmallBright	    510.1133	   2343.75	    0.0	    00000000     00000000	   1	[      8]
258   	0     	     10	 NeutLargeBright	    512.2773	   2164.06	    0.0	    00000000     00000000	   1	[      7]
259   	0     	      9	   NeutSmallDark	    514.6094	   2332.03	    0.0	    00000000     00000000	   1	[      6]
260   	0     	     11	 NeutSmallBright	    516.8242	   2214.84	    0.0	    00000000     00000000	   1	[      8]
261   	0     	     14	     condition14	    518.9570	   2132.81	    0.0	    00000000     00000000	   1	[       ]
262   	0     	      2	      condition2	    519.5195	    562.50	    0.0	    00000000     00000000	   1	[       ]
263   	0     	      9	   NeutSmallDark	    521.1016	   1582.03	    0.0	    00000000     00000000	   1	[      6]
264   	0     	     10	 NeutLargeBright	    523.4844	   2382.81	    0.0	    00000000     00000000	   1	[      7]
265   	0     	      8	   NeutLargeDark	    525.9180	   2433.59	    0.0	    00000000     00000000	   1	[      5]
266   	0     	     13	     condition13	    528.1953	   2277.34	    0.0	    00000000     00000000	   1	[       ]
267   	0     	      2	      condition2	    528.7578	    562.50	    0.0	    00000000     00000000	   1	[       ]
268   	0     	      6	  NegLargeBright	    530.4258	   1667.97	    0.0	    00000000     00000000	   1	[      3]
269   	0     	      9	   NeutSmallDark	    532.4805	   2054.69	    0.0	    00000000     00000000	   1	[      6]
270   	0     	      8	   NeutLargeDark	    534.5938	   2113.28	    0.0	    00000000     00000000	   1	[      5]
271   	0     	     11	 NeutSmallBright	    536.8398	   2246.09	    0.0	    00000000     00000000	   1	[      8]
272   	0     	      7	  NegSmallBright	    539.0625	   2222.66	    0.0	    00000000     00000000	   1	[      4]
273   	0     	     11	 NeutSmallBright	    541.2578	   2195.31	    0.0	    00000000     00000000	   1	[      8]
274   	0     	      4	    NegLargeDark	    543.7422	   2484.38	    0.0	    00000000     00000000	   1	[      1]
275   	0     	     11	 NeutSmallBright	    546.0664	   2324.22	    0.0	    00000000     00000000	   1	[      8]
276   	0     	     10	 NeutLargeBright	    548.3672	   2300.78	    0.0	    00000000     00000000	   1	[      7]
277   	0     	      4	    NegLargeDark	    550.8320	   2464.84	    0.0	    00000000     00000000	   1	[      1]
278   	0     	     11	 NeutSmallBright	    553.0586	   2226.56	    0.0	    00000000     00000000	   1	[      8]
279   	0     	      5	    NegSmallDark	    555.1328	   2074.22	    0.0	    00000000     00000000	   1	[      2]
280   	0     	      7	  NegSmallBright	    557.5547	   2421.88	    0.0	    00000000     00000000	   1	[      4]
281   	0     	     14	     condition14	    560.0508	   2496.09	    0.0	    00000000     00000000	   1	[       ]
282   	0     	      2	      condition2	    560.7031	    652.34	    0.0	    00000000     00000000	   1	[       ]
283   	0     	      6	  NegLargeBright	    562.4922	   1789.06	    0.0	    00000000     00000000	   1	[      3]
284   	0     	     11	 NeutSmallBright	    564.5586	   2066.41	    0.0	    00000000     00000000	   1	[      8]
285   	0     	      5	    NegSmallDark	    566.9219	   2363.28	    0.0	    00000000     00000000	   1	[      2]
286   	0     	     14	     condition14	    569.0234	   2101.56	    0.0	    00000000     00000000	   1	[       ]
287   	0     	      2	      condition2	    569.5820	    558.59	    0.0	    00000000     00000000	   1	[       ]
288   	0     	     14	     condition14	    571.3281	   1746.09	    0.0	    00000000     00000000	   1	[       ]
289   	0     	      2	      condition2	    571.9336	    605.47	    0.0	    00000000     00000000	   1	[       ]
290   	0     	     14	     condition14	    573.6953	   1761.72	    0.0	    00000000     00000000	   1	[       ]
291   	0     	      2	      condition2	    574.2617	    566.41	    0.0	    00000000     00000000	   1	[       ]
292   	0     	      5	    NegSmallDark	    575.8477	   1585.94	    0.0	    00000000     00000000	   1	[      2]
293   	0     	      5	    NegSmallDark	    578.1523	   2304.69	    0.0	    00000000     00000000	   1	[      2]
294   	0     	      9	   NeutSmallDark	    580.6641	   2511.72	    0.0	    00000000     00000000	   1	[      6]
295   	0     	      7	  NegSmallBright	    583.0312	   2367.19	    0.0	    00000000     00000000	   1	[      4]
296   	0     	      7	  NegSmallBright	    585.1641	   2132.81	    0.0	    00000000     00000000	   1	[      4]
297   	0     	      7	  NegSmallBright	    587.6094	   2445.31	    0.0	    00000000     00000000	   1	[      4]
298   	0     	      7	  NegSmallBright	    590.0430	   2433.59	    0.0	    00000000     00000000	   1	[      4]
299   	0     	      6	  NegLargeBright	    592.1641	   2121.09	    0.0	    00000000     00000000	   1	[      3]
300   	0     	      5	    NegSmallDark	    594.2500	   2085.94	    0.0	    00000000     00000000	   1	[      2]
301   	0     	      7	  NegSmallBright	    596.6055	   2355.47	    0.0	    00000000     00000000	   1	[      4]
302   	0     	     11	 NeutSmallBright	    598.8789	   2273.44	    0.0	    00000000     00000000	   1	[      8]
303   	0     	      8	   NeutLargeDark	    601.2109	   2332.03	    0.0	    00000000     00000000	   1	[      5]
304   	0     	      6	  NegLargeBright	    603.5664	   2355.47	    0.0	    00000000     00000000	   1	[      3]
305   	0     	      6	  NegLargeBright	    605.7617	   2195.31	    0.0	    00000000     00000000	   1	[      3]
306   	0     	     10	 NeutLargeBright	    608.1953	   2433.59	    0.0	    00000000     00000000	   1	[      7]
307   	0     	      7	  NegSmallBright	    610.4570	   2261.72	    0.0	    00000000     00000000	   1	[      4]
308   	0     	      4	    NegLargeDark	    612.5938	   2136.72	    0.0	    00000000     00000000	   1	[      1]
309   	0     	      9	   NeutSmallDark	    614.7656	   2171.88	    0.0	    00000000     00000000	   1	[      6]
310   	0     	     13	     condition13	    616.9102	   2144.53	    0.0	    00000000     00000000	   1	[       ]
311   	0     	      2	      condition2	    617.5820	    671.88	    0.0	    00000000     00000000	   1	[       ]
312   	0     	     10	 NeutLargeBright	    619.2734	   1691.41	    0.0	    00000000     00000000	   1	[      7]
313   	0     	      9	   NeutSmallDark	    621.4062	   2132.81	    0.0	    00000000     00000000	   1	[      6]
314   	0     	      6	  NegLargeBright	    623.5820	   2175.78	    0.0	    00000000     00000000	   1	[      3]
315   	0     	      9	   NeutSmallDark	    625.7344	   2152.34	    0.0	    00000000     00000000	   1	[      6]
316   	0     	      7	  NegSmallBright	    627.9375	   2203.12	    0.0	    00000000     00000000	   1	[      4]
317   	0     	      8	   NeutLargeDark	    630.3633	   2425.78	    0.0	    00000000     00000000	   1	[      5]
318   	0     	      7	  NegSmallBright	    632.3984	   2035.16	    0.0	    00000000     00000000	   1	[      4]
319   	0     	      5	    NegSmallDark	    634.4609	   2062.50	    0.0	    00000000     00000000	   1	[      2]
320   	0     	      4	    NegLargeDark	    636.8828	   2421.88	    0.0	    00000000     00000000	   1	[      1]
321   	0     	     11	 NeutSmallBright	    639.2383	   2355.47	    0.0	    00000000     00000000	   1	[      8]
322   	0     	      6	  NegLargeBright	    642.0234	   2785.16	    0.0	    00000000     00000000	   1	[      3]
323   	0     	     11	 NeutSmallBright	    644.1875	   2164.06	    0.0	    00000000     00000000	   1	[      8]
324   	0     	     14	     condition14	    646.4492	   2261.72	    0.0	    00000000     00000000	   1	[       ]
325   	0     	      2	      condition2	    646.9727	    523.44	    0.0	    00000000     00000000	   1	[       ]
326   	0     	      7	  NegSmallBright	    648.8633	   1890.62	    0.0	    00000000     00000000	   1	[      4]
327   	0     	      4	    NegLargeDark	    650.9102	   2046.88	    0.0	    00000000     00000000	   1	[      1]
328   	0     	      6	  NegLargeBright	    653.1914	   2281.25	    0.0	    00000000     00000000	   1	[      3]
329   	0     	      8	   NeutLargeDark	    655.3555	   2164.06	    0.0	    00000000     00000000	   1	[      5]
330   	0     	      8	   NeutLargeDark	    657.6211	   2265.62	    0.0	    00000000     00000000	   1	[      5]
331   	0     	      8	   NeutLargeDark	    659.8828	   2261.72	    0.0	    00000000     00000000	   1	[      5]
332   	0     	      5	    NegSmallDark	    662.0391	   2156.25	    0.0	    00000000     00000000	   1	[      2]
333   	0     	     11	 NeutSmallBright	    664.1914	   2152.34	    0.0	    00000000     00000000	   1	[      8]
334   	0     	      9	   NeutSmallDark	    666.6562	   2464.84	    0.0	    00000000     00000000	   1	[      6]
335   	0     	      5	    NegSmallDark	    668.8398	   2183.59	    0.0	    00000000     00000000	   1	[      2]
336   	0     	      5	    NegSmallDark	    671.0547	   2214.84	    0.0	    00000000     00000000	   1	[      2]
337   	0     	     11	 NeutSmallBright	    673.3477	   2292.97	    0.0	    00000000     00000000	   1	[      8]
338   	0     	     14	     condition14	    675.6523	   2304.69	    0.0	    00000000     00000000	   1	[       ]
339   	0     	      2	      condition2	    676.4102	    757.81	    0.0	    00000000     00000000	   1	[       ]
340   	0     	      8	   NeutLargeDark	    678.1367	   1726.56	    0.0	    00000000     00000000	   1	[      5]
341   	0     	      9	   NeutSmallDark	    680.1914	   2054.69	    0.0	    00000000     00000000	   1	[      6]
342   	0     	     15	     condition15	    682.6953	   2503.91	    0.0	    00000000     00000000	   1	[       ]
343   	0     	      2	      condition2	    683.4141	    718.75	    0.0	    00000000     00000000	   1	[       ]
344   	0     	     12	     condition12	    685.1484	   1734.38	    0.0	    00000000     00000000	   1	[       ]
345   	0     	      2	      condition2	    685.6719	    523.44	    0.0	    00000000     00000000	   1	[       ]
346   	0     	     11	 NeutSmallBright	    687.2031	   1531.25	    0.0	    00000000     00000000	   1	[      8]
347   	0     	      8	   NeutLargeDark	    689.5156	   2312.50	    0.0	    00000000     00000000	   1	[      5]
348   	0     	     11	 NeutSmallBright	    691.6602	   2144.53	    0.0	    00000000     00000000	   1	[      8]
349   	0     	      7	  NegSmallBright	    693.7656	   2105.47	    0.0	    00000000     00000000	   1	[      4]
350   	0     	     14	     condition14	    695.8789	   2113.28	    0.0	    00000000     00000000	   1	[       ]
351   	0     	      2	      condition2	    696.3984	    519.53	    0.0	    00000000     00000000	   1	[       ]
352   	0     	      5	    NegSmallDark	    698.3203	   1921.88	    0.0	    00000000     00000000	   1	[      2]
353   	0     	      6	  NegLargeBright	    700.4766	   2156.25	    0.0	    00000000     00000000	   1	[      3]
354   	0     	     14	     condition14	    702.9805	   2503.91	    0.0	    00000000     00000000	   1	[       ]
355   	0     	      2	      condition2	    703.5898	    609.38	    0.0	    00000000     00000000	   1	[       ]
356   	0     	      7	  NegSmallBright	    705.2227	   1632.81	    0.0	    00000000     00000000	   1	[      4]
357   	0     	      4	    NegLargeDark	    707.3672	   2144.53	    0.0	    00000000     00000000	   1	[      1]
358   	0     	     15	     condition15	    709.7930	   2425.78	    0.0	    00000000     00000000	   1	[       ]
359   	0     	      2	      condition2	    710.4766	    683.59	    0.0	    00000000     00000000	   1	[       ]
360   	0     	     11	 NeutSmallBright	    711.8242	   1347.66	    0.0	    00000000     00000000	   1	[      8]
361   	0     	     15	     condition15	    714.3398	   2515.62	    0.0	    00000000     00000000	   1	[       ]
362   	0     	      2	      condition2	    715.0117	    671.88	    0.0	    00000000     00000000	   1	[       ]
363   	0     	      4	    NegLargeDark	    716.5938	   1582.03	    0.0	    00000000     00000000	   1	[      1]
364   	0     	      5	    NegSmallDark	    718.9492	   2355.47	    0.0	    00000000     00000000	   1	[      2]
365   	0     	      5	    NegSmallDark	    721.4219	   2472.66	    0.0	    00000000     00000000	   1	[      2]
366   	0     	      7	  NegSmallBright	    723.6172	   2195.31	    0.0	    00000000     00000000	   1	[      4]
367   	0     	      6	  NegLargeBright	    725.8594	   2242.19	    0.0	    00000000     00000000	   1	[      3]
368   	0     	     13	     condition13	    728.2344	   2375.00	    0.0	    00000000     00000000	   1	[       ]
369   	0     	      2	      condition2	    728.8008	    566.41	    0.0	    00000000     00000000	   1	[       ]
370   	0     	      5	    NegSmallDark	    730.6797	   1878.91	    0.0	    00000000     00000000	   1	[      2]
371   	0     	      9	   NeutSmallDark	    732.8008	   2121.09	    0.0	    00000000     00000000	   1	[      6]
372   	0     	     14	     condition14	    734.9961	   2195.31	    0.0	    00000000     00000000	   1	[       ]
373   	0     	      2	      condition2	    735.5898	    593.75	    0.0	    00000000     00000000	   1	[       ]
374   	0     	      7	  NegSmallBright	    737.0391	   1449.22	    0.0	    00000000     00000000	   1	[      4]
375   	0     	      8	   NeutLargeDark	    739.4141	   2375.00	    0.0	    00000000     00000000	   1	[      5]
376   	0     	      4	    NegLargeDark	    741.9102	   2496.09	    0.0	    00000000     00000000	   1	[      1]
377   	0     	      6	  NegLargeBright	    744.1719	   2261.72	    0.0	    00000000     00000000	   1	[      3]
378   	0     	     10	 NeutLargeBright	    746.3047	   2132.81	    0.0	    00000000     00000000	   1	[      7]
379   	0     	      9	   NeutSmallDark	    748.5508	   2246.09	    0.0	    00000000     00000000	   1	[      6]
380   	0     	      5	    NegSmallDark	    750.6055	   2054.69	    0.0	    00000000     00000000	   1	[      2]
381   	0     	     12	     condition12	    752.9688	   2363.28	    0.0	    00000000     00000000	   1	[       ]
382   	0     	      2	      condition2	    753.4609	    492.19	    0.0	    00000000     00000000	   1	[       ]
383   	0     	      5	    NegSmallDark	    755.3633	   1902.34	    0.0	    00000000     00000000	   1	[      2]
384   	0     	     13	     condition13	    757.7578	   2394.53	    0.0	    00000000     00000000	   1	[       ]
385   	0     	      2	      condition2	    758.2812	    523.44	    0.0	    00000000     00000000	   1	[       ]
386   	0     	      4	    NegLargeDark	    760.2109	   1929.69	    0.0	    00000000     00000000	   1	[      1]
387   	0     	     12	     condition12	    762.6953	   2484.38	    0.0	    00000000     00000000	   1	[       ]
388   	0     	      2	      condition2	    763.2891	    593.75	    0.0	    00000000     00000000	   1	[       ]
389   	0     	      9	   NeutSmallDark	    764.7695	   1480.47	    0.0	    00000000     00000000	   1	[      6]
390   	0     	     15	     condition15	    766.8633	   2093.75	    0.0	    00000000     00000000	   1	[       ]
391   	0     	      2	      condition2	    767.4883	    625.00	    0.0	    00000000     00000000	   1	[       ]
392   	0     	      6	  NegLargeBright	    768.9062	   1417.97	    0.0	    00000000     00000000	   1	[      3]
393   	0     	      4	    NegLargeDark	    771.0586	   2152.34	    0.0	    00000000     00000000	   1	[      1]
394   	0     	      9	   NeutSmallDark	    773.1836	   2125.00	    0.0	    00000000     00000000	   1	[      6]
395   	0     	     11	 NeutSmallBright	    775.3984	   2214.84	    0.0	    00000000     00000000	   1	[      8]
396   	0     	      8	   NeutLargeDark	    777.5312	   2132.81	    0.0	    00000000     00000000	   1	[      5]
397   	0     	     13	     condition13	    779.7930	   2261.72	    0.0	    00000000     00000000	   1	[       ]
398   	0     	      2	      condition2	    780.3594	    566.41	    0.0	    00000000     00000000	   1	[       ]
399   	0     	      8	   NeutLargeDark	    782.2578	   1898.44	    0.0	    00000000     00000000	   1	[      5]
400   	0     	      6	  NegLargeBright	    784.7227	   2464.84	    0.0	    00000000     00000000	   1	[      3]
401   	0     	      9	   NeutSmallDark	    786.8984	   2175.78	    0.0	    00000000     00000000	   1	[      6]
402   	0     	     10	 NeutLargeBright	    789.0000	   2101.56	    0.0	    00000000     00000000	   1	[      7]
403   	0     	      6	  NegLargeBright	    791.4648	   2464.84	    0.0	    00000000     00000000	   1	[      3]
404   	0     	      4	    NegLargeDark	    793.7812	   2316.41	    0.0	    00000000     00000000	   1	[      1]
405   	0     	      9	   NeutSmallDark	    795.8047	   2023.44	    0.0	    00000000     00000000	   1	[      6]
406   	0     	     11	 NeutSmallBright	    798.0781	   2273.44	    0.0	    00000000     00000000	   1	[      8]
407   	0     	    253	              ""	    800.7188	   2640.62	    0.0	    00000000     00000000	   1	[       ]
408   	0     	      8	   NeutLargeDark	    801.7305	   1011.72	    0.0	    00000000     00000000	   1	[      5]
409   	0     	      5	    NegSmallDark	    803.9336	   2203.12	    0.0	    00000000     00000000	   1	[      2]
410   	0     	      6	  NegLargeBright	    806.1289	   2195.31	    0.0	    00000000     00000000	   1	[      3]
411   	0     	      6	  NegLargeBright	    808.3008	   2171.88	    0.0	    00000000     00000000	   1	[      3]
412   	0     	      5	    NegSmallDark	    810.8281	   2527.34	    0.0	    00000000     00000000	   1	[      2]
413   	0     	     10	 NeutLargeBright	    813.2930	   2464.84	    0.0	    00000000     00000000	   1	[      7]
414   	0     	      9	   NeutSmallDark	    815.5938	   2300.78	    0.0	    00000000     00000000	   1	[      6]
415   	0     	     10	 NeutLargeBright	    818.0391	   2445.31	    0.0	    00000000     00000000	   1	[      7]
416   	0     	      6	  NegLargeBright	    820.4453	   2406.25	    0.0	    00000000     00000000	   1	[      3]
417   	0     	      7	  NegSmallBright	    822.6367	   2191.41	    0.0	    00000000     00000000	   1	[      4]
418   	0     	      7	  NegSmallBright	    824.7109	   2074.22	    0.0	    00000000     00000000	   1	[      4]
419   	0     	      6	  NegLargeBright	    826.7656	   2054.69	    0.0	    00000000     00000000	   1	[      3]
420   	0     	      8	   NeutLargeDark	    829.2500	   2484.38	    0.0	    00000000     00000000	   1	[      5]
421   	0     	      7	  NegSmallBright	    831.7031	   2453.12	    0.0	    00000000     00000000	   1	[      4]
422   	0     	      8	   NeutLargeDark	    834.1562	   2453.12	    0.0	    00000000     00000000	   1	[      5]
423   	0     	     11	 NeutSmallBright	    836.6719	   2515.62	    0.0	    00000000     00000000	   1	[      8]
424   	0     	      6	  NegLargeBright	    838.7461	   2074.22	    0.0	    00000000     00000000	   1	[      3]
425   	0     	     13	     condition13	    841.2695	   2523.44	    0.0	    00000000     00000000	   1	[       ]
426   	0     	      2	      condition2	    841.9219	    652.34	    0.0	    00000000     00000000	   1	[       ]
427   	0     	      9	   NeutSmallDark	    843.3633	   1441.41	    0.0	    00000000     00000000	   1	[      6]
428   	0     	     12	     condition12	    845.6484	   2285.16	    0.0	    00000000     00000000	   1	[       ]
429   	0     	      2	      condition2	    846.1445	    496.09	    0.0	    00000000     00000000	   1	[       ]
430   	0     	      7	  NegSmallBright	    847.8906	   1746.09	    0.0	    00000000     00000000	   1	[      4]
431   	0     	      9	   NeutSmallDark	    850.3555	   2464.84	    0.0	    00000000     00000000	   1	[      6]
432   	0     	      8	   NeutLargeDark	    852.8516	   2496.09	    0.0	    00000000     00000000	   1	[      5]
433   	0     	      8	   NeutLargeDark	    855.3438	   2492.19	    0.0	    00000000     00000000	   1	[      5]
434   	0     	      6	  NegLargeBright	    857.4297	   2085.94	    0.0	    00000000     00000000	   1	[      3]
435   	0     	     14	     condition14	    859.7812	   2351.56	    0.0	    00000000     00000000	   1	[       ]
436   	0     	      2	      condition2	    860.4375	    656.25	    0.0	    00000000     00000000	   1	[       ]
437   	0     	      7	  NegSmallBright	    862.1562	   1718.75	    0.0	    00000000     00000000	   1	[      4]
438   	0     	     11	 NeutSmallBright	    864.4922	   2335.94	    0.0	    00000000     00000000	   1	[      8]
439   	0     	      8	   NeutLargeDark	    866.8242	   2332.03	    0.0	    00000000     00000000	   1	[      5]
440   	0     	     11	 NeutSmallBright	    868.8789	   2054.69	    0.0	    00000000     00000000	   1	[      8]
441   	0     	      4	    NegLargeDark	    871.0508	   2171.88	    0.0	    00000000     00000000	   1	[      1]
442   	0     	      5	    NegSmallDark	    873.5352	   2484.38	    0.0	    00000000     00000000	   1	[      2]
443   	0     	      7	  NegSmallBright	    875.5703	   2035.16	    0.0	    00000000     00000000	   1	[      4]
444   	0     	      5	    NegSmallDark	    877.9844	   2414.06	    0.0	    00000000     00000000	   1	[      2]
445   	0     	     10	 NeutLargeBright	    880.0703	   2085.94	    0.0	    00000000     00000000	   1	[      7]
446   	0     	      5	    NegSmallDark	    882.5625	   2492.19	    0.0	    00000000     00000000	   1	[      2]
447   	0     	      4	    NegLargeDark	    885.0391	   2476.56	    0.0	    00000000     00000000	   1	[      1]
448   	0     	      5	    NegSmallDark	    887.2930	   2253.91	    0.0	    00000000     00000000	   1	[      2]
449   	0     	      7	  NegSmallBright	    889.6758	   2382.81	    0.0	    00000000     00000000	   1	[      4]
450   	0     	      4	    NegLargeDark	    891.8477	   2171.88	    0.0	    00000000     00000000	   1	[      1]
451   	0     	     10	 NeutLargeBright	    894.1250	   2277.34	    0.0	    00000000     00000000	   1	[      7]
452   	0     	     10	 NeutLargeBright	    896.5469	   2421.88	    0.0	    00000000     00000000	   1	[      7]
453   	0     	     10	 NeutLargeBright	    898.7109	   2164.06	    0.0	    00000000     00000000	   1	[      7]
454   	0     	     13	     condition13	    900.9570	   2246.09	    0.0	    00000000     00000000	   1	[       ]
455   	0     	      2	      condition2	    901.5977	    640.62	    0.0	    00000000     00000000	   1	[       ]
456   	0     	      6	  NegLargeBright	    903.0586	   1460.94	    0.0	    00000000     00000000	   1	[      3]
457   	0     	      7	  NegSmallBright	    905.4727	   2414.06	    0.0	    00000000     00000000	   1	[      4]
458   	0     	      4	    NegLargeDark	    907.7578	   2285.16	    0.0	    00000000     00000000	   1	[      1]
459   	0     	      4	    NegLargeDark	    910.2031	   2445.31	    0.0	    00000000     00000000	   1	[      1]
460   	0     	     13	     condition13	    912.6875	   2484.38	    0.0	    00000000     00000000	   1	[       ]
461   	0     	      2	      condition2	    913.3711	    683.59	    0.0	    00000000     00000000	   1	[       ]
462   	0     	      9	   NeutSmallDark	    915.1914	   1820.31	    0.0	    00000000     00000000	   1	[      6]
463   	0     	      6	  NegLargeBright	    917.5430	   2351.56	    0.0	    00000000     00000000	   1	[      3]
464   	0     	     10	 NeutLargeBright	    919.8672	   2324.22	    0.0	    00000000     00000000	   1	[      7]
465   	0     	     10	 NeutLargeBright	    921.9609	   2093.75	    0.0	    00000000     00000000	   1	[      7]
466   	0     	     11	 NeutSmallBright	    924.0547	   2093.75	    0.0	    00000000     00000000	   1	[      8]
467   	0     	      5	    NegSmallDark	    926.3008	   2246.09	    0.0	    00000000     00000000	   1	[      2]
468   	0     	      4	    NegLargeDark	    928.5742	   2273.44	    0.0	    00000000     00000000	   1	[      1]
469   	0     	     10	 NeutLargeBright	    930.8594	   2285.16	    0.0	    00000000     00000000	   1	[      7]
470   	0     	      8	   NeutLargeDark	    933.2031	   2343.75	    0.0	    00000000     00000000	   1	[      5]
471   	0     	      9	   NeutSmallDark	    935.6172	   2414.06	    0.0	    00000000     00000000	   1	[      6]
472   	0     	     11	 NeutSmallBright	    938.0000	   2382.81	    0.0	    00000000     00000000	   1	[      8]
473   	0     	      5	    NegSmallDark	    940.0742	   2074.22	    0.0	    00000000     00000000	   1	[      2]
474   	0     	      4	    NegLargeDark	    942.5000	   2425.78	    0.0	    00000000     00000000	   1	[      1]
475   	0     	      9	   NeutSmallDark	    944.9609	   2460.94	    0.0	    00000000     00000000	   1	[      6]
476   	0     	     10	 NeutLargeBright	    947.2852	   2324.22	    0.0	    00000000     00000000	   1	[      7]
477   	0     	     11	 NeutSmallBright	    949.6523	   2367.19	    0.0	    00000000     00000000	   1	[      8]
478   	0     	     11	 NeutSmallBright	    952.0234	   2371.09	    0.0	    00000000     00000000	   1	[      8]
479   	0     	      7	  NegSmallBright	    954.2070	   2183.59	    0.0	    00000000     00000000	   1	[      4]
480   	0     	      6	  NegLargeBright	    956.7031	   2496.09	    0.0	    00000000     00000000	   1	[      3]
481   	0     	      7	  NegSmallBright	    958.9258	   2222.66	    0.0	    00000000     00000000	   1	[      4]
482   	0     	      7	  NegSmallBright	    961.1406	   2214.84	    0.0	    00000000     00000000	   1	[      4]
483   	0     	      4	    NegLargeDark	    964.9609	   3820.31	    0.0	    00000000     00000000	   1	[      1]
484   	0     	     13	     condition13	    967.4648	   2503.91	    0.0	    00000000     00000000	   1	[       ]
485   	0     	      2	      condition2	    968.0352	    570.31	    0.0	    00000000     00000000	   1	[       ]
486   	0     	      5	    NegSmallDark	    969.8789	   1843.75	    0.0	    00000000     00000000	   1	[      2]
487   	0     	      8	   NeutLargeDark	    972.2344	   2355.47	    0.0	    00000000     00000000	   1	[      5]
488   	0     	      6	  NegLargeBright	    974.4258	   2191.41	    0.0	    00000000     00000000	   1	[      3]
489   	0     	      7	  NegSmallBright	    976.7812	   2355.47	    0.0	    00000000     00000000	   1	[      4]
490   	0     	     14	     condition14	    979.1562	   2375.00	    0.0	    00000000     00000000	   1	[       ]
491   	0     	      2	      condition2	    979.8516	    695.31	    0.0	    00000000     00000000	   1	[       ]
492   	0     	      5	    NegSmallDark	    981.2266	   1375.00	    0.0	    00000000     00000000	   1	[      2]
493   	0     	      4	    NegLargeDark	    983.6328	   2406.25	    0.0	    00000000     00000000	   1	[      1]
494   	0     	     15	     condition15	    985.8672	   2234.38	    0.0	    00000000     00000000	   1	[       ]
495   	0     	      2	      condition2	    986.6875	    820.31	    0.0	    00000000     00000000	   1	[       ]
496   	0     	      6	  NegLargeBright	    988.2188	   1531.25	    0.0	    00000000     00000000	   1	[      3]
497   	0     	      4	    NegLargeDark	    990.4141	   2195.31	    0.0	    00000000     00000000	   1	[      1]
498   	0     	      5	    NegSmallDark	    992.4375	   2023.44	    0.0	    00000000     00000000	   1	[      2]
499   	0     	     12	     condition12	    994.5312	   2093.75	    0.0	    00000000     00000000	   1	[       ]
500   	0     	      2	      condition2	    995.0977	    566.41	    0.0	    00000000     00000000	   1	[       ]
501   	0     	      5	    NegSmallDark	    996.5938	   1496.09	    0.0	    00000000     00000000	   1	[      2]
502   	0     	      4	    NegLargeDark	    998.7109	   2117.19	    0.0	    00000000     00000000	   1	[      1]
503   	0     	      5	    NegSmallDark	   1000.8828	   2171.88	    0.0	    00000000     00000000	   1	[      2]
504   	0     	     11	 NeutSmallBright	   1003.2773	   2394.53	    0.0	    00000000     00000000	   1	[      8]
505   	0     	      8	   NeutLargeDark	   1005.5195	   2242.19	    0.0	    00000000     00000000	   1	[      5]
506   	0     	      9	   NeutSmallDark	   1007.7344	   2214.84	    0.0	    00000000     00000000	   1	[      6]
507   	0     	     11	 NeutSmallBright	   1010.2500	   2515.62	    0.0	    00000000     00000000	   1	[      8]
508   	0     	     10	 NeutLargeBright	   1012.3438	   2093.75	    0.0	    00000000     00000000	   1	[      7]
509   	0     	     12	     condition12	   1014.5586	   2214.84	    0.0	    00000000     00000000	   1	[       ]
510   	0     	      2	      condition2	   1015.1016	    542.97	    0.0	    00000000     00000000	   1	[       ]
511   	0     	     10	 NeutLargeBright	   1016.9492	   1847.66	    0.0	    00000000     00000000	   1	[      7]
512   	0     	      6	  NegLargeBright	   1019.2266	   2277.34	    0.0	    00000000     00000000	   1	[      3]
513   	0     	      7	  NegSmallBright	   1021.4492	   2222.66	    0.0	    00000000     00000000	   1	[      4]
514   	0     	     14	     condition14	   1023.4922	   2042.97	    0.0	    00000000     00000000	   1	[       ]
515   	0     	      2	      condition2	   1024.0742	    582.03	    0.0	    00000000     00000000	   1	[       ]
516   	0     	     14	     condition14	   1025.5547	   1480.47	    0.0	    00000000     00000000	   1	[       ]
517   	0     	      2	      condition2	   1026.0273	    472.66	    0.0	    00000000     00000000	   1	[       ]
518   	0     	      5	    NegSmallDark	   1027.8984	   1871.09	    0.0	    00000000     00000000	   1	[      2]
519   	0     	     14	     condition14	   1030.4336	   2535.16	    0.0	    00000000     00000000	   1	[       ]
520   	0     	      2	      condition2	   1030.9375	    503.91	    0.0	    00000000     00000000	   1	[       ]
521   	0     	      5	    NegSmallDark	   1032.6367	   1699.22	    0.0	    00000000     00000000	   1	[      2]
522   	0     	     11	 NeutSmallBright	   1035.0039	   2367.19	    0.0	    00000000     00000000	   1	[      8]
523   	0     	      9	   NeutSmallDark	   1037.4961	   2492.19	    0.0	    00000000     00000000	   1	[      6]
524   	0     	     15	     condition15	   1039.6719	   2175.78	    0.0	    00000000     00000000	   1	[       ]
525   	0     	      2	      condition2	   1040.3125	    640.62	    0.0	    00000000     00000000	   1	[       ]
526   	0     	      9	   NeutSmallDark	   1041.8359	   1523.44	    0.0	    00000000     00000000	   1	[      6]
527   	0     	      8	   NeutLargeDark	   1044.2773	   2441.41	    0.0	    00000000     00000000	   1	[      5]
528   	0     	      4	    NegLargeDark	   1046.4414	   2164.06	    0.0	    00000000     00000000	   1	[      1]
529   	0     	      6	  NegLargeBright	   1048.5664	   2125.00	    0.0	    00000000     00000000	   1	[      3]
530   	0     	     10	 NeutLargeBright	   1050.6094	   2042.97	    0.0	    00000000     00000000	   1	[      7]
531   	0     	      4	    NegLargeDark	   1053.0234	   2414.06	    0.0	    00000000     00000000	   1	[      1]
532   	0     	      9	   NeutSmallDark	   1055.3789	   2355.47	    0.0	    00000000     00000000	   1	[      6]
533   	0     	      8	   NeutLargeDark	   1057.5508	   2171.88	    0.0	    00000000     00000000	   1	[      5]
534   	0     	      6	  NegLargeBright	   1059.6055	   2054.69	    0.0	    00000000     00000000	   1	[      3]
535   	0     	      7	  NegSmallBright	   1061.9297	   2324.22	    0.0	    00000000     00000000	   1	[      4]
536   	0     	     15	     condition15	   1064.3242	   2394.53	    0.0	    00000000     00000000	   1	[       ]
537   	0     	      2	      condition2	   1065.0039	    679.69	    0.0	    00000000     00000000	   1	[       ]
538   	0     	      5	    NegSmallDark	   1066.5195	   1515.62	    0.0	    00000000     00000000	   1	[      2]
539   	0     	     10	 NeutLargeBright	   1068.7539	   2234.38	    0.0	    00000000     00000000	   1	[      7]
540   	0     	      4	    NegLargeDark	   1070.8750	   2121.09	    0.0	    00000000     00000000	   1	[      1]
541   	0     	     11	 NeutSmallBright	   1073.2812	   2406.25	    0.0	    00000000     00000000	   1	[      8]
542   	0     	     11	 NeutSmallBright	   1075.3555	   2074.22	    0.0	    00000000     00000000	   1	[      8]
543   	0     	      7	  NegSmallBright	   1077.8086	   2453.12	    0.0	    00000000     00000000	   1	[      4]
544   	0     	     10	 NeutLargeBright	   1080.1719	   2363.28	    0.0	    00000000     00000000	   1	[      7]
545   	0     	      8	   NeutLargeDark	   1082.4375	   2265.62	    0.0	    00000000     00000000	   1	[      5]
546   	0     	      6	  NegLargeBright	   1084.8594	   2421.88	    0.0	    00000000     00000000	   1	[      3]
547   	0     	     10	 NeutLargeBright	   1087.2344	   2375.00	    0.0	    00000000     00000000	   1	[      7]
548   	0     	      9	   NeutSmallDark	   1089.6797	   2445.31	    0.0	    00000000     00000000	   1	[      6]
549   	0     	      8	   NeutLargeDark	   1091.8516	   2171.88	    0.0	    00000000     00000000	   1	[      5]
550   	0     	      4	    NegLargeDark	   1094.2383	   2386.72	    0.0	    00000000     00000000	   1	[      1]
551   	0     	     12	     condition12	   1096.3398	   2101.56	    0.0	    00000000     00000000	   1	[       ]
552   	0     	      2	      condition2	   1096.9766	    636.72	    0.0	    00000000     00000000	   1	[       ]
553   	0     	      5	    NegSmallDark	   1098.6133	   1636.72	    0.0	    00000000     00000000	   1	[      2]
554   	0     	      8	   NeutLargeDark	   1100.9102	   2296.88	    0.0	    00000000     00000000	   1	[      5]
555   	0     	     11	 NeutSmallBright	   1102.9922	   2082.03	    0.0	    00000000     00000000	   1	[      8]
556   	0     	      9	   NeutSmallDark	   1105.2852	   2292.97	    0.0	    00000000     00000000	   1	[      6]
557   	0     	      6	  NegLargeBright	   1107.7695	   2484.38	    0.0	    00000000     00000000	   1	[      3]
558   	0     	      9	   NeutSmallDark	   1110.0742	   2304.69	    0.0	    00000000     00000000	   1	[      6]
559   	0     	      9	   NeutSmallDark	   1112.4180	   2343.75	    0.0	    00000000     00000000	   1	[      6]
560   	0     	      6	  NegLargeBright	   1114.6016	   2183.59	    0.0	    00000000     00000000	   1	[      3]
561   	0     	      8	   NeutLargeDark	   1116.8047	   2203.12	    0.0	    00000000     00000000	   1	[      5]
562   	0     	      6	  NegLargeBright	   1119.2695	   2464.84	    0.0	    00000000     00000000	   1	[      3]
563   	0     	      5	    NegSmallDark	   1121.4648	   2195.31	    0.0	    00000000     00000000	   1	[      2]
564   	0     	      5	    NegSmallDark	   1124.5039	   3039.06	    0.0	    00000000     00000000	   1	[      2]
565   	0     	      5	    NegSmallDark	   1126.5977	   2093.75	    0.0	    00000000     00000000	   1	[      2]
566   	0     	     11	 NeutSmallBright	   1128.7500	   2152.34	    0.0	    00000000     00000000	   1	[      8]
567   	0     	      7	  NegSmallBright	   1131.0625	   2312.50	    0.0	    00000000     00000000	   1	[      4]
568   	0     	      6	  NegLargeBright	   1133.2500	   2187.50	    0.0	    00000000     00000000	   1	[      3]
569   	0     	      4	    NegLargeDark	   1135.4727	   2222.66	    0.0	    00000000     00000000	   1	[      1]
570   	0     	     12	     condition12	   1137.5039	   2031.25	    0.0	    00000000     00000000	   1	[       ]
571   	0     	      2	      condition2	   1137.9453	    441.41	    0.0	    00000000     00000000	   1	[       ]
572   	0     	      7	  NegSmallBright	   1139.8516	   1906.25	    0.0	    00000000     00000000	   1	[      4]
573   	0     	      5	    NegSmallDark	   1141.9336	   2082.03	    0.0	    00000000     00000000	   1	[      2]
574   	0     	      6	  NegLargeBright	   1144.4062	   2472.66	    0.0	    00000000     00000000	   1	[      3]
575   	0     	     11	 NeutSmallBright	   1146.6836	   2277.34	    0.0	    00000000     00000000	   1	[      8]
576   	0     	     10	 NeutLargeBright	   1149.1172	   2433.59	    0.0	    00000000     00000000	   1	[      7]
577   	0     	      6	  NegLargeBright	   1151.1680	   2050.78	    0.0	    00000000     00000000	   1	[      3]
578   	0     	     15	     condition15	   1153.3438	   2175.78	    0.0	    00000000     00000000	   1	[       ]
579   	0     	      2	      condition2	   1154.1133	    769.53	    0.0	    00000000     00000000	   1	[       ]
580   	0     	     10	 NeutLargeBright	   1155.6680	   1554.69	    0.0	    00000000     00000000	   1	[      7]
581   	0     	      7	  NegSmallBright	   1157.7617	   2093.75	    0.0	    00000000     00000000	   1	[      4]
582   	0     	      6	  NegLargeBright	   1159.8438	   2082.03	    0.0	    00000000     00000000	   1	[      3]
583   	0     	      9	   NeutSmallDark	   1162.3281	   2484.38	    0.0	    00000000     00000000	   1	[      6]
584   	0     	      9	   NeutSmallDark	   1164.3516	   2023.44	    0.0	    00000000     00000000	   1	[      6]
585   	0     	     10	 NeutLargeBright	   1166.8164	   2464.84	    0.0	    00000000     00000000	   1	[      7]
586   	0     	      8	   NeutLargeDark	   1169.0430	   2226.56	    0.0	    00000000     00000000	   1	[      5]
587   	0     	      5	    NegSmallDark	   1171.1953	   2152.34	    0.0	    00000000     00000000	   1	[      2]
588   	0     	     10	 NeutLargeBright	   1173.6797	   2484.38	    0.0	    00000000     00000000	   1	[      7]
589   	0     	      9	   NeutSmallDark	   1176.1016	   2421.88	    0.0	    00000000     00000000	   1	[      6]
590   	0     	     11	 NeutSmallBright	   1178.3984	   2296.88	    0.0	    00000000     00000000	   1	[      8]
591   	0     	     11	 NeutSmallBright	   1180.8516	   2453.12	    0.0	    00000000     00000000	   1	[      8]
592   	0     	      8	   NeutLargeDark	   1183.0742	   2222.66	    0.0	    00000000     00000000	   1	[      5]
593   	0     	     15	     condition15	   1185.4492	   2375.00	    0.0	    00000000     00000000	   1	[       ]
594   	0     	      2	      condition2	   1186.1875	    738.28	    0.0	    00000000     00000000	   1	[       ]
595   	0     	      8	   NeutLargeDark	   1187.8555	   1667.97	    0.0	    00000000     00000000	   1	[      5]
596   	0     	      9	   NeutSmallDark	   1189.8984	   2042.97	    0.0	    00000000     00000000	   1	[      6]
597   	0     	      6	  NegLargeBright	   1192.0312	   2132.81	    0.0	    00000000     00000000	   1	[      3]
598   	0     	     11	 NeutSmallBright	   1194.5156	   2484.38	    0.0	    00000000     00000000	   1	[      8]
599   	0     	      8	   NeutLargeDark	   1196.6094	   2093.75	    0.0	    00000000     00000000	   1	[      5]
600   	0     	      4	    NegLargeDark	   1198.6914	   2082.03	    0.0	    00000000     00000000	   1	[      1]
601   	0     	      5	    NegSmallDark	   1200.7383	   2046.88	    0.0	    00000000     00000000	   1	[      2]
602   	0     	     10	 NeutLargeBright	   1202.9414	   2203.12	    0.0	    00000000     00000000	   1	[      7]
603   	0     	      6	  NegLargeBright	   1205.3438	   2402.34	    0.0	    00000000     00000000	   1	[      3]
604   	0     	     12	     condition12	   1207.8281	   2484.38	    0.0	    00000000     00000000	   1	[       ]
605   	0     	      2	      condition2	   1208.3750	    546.88	    0.0	    00000000     00000000	   1	[       ]
606   	0     	     10	 NeutLargeBright	   1210.0117	   1636.72	    0.0	    00000000     00000000	   1	[      7]
607   	0     	      4	    NegLargeDark	   1212.5469	   2535.16	    0.0	    00000000     00000000	   1	[      1]
608   	0     	      6	  NegLargeBright	   1215.0312	   2484.38	    0.0	    00000000     00000000	   1	[      3]
609   	0     	     11	 NeutSmallBright	   1217.2852	   2253.91	    0.0	    00000000     00000000	   1	[      8]
610   	0     	      8	   NeutLargeDark	   1219.8086	   2523.44	    0.0	    00000000     00000000	   1	[      5]
611   	0     	     10	 NeutLargeBright	   1222.2461	   2437.50	    0.0	    00000000     00000000	   1	[      7]
612   	0     	      8	   NeutLargeDark	   1224.4688	   2222.66	    0.0	    00000000     00000000	   1	[      5]
613   	0     	      5	    NegSmallDark	   1226.7031	   2234.38	    0.0	    00000000     00000000	   1	[      2]
614   	0     	      6	  NegLargeBright	   1228.9648	   2261.72	    0.0	    00000000     00000000	   1	[      3]
615   	0     	     15	     condition15	   1230.9883	   2023.44	    0.0	    00000000     00000000	   1	[       ]
616   	0     	      2	      condition2	   1231.6680	    679.69	    0.0	    00000000     00000000	   1	[       ]
617   	0     	      7	  NegSmallBright	   1233.4023	   1734.38	    0.0	    00000000     00000000	   1	[      4]
618   	0     	     12	     condition12	   1235.7969	   2394.53	    0.0	    00000000     00000000	   1	[       ]
619   	0     	      2	      condition2	   1236.3398	    542.97	    0.0	    00000000     00000000	   1	[       ]
620   	0     	     11	 NeutSmallBright	   1238.2812	   1941.41	    0.0	    00000000     00000000	   1	[      8]
621   	0     	      5	    NegSmallDark	   1240.7461	   2464.84	    0.0	    00000000     00000000	   1	[      2]
622   	0     	      7	  NegSmallBright	   1242.8516	   2105.47	    0.0	    00000000     00000000	   1	[      4]
623   	0     	     13	     condition13	   1245.0938	   2242.19	    0.0	    00000000     00000000	   1	[       ]
624   	0     	      2	      condition2	   1245.7188	    625.00	    0.0	    00000000     00000000	   1	[       ]
625   	0     	      5	    NegSmallDark	   1247.2070	   1488.28	    0.0	    00000000     00000000	   1	[      2]
626   	0     	      7	  NegSmallBright	   1249.4805	   2273.44	    0.0	    00000000     00000000	   1	[      4]
627   	0     	     12	     condition12	   1251.9570	   2476.56	    0.0	    00000000     00000000	   1	[       ]
628   	0     	      2	      condition2	   1252.4805	    523.44	    0.0	    00000000     00000000	   1	[       ]
629   	0     	      9	   NeutSmallDark	   1254.4023	   1921.88	    0.0	    00000000     00000000	   1	[      6]
630   	0     	      5	    NegSmallDark	   1256.7852	   2382.81	    0.0	    00000000     00000000	   1	[      2]
631   	0     	      6	  NegLargeBright	   1258.8672	   2082.03	    0.0	    00000000     00000000	   1	[      3]
632   	0     	     11	 NeutSmallBright	   1261.1211	   2253.91	    0.0	    00000000     00000000	   1	[      8]
633   	0     	      6	  NegLargeBright	   1263.6484	   2527.34	    0.0	    00000000     00000000	   1	[      3]
634   	0     	     13	     condition13	   1265.8594	   2210.94	    0.0	    00000000     00000000	   1	[       ]
635   	0     	      2	      condition2	   1266.6055	    746.09	    0.0	    00000000     00000000	   1	[       ]
636   	0     	      4	    NegLargeDark	   1268.3867	   1781.25	    0.0	    00000000     00000000	   1	[      1]
637   	0     	      9	   NeutSmallDark	   1270.6484	   2261.72	    0.0	    00000000     00000000	   1	[      6]
638   	0     	      6	  NegLargeBright	   1272.8125	   2164.06	    0.0	    00000000     00000000	   1	[      3]
639   	0     	      7	  NegSmallBright	   1274.9688	   2156.25	    0.0	    00000000     00000000	   1	[      4]
640   	0     	      8	   NeutLargeDark	   1277.0391	   2070.31	    0.0	    00000000     00000000	   1	[      5]
641   	0     	      9	   NeutSmallDark	   1279.5039	   2464.84	    0.0	    00000000     00000000	   1	[      6]
642   	0     	     10	 NeutLargeBright	   1281.5586	   2054.69	    0.0	    00000000     00000000	   1	[      7]
