#  Non-editable header begin --------------------------------------------------------------------------------
# 
#  data format...............: continuous
#  setname...................: BDF file
#  filename..................: none_specified
#  filepath..................: none_specified
#  nchan.....................: 64
#  pnts......................: 328960
#  srate.....................: 256
#  nevents...................: 644
#  generated by (bdf)........: 
#  generated by (set)........: BDF file
#  reported in ..............: 
#  prog Version..............: 8.02
#  creation date.............: 18-Nov-2020 17:30:23
#  user Account..............: 
# 
#  Non-editable header end --------------------------------------------------------------------------------

	bin 1,	# 60,	NegLargeDark
	bin 2,	# 60,	NegSmallDark
	bin 3,	# 60,	NegLargeBright
	bin 4,	# 60,	NegSmallBright
	bin 5,	# 60,	NeutLargeDark
	bin 6,	# 60,	NeutSmallDark
	bin 7,	# 60,	NeutLargeBright
	bin 8,	# 60,	NeutSmallBright



# item	 bepoch	  ecode	            label	      onset	          diff	     dura	b_flags	   a_flags	  enable	    bin
#                                                 (sec)           (msec)     (msec)    (binary)   (binary)


1     	0     	    253	              ""	      0.7344	      0.00	    0.0	    00000000     00000000	   1	[       ]
2     	0     	      5	    NegSmallDark	      1.7422	   1007.81	    0.0	    00000000     00000000	   1	[      2]
3     	0     	      8	   NeutLargeDark	      3.9492	   2207.03	    0.0	    00000000     00000000	   1	[      5]
4     	0     	     10	 NeutLargeBright	      6.0625	   2113.28	    0.0	    00000000     00000000	   1	[      7]
5     	0     	     15	     condition15	      8.2656	   2203.12	    0.0	    00000000     00000000	   1	[       ]
6     	0     	      2	      condition2	      9.2969	   1031.25	    0.0	    00000000     00000000	   1	[       ]
7     	0     	      8	   NeutLargeDark	     10.7109	   1414.06	    0.0	    00000000     00000000	   1	[      5]
8     	0     	      8	   NeutLargeDark	     13.0820	   2371.09	    0.0	    00000000     00000000	   1	[      5]
9     	0     	      5	    NegSmallDark	     15.4570	   2375.00	    0.0	    00000000     00000000	   1	[      2]
10    	0     	     12	     condition12	     17.9805	   2523.44	    0.0	    00000000     00000000	   1	[       ]
11    	0     	      2	      condition2	     18.5352	    554.69	    0.0	    00000000     00000000	   1	[       ]
12    	0     	      8	   NeutLargeDark	     20.1641	   1628.91	    0.0	    00000000     00000000	   1	[      5]
13    	0     	     10	 NeutLargeBright	     22.6602	   2496.09	    0.0	    00000000     00000000	   1	[      7]
14    	0     	     11	 NeutSmallBright	     24.8945	   2234.38	    0.0	    00000000     00000000	   1	[      8]
15    	0     	     10	 NeutLargeBright	     27.3789	   2484.38	    0.0	    00000000     00000000	   1	[      7]
16    	0     	      6	  NegLargeBright	     29.5625	   2183.59	    0.0	    00000000     00000000	   1	[      3]
17    	0     	     10	 NeutLargeBright	     31.8984	   2335.94	    0.0	    00000000     00000000	   1	[      7]
18    	0     	     10	 NeutLargeBright	     34.3828	   2484.38	    0.0	    00000000     00000000	   1	[      7]
19    	0     	      4	    NegLargeDark	     36.6445	   2261.72	    0.0	    00000000     00000000	   1	[      1]
20    	0     	     10	 NeutLargeBright	     38.8086	   2164.06	    0.0	    00000000     00000000	   1	[      7]
21    	0     	      6	  NegLargeBright	     41.2734	   2464.84	    0.0	    00000000     00000000	   1	[      3]
22    	0     	      4	    NegLargeDark	     43.4766	   2203.12	    0.0	    00000000     00000000	   1	[      1]
23    	0     	      4	    NegLargeDark	     45.5195	   2042.97	    0.0	    00000000     00000000	   1	[      1]
24    	0     	     10	 NeutLargeBright	     47.5859	   2066.41	    0.0	    00000000     00000000	   1	[      7]
25    	0     	     11	 NeutSmallBright	     50.0391	   2453.12	    0.0	    00000000     00000000	   1	[      8]
26    	0     	     13	     condition13	     52.0820	   2042.97	    0.0	    00000000     00000000	   1	[       ]
27    	0     	      2	      condition2	     52.7695	    687.50	    0.0	    00000000     00000000	   1	[       ]
28    	0     	      5	    NegSmallDark	     54.6055	   1835.94	    0.0	    00000000     00000000	   1	[      2]
29    	0     	      5	    NegSmallDark	     56.7812	   2175.78	    0.0	    00000000     00000000	   1	[      2]
30    	0     	     11	 NeutSmallBright	     59.2656	   2484.38	    0.0	    00000000     00000000	   1	[      8]
31    	0     	      9	   NeutSmallDark	     61.4688	   2203.12	    0.0	    00000000     00000000	   1	[      6]
32    	0     	      4	    NegLargeDark	     63.9219	   2453.12	    0.0	    00000000     00000000	   1	[      1]
33    	0     	      7	  NegSmallBright	     66.3672	   2445.31	    0.0	    00000000     00000000	   1	[      4]
34    	0     	      4	    NegLargeDark	     68.9102	   2542.97	    0.0	    00000000     00000000	   1	[      1]
35    	0     	     15	     condition15	     71.0547	   2144.53	    0.0	    00000000     00000000	   1	[       ]
36    	0     	     10	 NeutLargeBright	     73.5000	   2445.31	    0.0	    00000000     00000000	   1	[      7]
37    	0     	      4	    NegLargeDark	     75.7656	   2265.62	    0.0	    00000000     00000000	   1	[      1]
38    	0     	      4	    NegLargeDark	     78.2773	   2511.72	    0.0	    00000000     00000000	   1	[      1]
39    	0     	      4	    NegLargeDark	     80.5625	   2285.16	    0.0	    00000000     00000000	   1	[      1]
40    	0     	      4	    NegLargeDark	     82.8164	   2253.91	    0.0	    00000000     00000000	   1	[      1]
41    	0     	     11	 NeutSmallBright	     85.2812	   2464.84	    0.0	    00000000     00000000	   1	[      8]
42    	0     	      5	    NegSmallDark	     87.5234	   2242.19	    0.0	    00000000     00000000	   1	[      2]
43    	0     	      6	  NegLargeBright	     89.9805	   2457.03	    0.0	    00000000     00000000	   1	[      3]
44    	0     	     14	     condition14	     92.3438	   2363.28	    0.0	    00000000     00000000	   1	[       ]
45    	0     	      2	      condition2	     93.0273	    683.59	    0.0	    00000000     00000000	   1	[       ]
46    	0     	      8	   NeutLargeDark	     94.7188	   1691.41	    0.0	    00000000     00000000	   1	[      5]
47    	0     	      6	  NegLargeBright	     97.1797	   2460.94	    0.0	    00000000     00000000	   1	[      3]
48    	0     	      7	  NegSmallBright	     99.4570	   2277.34	    0.0	    00000000     00000000	   1	[      4]
49    	0     	      5	    NegSmallDark	    101.8086	   2351.56	    0.0	    00000000     00000000	   1	[      2]
50    	0     	     11	 NeutSmallBright	    104.0820	   2273.44	    0.0	    00000000     00000000	   1	[      8]
51    	0     	     13	     condition13	    106.3867	   2304.69	    0.0	    00000000     00000000	   1	[       ]
52    	0     	      2	      condition2	    106.9844	    597.66	    0.0	    00000000     00000000	   1	[       ]
53    	0     	     11	 NeutSmallBright	    108.8438	   1859.38	    0.0	    00000000     00000000	   1	[      8]
54    	0     	     15	     condition15	    111.0039	   2160.16	    0.0	    00000000     00000000	   1	[       ]
55    	0     	      2	      condition2	    111.8320	    828.12	    0.0	    00000000     00000000	   1	[       ]
56    	0     	      7	  NegSmallBright	    113.1797	   1347.66	    0.0	    00000000     00000000	   1	[      4]
57    	0     	      8	   NeutLargeDark	    115.6953	   2515.62	    0.0	    00000000     00000000	   1	[      5]
58    	0     	     13	     condition13	    117.8867	   2191.41	    0.0	    00000000     00000000	   1	[       ]
59    	0     	      2	      condition2	    118.3828	    496.09	    0.0	    00000000     00000000	   1	[       ]
60    	0     	      9	   NeutSmallDark	    120.2617	   1878.91	    0.0	    00000000     00000000	   1	[      6]
61    	0     	      8	   NeutLargeDark	    122.3750	   2113.28	    0.0	    00000000     00000000	   1	[      5]
62    	0     	      8	   NeutLargeDark	    124.8711	   2496.09	    0.0	    00000000     00000000	   1	[      5]
63    	0     	      8	   NeutLargeDark	    126.9844	   2113.28	    0.0	    00000000     00000000	   1	[      5]
64    	0     	     14	     condition14	    129.2070	   2222.66	    0.0	    00000000     00000000	   1	[       ]
65    	0     	      2	      condition2	    129.7812	    574.22	    0.0	    00000000     00000000	   1	[       ]
66    	0     	      9	   NeutSmallDark	    131.6406	   1859.38	    0.0	    00000000     00000000	   1	[      6]
67    	0     	      4	    NegLargeDark	    134.0781	   2437.50	    0.0	    00000000     00000000	   1	[      1]
68    	0     	     10	 NeutLargeBright	    136.4805	   2402.34	    0.0	    00000000     00000000	   1	[      7]
69    	0     	     12	     condition12	    138.9336	   2453.12	    0.0	    00000000     00000000	   1	[       ]
70    	0     	      8	   NeutLargeDark	    141.3984	   2464.84	    0.0	    00000000     00000000	   1	[      5]
71    	0     	      8	   NeutLargeDark	    143.5625	   2164.06	    0.0	    00000000     00000000	   1	[      5]
72    	0     	      6	  NegLargeBright	    145.6055	   2042.97	    0.0	    00000000     00000000	   1	[      3]
73    	0     	     15	     condition15	    147.6914	   2085.94	    0.0	    00000000     00000000	   1	[       ]
74    	0     	      2	      condition2	    148.8398	   1148.44	    0.0	    00000000     00000000	   1	[       ]
75    	0     	      7	  NegSmallBright	    149.8633	   1023.44	    0.0	    00000000     00000000	   1	[      4]
76    	0     	      5	    NegSmallDark	    152.2500	   2386.72	    0.0	    00000000     00000000	   1	[      2]
77    	0     	      4	    NegLargeDark	    154.5820	   2332.03	    0.0	    00000000     00000000	   1	[      1]
78    	0     	     11	 NeutSmallBright	    156.6250	   2042.97	    0.0	    00000000     00000000	   1	[      8]
79    	0     	      6	  NegLargeBright	    159.0820	   2457.03	    0.0	    00000000     00000000	   1	[      3]
80    	0     	     10	 NeutLargeBright	    161.3828	   2300.78	    0.0	    00000000     00000000	   1	[      7]
81    	0     	    253	              ""	    163.9219	   2539.06	    0.0	    00000000     00000000	   1	[       ]
82    	0     	     12	     condition12	    164.9141	    992.19	    0.0	    00000000     00000000	   1	[       ]
83    	0     	      2	      condition2	    165.5078	    593.75	    0.0	    00000000     00000000	   1	[       ]
84    	0     	      8	   NeutLargeDark	    167.2070	   1699.22	    0.0	    00000000     00000000	   1	[      5]
85    	0     	      5	    NegSmallDark	    169.5742	   2367.19	    0.0	    00000000     00000000	   1	[      2]
86    	0     	     10	 NeutLargeBright	    172.0781	   2503.91	    0.0	    00000000     00000000	   1	[      7]
87    	0     	     10	 NeutLargeBright	    174.1328	   2054.69	    0.0	    00000000     00000000	   1	[      7]
88    	0     	      9	   NeutSmallDark	    176.5742	   2441.41	    0.0	    00000000     00000000	   1	[      6]
89    	0     	      6	  NegLargeBright	    178.7188	   2144.53	    0.0	    00000000     00000000	   1	[      3]
90    	0     	      9	   NeutSmallDark	    181.1328	   2414.06	    0.0	    00000000     00000000	   1	[      6]
91    	0     	     12	     condition12	    183.3984	   2265.62	    0.0	    00000000     00000000	   1	[       ]
92    	0     	      2	      condition2	    184.0234	    625.00	    0.0	    00000000     00000000	   1	[       ]
93    	0     	     10	 NeutLargeBright	    185.6797	   1656.25	    0.0	    00000000     00000000	   1	[      7]
94    	0     	     10	 NeutLargeBright	    188.0352	   2355.47	    0.0	    00000000     00000000	   1	[      7]
95    	0     	      7	  NegSmallBright	    190.4492	   2414.06	    0.0	    00000000     00000000	   1	[      4]
96    	0     	      9	   NeutSmallDark	    192.6523	   2203.12	    0.0	    00000000     00000000	   1	[      6]
97    	0     	      8	   NeutLargeDark	    194.9180	   2265.62	    0.0	    00000000     00000000	   1	[      5]
98    	0     	      6	  NegLargeBright	    197.1133	   2195.31	    0.0	    00000000     00000000	   1	[      3]
99    	0     	     12	     condition12	    199.6367	   2523.44	    0.0	    00000000     00000000	   1	[       ]
100   	0     	      2	      condition2	    200.2148	    578.12	    0.0	    00000000     00000000	   1	[       ]
101   	0     	     10	 NeutLargeBright	    201.8516	   1636.72	    0.0	    00000000     00000000	   1	[      7]
102   	0     	     13	     condition13	    204.0625	   2210.94	    0.0	    00000000     00000000	   1	[       ]
103   	0     	      2	      condition2	    204.6523	    589.84	    0.0	    00000000     00000000	   1	[       ]
104   	0     	      4	    NegLargeDark	    206.3359	   1683.59	    0.0	    00000000     00000000	   1	[      1]
105   	0     	     15	     condition15	    208.6328	   2296.88	    0.0	    00000000     00000000	   1	[       ]
106   	0     	      2	      condition2	    209.3008	    667.97	    0.0	    00000000     00000000	   1	[       ]
107   	0     	      5	    NegSmallDark	    211.0039	   1703.12	    0.0	    00000000     00000000	   1	[      2]
108   	0     	      9	   NeutSmallDark	    213.0781	   2074.22	    0.0	    00000000     00000000	   1	[      6]
109   	0     	     13	     condition13	    215.1523	   2074.22	    0.0	    00000000     00000000	   1	[       ]
110   	0     	      2	      condition2	    216.0195	    867.19	    0.0	    00000000     00000000	   1	[       ]
111   	0     	     15	     condition15	    217.5586	   1539.06	    0.0	    00000000     00000000	   1	[       ]
112   	0     	      2	      condition2	    218.2266	    667.97	    0.0	    00000000     00000000	   1	[       ]
113   	0     	     12	     condition12	    219.7305	   1503.91	    0.0	    00000000     00000000	   1	[       ]
114   	0     	      2	      condition2	    220.2266	    496.09	    0.0	    00000000     00000000	   1	[       ]
115   	0     	      4	    NegLargeDark	    221.8164	   1589.84	    0.0	    00000000     00000000	   1	[      1]
116   	0     	     11	 NeutSmallBright	    224.1406	   2324.22	    0.0	    00000000     00000000	   1	[      8]
117   	0     	      5	    NegSmallDark	    226.3516	   2210.94	    0.0	    00000000     00000000	   1	[      2]
118   	0     	      8	   NeutLargeDark	    228.6953	   2343.75	    0.0	    00000000     00000000	   1	[      5]
119   	0     	      6	  NegLargeBright	    230.9805	   2285.16	    0.0	    00000000     00000000	   1	[      3]
120   	0     	     10	 NeutLargeBright	    233.4844	   2503.91	    0.0	    00000000     00000000	   1	[      7]
121   	0     	     10	 NeutLargeBright	    235.7188	   2234.38	    0.0	    00000000     00000000	   1	[      7]
122   	0     	      9	   NeutSmallDark	    238.1328	   2414.06	    0.0	    00000000     00000000	   1	[      6]
123   	0     	      7	  NegSmallBright	    240.4062	   2273.44	    0.0	    00000000     00000000	   1	[      4]
124   	0     	      2	      condition2	    241.2070	    800.78	    0.0	    00000000     00000000	   1	[       ]
125   	0     	      4	    NegLargeDark	    242.5703	   1363.28	    0.0	    00000000     00000000	   1	[      1]
126   	0     	      9	   NeutSmallDark	    244.6562	   2085.94	    0.0	    00000000     00000000	   1	[      6]
127   	0     	     11	 NeutSmallBright	    247.0000	   2343.75	    0.0	    00000000     00000000	   1	[      8]
128   	0     	     13	     condition13	    249.4727	   2472.66	    0.0	    00000000     00000000	   1	[       ]
129   	0     	      2	      condition2	    250.0625	    589.84	    0.0	    00000000     00000000	   1	[       ]
130   	0     	      8	   NeutLargeDark	    251.6484	   1585.94	    0.0	    00000000     00000000	   1	[      5]
131   	0     	      5	    NegSmallDark	    253.8203	   2171.88	    0.0	    00000000     00000000	   1	[      2]
132   	0     	      7	  NegSmallBright	    256.2969	   2476.56	    0.0	    00000000     00000000	   1	[      4]
133   	0     	      9	   NeutSmallDark	    258.6289	   2332.03	    0.0	    00000000     00000000	   1	[      6]
134   	0     	      9	   NeutSmallDark	    260.7617	   2132.81	    0.0	    00000000     00000000	   1	[      6]
135   	0     	      5	    NegSmallDark	    263.0781	   2316.41	    0.0	    00000000     00000000	   1	[      2]
136   	0     	      6	  NegLargeBright	    265.3125	   2234.38	    0.0	    00000000     00000000	   1	[      3]
137   	0     	     13	     condition13	    267.6172	   2304.69	    0.0	    00000000     00000000	   1	[       ]
138   	0     	      2	      condition2	    268.4688	    851.56	    0.0	    00000000     00000000	   1	[       ]
139   	0     	      9	   NeutSmallDark	    269.7109	   1242.19	    0.0	    00000000     00000000	   1	[      6]
140   	0     	      5	    NegSmallDark	    271.9141	   2203.12	    0.0	    00000000     00000000	   1	[      2]
141   	0     	     15	     condition15	    274.3555	   2441.41	    0.0	    00000000     00000000	   1	[       ]
142   	0     	      2	      condition2	    275.2500	    894.53	    0.0	    00000000     00000000	   1	[       ]
143   	0     	     14	     condition14	    276.4023	   1152.34	    0.0	    00000000     00000000	   1	[       ]
144   	0     	      2	      condition2	    277.0586	    656.25	    0.0	    00000000     00000000	   1	[       ]
145   	0     	     15	     condition15	    278.5859	   1527.34	    0.0	    00000000     00000000	   1	[       ]
146   	0     	      2	      condition2	    279.3125	    726.56	    0.0	    00000000     00000000	   1	[       ]
147   	0     	      6	  NegLargeBright	    280.8203	   1507.81	    0.0	    00000000     00000000	   1	[      3]
148   	0     	      6	  NegLargeBright	    282.9727	   2152.34	    0.0	    00000000     00000000	   1	[      3]
149   	0     	      9	   NeutSmallDark	    285.4062	   2433.59	    0.0	    00000000     00000000	   1	[      6]
150   	0     	      5	    NegSmallDark	    287.4922	   2085.94	    0.0	    00000000     00000000	   1	[      2]
151   	0     	     14	     condition14	    289.8125	   2320.31	    0.0	    00000000     00000000	   1	[       ]
152   	0     	      2	      condition2	    290.3516	    539.06	    0.0	    00000000     00000000	   1	[       ]
153   	0     	      9	   NeutSmallDark	    292.1992	   1847.66	    0.0	    00000000     00000000	   1	[      6]
154   	0     	     10	 NeutLargeBright	    294.3828	   2183.59	    0.0	    00000000     00000000	   1	[      7]
155   	0     	     15	     condition15	    296.6445	   2261.72	    0.0	    00000000     00000000	   1	[       ]
156   	0     	      2	      condition2	    297.2617	    617.19	    0.0	    00000000     00000000	   1	[       ]
157   	0     	     10	 NeutLargeBright	    298.8320	   1570.31	    0.0	    00000000     00000000	   1	[      7]
158   	0     	     12	     condition12	    301.1250	   2292.97	    0.0	    00000000     00000000	   1	[       ]
159   	0     	      2	      condition2	    301.6758	    550.78	    0.0	    00000000     00000000	   1	[       ]
160   	0     	      4	    NegLargeDark	    303.5000	   1824.22	    0.0	    00000000     00000000	   1	[      1]
161   	0     	      7	  NegSmallBright	    305.9219	   2421.88	    0.0	    00000000     00000000	   1	[      4]
162   	0     	      5	    NegSmallDark	    308.0156	   2093.75	    0.0	    00000000     00000000	   1	[      2]
163   	0     	      4	    NegLargeDark	    310.5508	   2535.16	    0.0	    00000000     00000000	   1	[      1]
164   	0     	     15	     condition15	    312.7148	   2164.06	    0.0	    00000000     00000000	   1	[       ]
165   	0     	      2	      condition2	    313.2852	    570.31	    0.0	    00000000     00000000	   1	[       ]
166   	0     	      9	   NeutSmallDark	    315.0703	   1785.16	    0.0	    00000000     00000000	   1	[      6]
167   	0     	      7	  NegSmallBright	    317.5117	   2441.41	    0.0	    00000000     00000000	   1	[      4]
168   	0     	      5	    NegSmallDark	    319.5586	   2046.88	    0.0	    00000000     00000000	   1	[      2]
169   	0     	      7	  NegSmallBright	    321.9297	   2371.09	    0.0	    00000000     00000000	   1	[      4]
170   	0     	    253	              ""	    324.2969	   2367.19	    0.0	    00000000     00000000	   1	[       ]
171   	0     	      7	  NegSmallBright	    325.3008	   1003.91	    0.0	    00000000     00000000	   1	[      4]
172   	0     	      6	  NegLargeBright	    327.5547	   2253.91	    0.0	    00000000     00000000	   1	[      3]
173   	0     	     15	     condition15	    329.6758	   2121.09	    0.0	    00000000     00000000	   1	[       ]
174   	0     	      2	      condition2	    330.2383	    562.50	    0.0	    00000000     00000000	   1	[       ]
175   	0     	      8	   NeutLargeDark	    332.0117	   1773.44	    0.0	    00000000     00000000	   1	[      5]
176   	0     	      9	   NeutSmallDark	    334.5273	   2515.62	    0.0	    00000000     00000000	   1	[      6]
177   	0     	     14	     condition14	    336.7109	   2183.59	    0.0	    00000000     00000000	   1	[       ]
178   	0     	      2	      condition2	    337.2617	    550.78	    0.0	    00000000     00000000	   1	[       ]
179   	0     	     11	 NeutSmallBright	    339.1641	   1902.34	    0.0	    00000000     00000000	   1	[      8]
180   	0     	      6	  NegLargeBright	    341.6992	   2535.16	    0.0	    00000000     00000000	   1	[      3]
181   	0     	      7	  NegSmallBright	    343.7305	   2031.25	    0.0	    00000000     00000000	   1	[      4]
182   	0     	      9	   NeutSmallDark	    346.1953	   2464.84	    0.0	    00000000     00000000	   1	[      6]
183   	0     	      6	  NegLargeBright	    348.3711	   2175.78	    0.0	    00000000     00000000	   1	[      3]
184   	0     	      9	   NeutSmallDark	    350.4844	   2113.28	    0.0	    00000000     00000000	   1	[      6]
185   	0     	     15	     condition15	    352.6055	   2121.09	    0.0	    00000000     00000000	   1	[       ]
186   	0     	      2	      condition2	    353.4023	    796.88	    0.0	    00000000     00000000	   1	[       ]
187   	0     	      8	   NeutLargeDark	    354.8906	   1488.28	    0.0	    00000000     00000000	   1	[      5]
188   	0     	     11	 NeutSmallBright	    357.0742	   2183.59	    0.0	    00000000     00000000	   1	[      8]
189   	0     	     10	 NeutLargeBright	    359.1172	   2042.97	    0.0	    00000000     00000000	   1	[      7]
190   	0     	      6	  NegLargeBright	    361.6016	   2484.38	    0.0	    00000000     00000000	   1	[      3]
191   	0     	      8	   NeutLargeDark	    363.9688	   2367.19	    0.0	    00000000     00000000	   1	[      5]
192   	0     	      4	    NegLargeDark	    366.1328	   2164.06	    0.0	    00000000     00000000	   1	[      1]
193   	0     	      6	  NegLargeBright	    368.5469	   2414.06	    0.0	    00000000     00000000	   1	[      3]
194   	0     	     10	 NeutLargeBright	    370.9297	   2382.81	    0.0	    00000000     00000000	   1	[      7]
195   	0     	     10	 NeutLargeBright	    373.2539	   2324.22	    0.0	    00000000     00000000	   1	[      7]
196   	0     	     13	     condition13	    375.5469	   2292.97	    0.0	    00000000     00000000	   1	[       ]
197   	0     	      2	      condition2	    376.0781	    531.25	    0.0	    00000000     00000000	   1	[       ]
198   	0     	     14	     condition14	    377.9922	   1914.06	    0.0	    00000000     00000000	   1	[       ]
199   	0     	      2	      condition2	    378.5039	    511.72	    0.0	    00000000     00000000	   1	[       ]
200   	0     	     10	 NeutLargeBright	    380.2773	   1773.44	    0.0	    00000000     00000000	   1	[      7]
201   	0     	      7	  NegSmallBright	    382.3477	   2070.31	    0.0	    00000000     00000000	   1	[      4]
202   	0     	      8	   NeutLargeDark	    384.5938	   2246.09	    0.0	    00000000     00000000	   1	[      5]
203   	0     	      9	   NeutSmallDark	    387.0664	   2472.66	    0.0	    00000000     00000000	   1	[      6]
204   	0     	      9	   NeutSmallDark	    389.1328	   2066.41	    0.0	    00000000     00000000	   1	[      6]
205   	0     	      5	    NegSmallDark	    391.6250	   2492.19	    0.0	    00000000     00000000	   1	[      2]
206   	0     	      7	  NegSmallBright	    393.9297	   2304.69	    0.0	    00000000     00000000	   1	[      4]
207   	0     	      7	  NegSmallBright	    396.3438	   2414.06	    0.0	    00000000     00000000	   1	[      4]
208   	0     	      9	   NeutSmallDark	    398.6289	   2285.16	    0.0	    00000000     00000000	   1	[      6]
209   	0     	      6	  NegLargeBright	    400.9336	   2304.69	    0.0	    00000000     00000000	   1	[      3]
210   	0     	      8	   NeutLargeDark	    403.0273	   2093.75	    0.0	    00000000     00000000	   1	[      5]
211   	0     	      4	    NegLargeDark	    405.0898	   2062.50	    0.0	    00000000     00000000	   1	[      1]
212   	0     	     13	     condition13	    407.4141	   2324.22	    0.0	    00000000     00000000	   1	[       ]
213   	0     	      2	      condition2	    408.0352	    621.09	    0.0	    00000000     00000000	   1	[       ]
214   	0     	      4	    NegLargeDark	    409.9062	   1871.09	    0.0	    00000000     00000000	   1	[      1]
215   	0     	     10	 NeutLargeBright	    412.1523	   2246.09	    0.0	    00000000     00000000	   1	[      7]
216   	0     	      6	  NegLargeBright	    414.2539	   2101.56	    0.0	    00000000     00000000	   1	[      3]
217   	0     	      8	   NeutLargeDark	    416.4688	   2214.84	    0.0	    00000000     00000000	   1	[      5]
218   	0     	     10	 NeutLargeBright	    418.8047	   2335.94	    0.0	    00000000     00000000	   1	[      7]
219   	0     	      7	  NegSmallBright	    420.9688	   2164.06	    0.0	    00000000     00000000	   1	[      4]
220   	0     	     15	     condition15	    423.0000	   2031.25	    0.0	    00000000     00000000	   1	[       ]
221   	0     	      2	      condition2	    423.6328	    632.81	    0.0	    00000000     00000000	   1	[       ]
222   	0     	      4	    NegLargeDark	    425.0547	   1421.88	    0.0	    00000000     00000000	   1	[      1]
223   	0     	      8	   NeutLargeDark	    427.4570	   2402.34	    0.0	    00000000     00000000	   1	[      5]
224   	0     	      5	    NegSmallDark	    429.5039	   2046.88	    0.0	    00000000     00000000	   1	[      2]
225   	0     	      4	    NegLargeDark	    431.9570	   2453.12	    0.0	    00000000     00000000	   1	[      1]
226   	0     	      7	  NegSmallBright	    434.1719	   2214.84	    0.0	    00000000     00000000	   1	[      4]
227   	0     	      5	    NegSmallDark	    436.6250	   2453.12	    0.0	    00000000     00000000	   1	[      2]
228   	0     	      6	  NegLargeBright	    439.0703	   2445.31	    0.0	    00000000     00000000	   1	[      3]
229   	0     	     10	 NeutLargeBright	    441.3242	   2253.91	    0.0	    00000000     00000000	   1	[      7]
230   	0     	      7	  NegSmallBright	    443.8359	   2511.72	    0.0	    00000000     00000000	   1	[      4]
231   	0     	     11	 NeutSmallBright	    446.2500	   2414.06	    0.0	    00000000     00000000	   1	[      8]
232   	0     	      5	    NegSmallDark	    448.7656	   2515.62	    0.0	    00000000     00000000	   1	[      2]
233   	0     	      6	  NegLargeBright	    451.2891	   2523.44	    0.0	    00000000     00000000	   1	[      3]
234   	0     	      7	  NegSmallBright	    453.4648	   2175.78	    0.0	    00000000     00000000	   1	[      4]
235   	0     	      8	   NeutLargeDark	    455.8789	   2414.06	    0.0	    00000000     00000000	   1	[      5]
236   	0     	     10	 NeutLargeBright	    457.9336	   2054.69	    0.0	    00000000     00000000	   1	[      7]
237   	0     	     14	     condition14	    460.1250	   2191.41	    0.0	    00000000     00000000	   1	[       ]
238   	0     	      2	      condition2	    460.7852	    660.16	    0.0	    00000000     00000000	   1	[       ]
239   	0     	     13	     condition13	    462.5000	   1714.84	    0.0	    00000000     00000000	   1	[       ]
240   	0     	      2	      condition2	    463.2266	    726.56	    0.0	    00000000     00000000	   1	[       ]
241   	0     	      5	    NegSmallDark	    464.8828	   1656.25	    0.0	    00000000     00000000	   1	[      2]
242   	0     	     13	     condition13	    467.0781	   2195.31	    0.0	    00000000     00000000	   1	[       ]
243   	0     	      2	      condition2	    467.6406	    562.50	    0.0	    00000000     00000000	   1	[       ]
244   	0     	     14	     condition14	    469.2305	   1589.84	    0.0	    00000000     00000000	   1	[       ]
245   	0     	      2	      condition2	    469.7266	    496.09	    0.0	    00000000     00000000	   1	[       ]
246   	0     	      5	    NegSmallDark	    471.6680	   1941.41	    0.0	    00000000     00000000	   1	[      2]
247   	0     	      9	   NeutSmallDark	    474.0117	   2343.75	    0.0	    00000000     00000000	   1	[      6]
248   	0     	      4	    NegLargeDark	    476.1562	   2144.53	    0.0	    00000000     00000000	   1	[      1]
249   	0     	      4	    NegLargeDark	    478.5078	   2351.56	    0.0	    00000000     00000000	   1	[      1]
250   	0     	     10	 NeutLargeBright	    480.8125	   2304.69	    0.0	    00000000     00000000	   1	[      7]
251   	0     	      4	    NegLargeDark	    483.0273	   2214.84	    0.0	    00000000     00000000	   1	[      1]
252   	0     	     11	 NeutSmallBright	    486.2461	   3218.75	    0.0	    00000000     00000000	   1	[      8]
253   	0     	     11	 NeutSmallBright	    488.4297	   2183.59	    0.0	    00000000     00000000	   1	[      8]
254   	0     	      9	   NeutSmallDark	    490.7461	   2316.41	    0.0	    00000000     00000000	   1	[      6]
255   	0     	      6	  NegLargeBright	    493.0195	   2273.44	    0.0	    00000000     00000000	   1	[      3]
256   	0     	      6	  NegLargeBright	    495.4219	   2402.34	    0.0	    00000000     00000000	   1	[      3]
257   	0     	      5	    NegSmallDark	    497.7969	   2375.00	    0.0	    00000000     00000000	   1	[      2]
258   	0     	      6	  NegLargeBright	    500.0117	   2214.84	    0.0	    00000000     00000000	   1	[      3]
259   	0     	      6	  NegLargeBright	    502.3047	   2292.97	    0.0	    00000000     00000000	   1	[      3]
260   	0     	      7	  NegSmallBright	    504.7383	   2433.59	    0.0	    00000000     00000000	   1	[      4]
261   	0     	      5	    NegSmallDark	    506.9023	   2164.06	    0.0	    00000000     00000000	   1	[      2]
262   	0     	      7	  NegSmallBright	    509.0273	   2125.00	    0.0	    00000000     00000000	   1	[      4]
263   	0     	      6	  NegLargeBright	    511.1289	   2101.56	    0.0	    00000000     00000000	   1	[      3]
264   	0     	      8	   NeutLargeDark	    513.6055	   2476.56	    0.0	    00000000     00000000	   1	[      5]
265   	0     	      6	  NegLargeBright	    515.7188	   2113.28	    0.0	    00000000     00000000	   1	[      3]
266   	0     	      8	   NeutLargeDark	    518.2344	   2515.62	    0.0	    00000000     00000000	   1	[      5]
267   	0     	      9	   NeutSmallDark	    520.3750	   2140.62	    0.0	    00000000     00000000	   1	[      6]
268   	0     	     10	 NeutLargeBright	    522.6914	   2316.41	    0.0	    00000000     00000000	   1	[      7]
269   	0     	      7	  NegSmallBright	    524.8633	   2171.88	    0.0	    00000000     00000000	   1	[      4]
270   	0     	      8	   NeutLargeDark	    527.0898	   2226.56	    0.0	    00000000     00000000	   1	[      5]
271   	0     	     10	 NeutLargeBright	    529.3711	   2281.25	    0.0	    00000000     00000000	   1	[      7]
272   	0     	      5	    NegSmallDark	    531.6250	   2253.91	    0.0	    00000000     00000000	   1	[      2]
273   	0     	     11	 NeutSmallBright	    534.0117	   2386.72	    0.0	    00000000     00000000	   1	[      8]
274   	0     	     13	     condition13	    536.2852	   2273.44	    0.0	    00000000     00000000	   1	[       ]
275   	0     	      2	      condition2	    537.1094	    824.22	    0.0	    00000000     00000000	   1	[       ]
276   	0     	     15	     condition15	    538.4180	   1308.59	    0.0	    00000000     00000000	   1	[       ]
277   	0     	      2	      condition2	    539.1250	    707.03	    0.0	    00000000     00000000	   1	[       ]
278   	0     	     10	 NeutLargeBright	    540.4922	   1367.19	    0.0	    00000000     00000000	   1	[      7]
279   	0     	      5	    NegSmallDark	    542.5938	   2101.56	    0.0	    00000000     00000000	   1	[      2]
280   	0     	      4	    NegLargeDark	    544.6797	   2085.94	    0.0	    00000000     00000000	   1	[      1]
281   	0     	     11	 NeutSmallBright	    547.1719	   2492.19	    0.0	    00000000     00000000	   1	[      8]
282   	0     	      8	   NeutLargeDark	    549.3086	   2136.72	    0.0	    00000000     00000000	   1	[      5]
283   	0     	      6	  NegLargeBright	    551.6328	   2324.22	    0.0	    00000000     00000000	   1	[      3]
284   	0     	      4	    NegLargeDark	    553.8555	   2222.66	    0.0	    00000000     00000000	   1	[      1]
285   	0     	     12	     condition12	    556.0898	   2234.38	    0.0	    00000000     00000000	   1	[       ]
286   	0     	      9	   NeutSmallDark	    558.1836	   2093.75	    0.0	    00000000     00000000	   1	[      6]
287   	0     	      6	  NegLargeBright	    560.2773	   2093.75	    0.0	    00000000     00000000	   1	[      3]
288   	0     	     11	 NeutSmallBright	    562.7500	   2472.66	    0.0	    00000000     00000000	   1	[      8]
289   	0     	      4	    NegLargeDark	    565.1055	   2355.47	    0.0	    00000000     00000000	   1	[      1]
290   	0     	      8	   NeutLargeDark	    567.1797	   2074.22	    0.0	    00000000     00000000	   1	[      5]
291   	0     	      5	    NegSmallDark	    569.4336	   2253.91	    0.0	    00000000     00000000	   1	[      2]
292   	0     	      9	   NeutSmallDark	    571.5977	   2164.06	    0.0	    00000000     00000000	   1	[      6]
293   	0     	      5	    NegSmallDark	    573.6484	   2050.78	    0.0	    00000000     00000000	   1	[      2]
294   	0     	      5	    NegSmallDark	    575.8125	   2164.06	    0.0	    00000000     00000000	   1	[      2]
295   	0     	      8	   NeutLargeDark	    577.8984	   2085.94	    0.0	    00000000     00000000	   1	[      5]
296   	0     	      5	    NegSmallDark	    580.2305	   2332.03	    0.0	    00000000     00000000	   1	[      2]
297   	0     	      5	    NegSmallDark	    582.7148	   2484.38	    0.0	    00000000     00000000	   1	[      2]
298   	0     	      7	  NegSmallBright	    584.8203	   2105.47	    0.0	    00000000     00000000	   1	[      4]
299   	0     	      8	   NeutLargeDark	    586.9336	   2113.28	    0.0	    00000000     00000000	   1	[      5]
300   	0     	      4	    NegLargeDark	    589.2891	   2355.47	    0.0	    00000000     00000000	   1	[      1]
301   	0     	      9	   NeutSmallDark	    591.3516	   2062.50	    0.0	    00000000     00000000	   1	[      6]
302   	0     	     11	 NeutSmallBright	    593.7344	   2382.81	    0.0	    00000000     00000000	   1	[      8]
303   	0     	      8	   NeutLargeDark	    596.2383	   2503.91	    0.0	    00000000     00000000	   1	[      5]
304   	0     	      4	    NegLargeDark	    598.3828	   2144.53	    0.0	    00000000     00000000	   1	[      1]
305   	0     	      6	  NegLargeBright	    600.4375	   2054.69	    0.0	    00000000     00000000	   1	[      3]
306   	0     	     14	     condition14	    602.8203	   2382.81	    0.0	    00000000     00000000	   1	[       ]
307   	0     	      2	      condition2	    603.6719	    851.56	    0.0	    00000000     00000000	   1	[       ]
308   	0     	     10	 NeutLargeBright	    605.0352	   1363.28	    0.0	    00000000     00000000	   1	[      7]
309   	0     	     11	 NeutSmallBright	    607.1172	   2082.03	    0.0	    00000000     00000000	   1	[      8]
310   	0     	      6	  NegLargeBright	    609.1641	   2046.88	    0.0	    00000000     00000000	   1	[      3]
311   	0     	     12	     condition12	    611.6680	   2503.91	    0.0	    00000000     00000000	   1	[       ]
312   	0     	      2	      condition2	    612.2852	    617.19	    0.0	    00000000     00000000	   1	[       ]
313   	0     	     11	 NeutSmallBright	    614.0312	   1746.09	    0.0	    00000000     00000000	   1	[      8]
314   	0     	     11	 NeutSmallBright	    616.4258	   2394.53	    0.0	    00000000     00000000	   1	[      8]
315   	0     	      9	   NeutSmallDark	    618.8477	   2421.88	    0.0	    00000000     00000000	   1	[      6]
316   	0     	      7	  NegSmallBright	    621.0625	   2214.84	    0.0	    00000000     00000000	   1	[      4]
317   	0     	     11	 NeutSmallBright	    623.2383	   2175.78	    0.0	    00000000     00000000	   1	[      8]
318   	0     	     14	     condition14	    625.7305	   2492.19	    0.0	    00000000     00000000	   1	[       ]
319   	0     	      2	      condition2	    626.6523	    921.88	    0.0	    00000000     00000000	   1	[       ]
320   	0     	     11	 NeutSmallBright	    627.7969	   1144.53	    0.0	    00000000     00000000	   1	[      8]
321   	0     	     11	 NeutSmallBright	    630.0898	   2292.97	    0.0	    00000000     00000000	   1	[      8]
322   	0     	      4	    NegLargeDark	    632.2227	   2132.81	    0.0	    00000000     00000000	   1	[      1]
323   	0     	     12	     condition12	    634.6875	   2464.84	    0.0	    00000000     00000000	   1	[       ]
324   	0     	      2	      condition2	    635.4102	    722.66	    0.0	    00000000     00000000	   1	[       ]
325   	0     	      7	  NegSmallBright	    636.8711	   1460.94	    0.0	    00000000     00000000	   1	[      4]
326   	0     	      7	  NegSmallBright	    638.9258	   2054.69	    0.0	    00000000     00000000	   1	[      4]
327   	0     	      8	   NeutLargeDark	    641.1289	   2203.12	    0.0	    00000000     00000000	   1	[      5]
328   	0     	    253	              ""	    643.1719	   2042.97	    0.0	    00000000     00000000	   1	[       ]
329   	0     	      6	  NegLargeBright	    644.1836	   1011.72	    0.0	    00000000     00000000	   1	[      3]
330   	0     	      8	   NeutLargeDark	    646.5273	   2343.75	    0.0	    00000000     00000000	   1	[      5]
331   	0     	     10	 NeutLargeBright	    649.0352	   2507.81	    0.0	    00000000     00000000	   1	[      7]
332   	0     	      4	    NegLargeDark	    651.4180	   2382.81	    0.0	    00000000     00000000	   1	[      1]
333   	0     	      8	   NeutLargeDark	    653.7422	   2324.22	    0.0	    00000000     00000000	   1	[      5]
334   	0     	      5	    NegSmallDark	    656.1758	   2433.59	    0.0	    00000000     00000000	   1	[      2]
335   	0     	     14	     condition14	    658.2305	   2054.69	    0.0	    00000000     00000000	   1	[       ]
336   	0     	      2	      condition2	    658.9219	    691.41	    0.0	    00000000     00000000	   1	[       ]
337   	0     	      9	   NeutSmallDark	    660.2930	   1371.09	    0.0	    00000000     00000000	   1	[      6]
338   	0     	     10	 NeutLargeBright	    662.8086	   2515.62	    0.0	    00000000     00000000	   1	[      7]
339   	0     	     11	 NeutSmallBright	    665.0117	   2203.12	    0.0	    00000000     00000000	   1	[      8]
340   	0     	     11	 NeutSmallBright	    667.4062	   2394.53	    0.0	    00000000     00000000	   1	[      8]
341   	0     	     13	     condition13	    669.5312	   2125.00	    0.0	    00000000     00000000	   1	[       ]
342   	0     	      2	      condition2	    670.1992	    667.97	    0.0	    00000000     00000000	   1	[       ]
343   	0     	     11	 NeutSmallBright	    671.8633	   1664.06	    0.0	    00000000     00000000	   1	[      8]
344   	0     	      5	    NegSmallDark	    674.1367	   2273.44	    0.0	    00000000     00000000	   1	[      2]
345   	0     	      8	   NeutLargeDark	    676.5430	   2406.25	    0.0	    00000000     00000000	   1	[      5]
346   	0     	     10	 NeutLargeBright	    678.5938	   2050.78	    0.0	    00000000     00000000	   1	[      7]
347   	0     	      9	   NeutSmallDark	    680.9609	   2367.19	    0.0	    00000000     00000000	   1	[      6]
348   	0     	      9	   NeutSmallDark	    683.3242	   2363.28	    0.0	    00000000     00000000	   1	[      6]
349   	0     	     14	     condition14	    685.3594	   2035.16	    0.0	    00000000     00000000	   1	[       ]
350   	0     	      2	      condition2	    686.0781	    718.75	    0.0	    00000000     00000000	   1	[       ]
351   	0     	     11	 NeutSmallBright	    687.8828	   1804.69	    0.0	    00000000     00000000	   1	[      8]
352   	0     	      4	    NegLargeDark	    690.0547	   2171.88	    0.0	    00000000     00000000	   1	[      1]
353   	0     	      9	   NeutSmallDark	    692.4180	   2363.28	    0.0	    00000000     00000000	   1	[      6]
354   	0     	      9	   NeutSmallDark	    694.7148	   2296.88	    0.0	    00000000     00000000	   1	[      6]
355   	0     	     13	     condition13	    697.0586	   2343.75	    0.0	    00000000     00000000	   1	[       ]
356   	0     	      2	      condition2	    697.6211	    562.50	    0.0	    00000000     00000000	   1	[       ]
357   	0     	     12	     condition12	    699.4531	   1832.03	    0.0	    00000000     00000000	   1	[       ]
358   	0     	      2	      condition2	    699.9727	    519.53	    0.0	    00000000     00000000	   1	[       ]
359   	0     	      5	    NegSmallDark	    701.4844	   1511.72	    0.0	    00000000     00000000	   1	[      2]
360   	0     	     10	 NeutLargeBright	    703.8086	   2324.22	    0.0	    00000000     00000000	   1	[      7]
361   	0     	      7	  NegSmallBright	    706.1641	   2355.47	    0.0	    00000000     00000000	   1	[      4]
362   	0     	     10	 NeutLargeBright	    708.5898	   2425.78	    0.0	    00000000     00000000	   1	[      7]
363   	0     	     11	 NeutSmallBright	    710.6211	   2031.25	    0.0	    00000000     00000000	   1	[      8]
364   	0     	      7	  NegSmallBright	    712.9648	   2343.75	    0.0	    00000000     00000000	   1	[      4]
365   	0     	      7	  NegSmallBright	    715.3008	   2335.94	    0.0	    00000000     00000000	   1	[      4]
366   	0     	      7	  NegSmallBright	    717.7031	   2402.34	    0.0	    00000000     00000000	   1	[      4]
367   	0     	      5	    NegSmallDark	    720.0898	   2386.72	    0.0	    00000000     00000000	   1	[      2]
368   	0     	     10	 NeutLargeBright	    722.1719	   2082.03	    0.0	    00000000     00000000	   1	[      7]
369   	0     	      8	   NeutLargeDark	    724.2461	   2074.22	    0.0	    00000000     00000000	   1	[      5]
370   	0     	      9	   NeutSmallDark	    726.4883	   2242.19	    0.0	    00000000     00000000	   1	[      6]
371   	0     	     11	 NeutSmallBright	    728.8242	   2335.94	    0.0	    00000000     00000000	   1	[      8]
372   	0     	      4	    NegLargeDark	    731.1680	   2343.75	    0.0	    00000000     00000000	   1	[      1]
373   	0     	     10	 NeutLargeBright	    733.6719	   2503.91	    0.0	    00000000     00000000	   1	[      7]
374   	0     	     14	     condition14	    735.7656	   2093.75	    0.0	    00000000     00000000	   1	[       ]
375   	0     	      2	      condition2	    736.3828	    617.19	    0.0	    00000000     00000000	   1	[       ]
376   	0     	      9	   NeutSmallDark	    738.1719	   1789.06	    0.0	    00000000     00000000	   1	[      6]
377   	0     	     15	     condition15	    740.2930	   2121.09	    0.0	    00000000     00000000	   1	[       ]
378   	0     	      2	      condition2	    741.0352	    742.19	    0.0	    00000000     00000000	   1	[       ]
379   	0     	      4	    NegLargeDark	    742.4688	   1433.59	    0.0	    00000000     00000000	   1	[      1]
380   	0     	     14	     condition14	    744.9023	   2433.59	    0.0	    00000000     00000000	   1	[       ]
381   	0     	      2	      condition2	    745.6211	    718.75	    0.0	    00000000     00000000	   1	[       ]
382   	0     	      6	  NegLargeBright	    747.0273	   1406.25	    0.0	    00000000     00000000	   1	[      3]
383   	0     	      8	   NeutLargeDark	    749.0586	   2031.25	    0.0	    00000000     00000000	   1	[      5]
384   	0     	     12	     condition12	    751.3555	   2296.88	    0.0	    00000000     00000000	   1	[       ]
385   	0     	      2	      condition2	    751.9531	    597.66	    0.0	    00000000     00000000	   1	[       ]
386   	0     	     15	     condition15	    753.4062	   1453.12	    0.0	    00000000     00000000	   1	[       ]
387   	0     	      2	      condition2	    754.1875	    781.25	    0.0	    00000000     00000000	   1	[       ]
388   	0     	      4	    NegLargeDark	    755.5703	   1382.81	    0.0	    00000000     00000000	   1	[      1]
389   	0     	      7	  NegSmallBright	    757.8867	   2316.41	    0.0	    00000000     00000000	   1	[      4]
390   	0     	     14	     condition14	    759.9375	   2050.78	    0.0	    00000000     00000000	   1	[       ]
391   	0     	      2	      condition2	    760.5312	    593.75	    0.0	    00000000     00000000	   1	[       ]
392   	0     	      5	    NegSmallDark	    762.3242	   1792.97	    0.0	    00000000     00000000	   1	[      2]
393   	0     	     10	 NeutLargeBright	    764.4180	   2093.75	    0.0	    00000000     00000000	   1	[      7]
394   	0     	     11	 NeutSmallBright	    766.7617	   2343.75	    0.0	    00000000     00000000	   1	[      8]
395   	0     	      7	  NegSmallBright	    769.1836	   2421.88	    0.0	    00000000     00000000	   1	[      4]
396   	0     	     12	     condition12	    771.5586	   2375.00	    0.0	    00000000     00000000	   1	[       ]
397   	0     	      2	      condition2	    772.1836	    625.00	    0.0	    00000000     00000000	   1	[       ]
398   	0     	     12	     condition12	    774.0820	   1898.44	    0.0	    00000000     00000000	   1	[       ]
399   	0     	      2	      condition2	    774.7031	    621.09	    0.0	    00000000     00000000	   1	[       ]
400   	0     	      8	   NeutLargeDark	    776.3359	   1632.81	    0.0	    00000000     00000000	   1	[      5]
401   	0     	      5	    NegSmallDark	    778.5703	   2234.38	    0.0	    00000000     00000000	   1	[      2]
402   	0     	      9	   NeutSmallDark	    781.0742	   2503.91	    0.0	    00000000     00000000	   1	[      6]
403   	0     	      6	  NegLargeBright	    783.3984	   2324.22	    0.0	    00000000     00000000	   1	[      3]
404   	0     	     10	 NeutLargeBright	    785.9336	   2535.16	    0.0	    00000000     00000000	   1	[      7]
405   	0     	     14	     condition14	    788.4180	   2484.38	    0.0	    00000000     00000000	   1	[       ]
406   	0     	      2	      condition2	    789.0859	    667.97	    0.0	    00000000     00000000	   1	[       ]
407   	0     	     10	 NeutLargeBright	    790.5117	   1425.78	    0.0	    00000000     00000000	   1	[      7]
408   	0     	      9	   NeutSmallDark	    792.6562	   2144.53	    0.0	    00000000     00000000	   1	[      6]
409   	0     	      8	   NeutLargeDark	    795.1523	   2496.09	    0.0	    00000000     00000000	   1	[      5]
410   	0     	     11	 NeutSmallBright	    797.6367	   2484.38	    0.0	    00000000     00000000	   1	[      8]
411   	0     	      6	  NegLargeBright	    799.6992	   2062.50	    0.0	    00000000     00000000	   1	[      3]
412   	0     	     13	     condition13	    801.8125	   2113.28	    0.0	    00000000     00000000	   1	[       ]
413   	0     	      2	      condition2	    802.4023	    589.84	    0.0	    00000000     00000000	   1	[       ]
414   	0     	     10	 NeutLargeBright	    805.2266	   2824.22	    0.0	    00000000     00000000	   1	[      7]
415   	0     	      9	   NeutSmallDark	    807.2578	   2031.25	    0.0	    00000000     00000000	   1	[      6]
416   	0     	      5	    NegSmallDark	    809.6328	   2375.00	    0.0	    00000000     00000000	   1	[      2]
417   	0     	      8	   NeutLargeDark	    811.8555	   2222.66	    0.0	    00000000     00000000	   1	[      5]
418   	0     	     14	     condition14	    814.3008	   2445.31	    0.0	    00000000     00000000	   1	[       ]
419   	0     	      2	      condition2	    814.8477	    546.88	    0.0	    00000000     00000000	   1	[       ]
420   	0     	      4	    NegLargeDark	    816.6445	   1796.88	    0.0	    00000000     00000000	   1	[      1]
421   	0     	     10	 NeutLargeBright	    819.1680	   2523.44	    0.0	    00000000     00000000	   1	[      7]
422   	0     	      7	  NegSmallBright	    821.6328	   2464.84	    0.0	    00000000     00000000	   1	[      4]
423   	0     	      5	    NegSmallDark	    823.8164	   2183.59	    0.0	    00000000     00000000	   1	[      2]
424   	0     	      5	    NegSmallDark	    826.0430	   2226.56	    0.0	    00000000     00000000	   1	[      2]
425   	0     	     11	 NeutSmallBright	    828.2266	   2183.59	    0.0	    00000000     00000000	   1	[      8]
426   	0     	      9	   NeutSmallDark	    830.7305	   2503.91	    0.0	    00000000     00000000	   1	[      6]
427   	0     	     14	     condition14	    832.8828	   2152.34	    0.0	    00000000     00000000	   1	[       ]
428   	0     	      2	      condition2	    833.5078	    625.00	    0.0	    00000000     00000000	   1	[       ]
429   	0     	      5	    NegSmallDark	    835.1680	   1660.16	    0.0	    00000000     00000000	   1	[      2]
430   	0     	      5	    NegSmallDark	    837.2617	   2093.75	    0.0	    00000000     00000000	   1	[      2]
431   	0     	      5	    NegSmallDark	    839.5664	   2304.69	    0.0	    00000000     00000000	   1	[      2]
432   	0     	      7	  NegSmallBright	    842.0508	   2484.38	    0.0	    00000000     00000000	   1	[      4]
433   	0     	     12	     condition12	    844.1133	   2062.50	    0.0	    00000000     00000000	   1	[       ]
434   	0     	      2	      condition2	    844.7109	    597.66	    0.0	    00000000     00000000	   1	[       ]
435   	0     	     11	 NeutSmallBright	    846.3359	   1625.00	    0.0	    00000000     00000000	   1	[      8]
436   	0     	      8	   NeutLargeDark	    848.6602	   2324.22	    0.0	    00000000     00000000	   1	[      5]
437   	0     	      9	   NeutSmallDark	    850.9844	   2324.22	    0.0	    00000000     00000000	   1	[      6]
438   	0     	     11	 NeutSmallBright	    853.1484	   2164.06	    0.0	    00000000     00000000	   1	[      8]
439   	0     	      6	  NegLargeBright	    855.5938	   2445.31	    0.0	    00000000     00000000	   1	[      3]
440   	0     	     11	 NeutSmallBright	    857.9570	   2363.28	    0.0	    00000000     00000000	   1	[      8]
441   	0     	     14	     condition14	    860.2305	   2273.44	    0.0	    00000000     00000000	   1	[       ]
442   	0     	      2	      condition2	    861.0703	    839.84	    0.0	    00000000     00000000	   1	[       ]
443   	0     	      4	    NegLargeDark	    862.3438	   1273.44	    0.0	    00000000     00000000	   1	[      1]
444   	0     	      7	  NegSmallBright	    864.3984	   2054.69	    0.0	    00000000     00000000	   1	[      4]
445   	0     	      9	   NeutSmallDark	    866.8242	   2425.78	    0.0	    00000000     00000000	   1	[      6]
446   	0     	     11	 NeutSmallBright	    869.1680	   2343.75	    0.0	    00000000     00000000	   1	[      8]
447   	0     	     10	 NeutLargeBright	    871.5898	   2421.88	    0.0	    00000000     00000000	   1	[      7]
448   	0     	     12	     condition12	    873.6836	   2093.75	    0.0	    00000000     00000000	   1	[       ]
449   	0     	      2	      condition2	    874.4102	    726.56	    0.0	    00000000     00000000	   1	[       ]
450   	0     	      9	   NeutSmallDark	    875.7578	   1347.66	    0.0	    00000000     00000000	   1	[      6]
451   	0     	      7	  NegSmallBright	    878.1641	   2406.25	    0.0	    00000000     00000000	   1	[      4]
452   	0     	     10	 NeutLargeBright	    880.5078	   2343.75	    0.0	    00000000     00000000	   1	[      7]
453   	0     	     13	     condition13	    882.9922	   2484.38	    0.0	    00000000     00000000	   1	[       ]
454   	0     	      2	      condition2	    883.6172	    625.00	    0.0	    00000000     00000000	   1	[       ]
455   	0     	      5	    NegSmallDark	    885.2070	   1589.84	    0.0	    00000000     00000000	   1	[      2]
456   	0     	      8	   NeutLargeDark	    887.4609	   2253.91	    0.0	    00000000     00000000	   1	[      5]
457   	0     	      8	   NeutLargeDark	    889.5625	   2101.56	    0.0	    00000000     00000000	   1	[      5]
458   	0     	     10	 NeutLargeBright	    891.7578	   2195.31	    0.0	    00000000     00000000	   1	[      7]
459   	0     	     11	 NeutSmallBright	    894.2109	   2453.12	    0.0	    00000000     00000000	   1	[      8]
460   	0     	      4	    NegLargeDark	    896.5234	   2312.50	    0.0	    00000000     00000000	   1	[      1]
461   	0     	      8	   NeutLargeDark	    898.6992	   2175.78	    0.0	    00000000     00000000	   1	[      5]
462   	0     	      7	  NegSmallBright	    901.1523	   2453.12	    0.0	    00000000     00000000	   1	[      4]
463   	0     	     10	 NeutLargeBright	    903.5469	   2394.53	    0.0	    00000000     00000000	   1	[      7]
464   	0     	      5	    NegSmallDark	    906.0000	   2453.12	    0.0	    00000000     00000000	   1	[      2]
465   	0     	      5	    NegSmallDark	    908.3750	   2375.00	    0.0	    00000000     00000000	   1	[      2]
466   	0     	     11	 NeutSmallBright	    910.5195	   2144.53	    0.0	    00000000     00000000	   1	[      8]
467   	0     	      6	  NegLargeBright	    912.6328	   2113.28	    0.0	    00000000     00000000	   1	[      3]
468   	0     	      6	  NegLargeBright	    914.7773	   2144.53	    0.0	    00000000     00000000	   1	[      3]
469   	0     	      4	    NegLargeDark	    916.9727	   2195.31	    0.0	    00000000     00000000	   1	[      1]
470   	0     	     10	 NeutLargeBright	    919.2266	   2253.91	    0.0	    00000000     00000000	   1	[      7]
471   	0     	      6	  NegLargeBright	    921.3672	   2140.62	    0.0	    00000000     00000000	   1	[      3]
472   	0     	      5	    NegSmallDark	    923.5820	   2214.84	    0.0	    00000000     00000000	   1	[      2]
473   	0     	     11	 NeutSmallBright	    925.8359	   2253.91	    0.0	    00000000     00000000	   1	[      8]
474   	0     	      4	    NegLargeDark	    927.9922	   2156.25	    0.0	    00000000     00000000	   1	[      1]
475   	0     	      5	    NegSmallDark	    930.4141	   2421.88	    0.0	    00000000     00000000	   1	[      2]
476   	0     	      6	  NegLargeBright	    932.5469	   2132.81	    0.0	    00000000     00000000	   1	[      3]
477   	0     	     10	 NeutLargeBright	    934.7422	   2195.31	    0.0	    00000000     00000000	   1	[      7]
478   	0     	      4	    NegLargeDark	    936.8477	   2105.47	    0.0	    00000000     00000000	   1	[      1]
479   	0     	     11	 NeutSmallBright	    939.3516	   2503.91	    0.0	    00000000     00000000	   1	[      8]
480   	0     	     12	     condition12	    941.7930	   2441.41	    0.0	    00000000     00000000	   1	[       ]
481   	0     	      2	      condition2	    942.3984	    605.47	    0.0	    00000000     00000000	   1	[       ]
482   	0     	      5	    NegSmallDark	    944.0078	   1609.38	    0.0	    00000000     00000000	   1	[      2]
483   	0     	     11	 NeutSmallBright	    946.4648	   2457.03	    0.0	    00000000     00000000	   1	[      8]
484   	0     	      6	  NegLargeBright	    948.9258	   2460.94	    0.0	    00000000     00000000	   1	[      3]
485   	0     	      6	  NegLargeBright	    951.0625	   2136.72	    0.0	    00000000     00000000	   1	[      3]
486   	0     	      6	  NegLargeBright	    953.3359	   2273.44	    0.0	    00000000     00000000	   1	[      3]
487   	0     	     11	 NeutSmallBright	    955.3984	   2062.50	    0.0	    00000000     00000000	   1	[      8]
488   	0     	     11	 NeutSmallBright	    957.5312	   2132.81	    0.0	    00000000     00000000	   1	[      8]
489   	0     	      4	    NegLargeDark	    959.6875	   2156.25	    0.0	    00000000     00000000	   1	[      1]
490   	0     	      4	    NegLargeDark	    961.9414	   2253.91	    0.0	    00000000     00000000	   1	[      1]
491   	0     	    253	              ""	    964.2188	   2277.34	    0.0	    00000000     00000000	   1	[       ]
492   	0     	      4	    NegLargeDark	    965.2383	   1019.53	    0.0	    00000000     00000000	   1	[      1]
493   	0     	      8	   NeutLargeDark	    967.4219	   2183.59	    0.0	    00000000     00000000	   1	[      5]
494   	0     	      4	    NegLargeDark	    969.5664	   2144.53	    0.0	    00000000     00000000	   1	[      1]
495   	0     	     10	 NeutLargeBright	    971.7383	   2171.88	    0.0	    00000000     00000000	   1	[      7]
496   	0     	      7	  NegSmallBright	    973.9844	   2246.09	    0.0	    00000000     00000000	   1	[      4]
497   	0     	      9	   NeutSmallDark	    976.0469	   2062.50	    0.0	    00000000     00000000	   1	[      6]
498   	0     	      7	  NegSmallBright	    978.4297	   2382.81	    0.0	    00000000     00000000	   1	[      4]
499   	0     	     11	 NeutSmallBright	    980.4648	   2035.16	    0.0	    00000000     00000000	   1	[      8]
500   	0     	     12	     condition12	    982.6797	   2214.84	    0.0	    00000000     00000000	   1	[       ]
501   	0     	      2	      condition2	    983.6328	    953.12	    0.0	    00000000     00000000	   1	[       ]
502   	0     	      8	   NeutLargeDark	    985.0039	   1371.09	    0.0	    00000000     00000000	   1	[      5]
503   	0     	     14	     condition14	    987.2852	   2281.25	    0.0	    00000000     00000000	   1	[       ]
504   	0     	      2	      condition2	    988.0703	    785.16	    0.0	    00000000     00000000	   1	[       ]
505   	0     	      4	    NegLargeDark	    989.6523	   1582.03	    0.0	    00000000     00000000	   1	[      1]
506   	0     	     15	     condition15	    992.0156	   2363.28	    0.0	    00000000     00000000	   1	[       ]
507   	0     	      2	      condition2	    992.7891	    773.44	    0.0	    00000000     00000000	   1	[       ]
508   	0     	      5	    NegSmallDark	    994.0898	   1300.78	    0.0	    00000000     00000000	   1	[      2]
509   	0     	     11	 NeutSmallBright	    996.3125	   2222.66	    0.0	    00000000     00000000	   1	[      8]
510   	0     	      4	    NegLargeDark	    998.8359	   2523.44	    0.0	    00000000     00000000	   1	[      1]
511   	0     	      7	  NegSmallBright	   1001.1328	   2296.88	    0.0	    00000000     00000000	   1	[      4]
512   	0     	     12	     condition12	   1003.2930	   2160.16	    0.0	    00000000     00000000	   1	[       ]
513   	0     	      2	      condition2	   1003.8281	    535.16	    0.0	    00000000     00000000	   1	[       ]
514   	0     	      7	  NegSmallBright	   1005.3203	   1492.19	    0.0	    00000000     00000000	   1	[      4]
515   	0     	      8	   NeutLargeDark	   1007.4023	   2082.03	    0.0	    00000000     00000000	   1	[      5]
516   	0     	     12	     condition12	   1009.9258	   2523.44	    0.0	    00000000     00000000	   1	[       ]
517   	0     	      2	      condition2	   1010.6445	    718.75	    0.0	    00000000     00000000	   1	[       ]
518   	0     	      4	    NegLargeDark	   1012.2812	   1636.72	    0.0	    00000000     00000000	   1	[      1]
519   	0     	      4	    NegLargeDark	   1014.5430	   2261.72	    0.0	    00000000     00000000	   1	[      1]
520   	0     	      7	  NegSmallBright	   1016.5898	   2046.88	    0.0	    00000000     00000000	   1	[      4]
521   	0     	     10	 NeutLargeBright	   1018.9414	   2351.56	    0.0	    00000000     00000000	   1	[      7]
522   	0     	      7	  NegSmallBright	   1021.0352	   2093.75	    0.0	    00000000     00000000	   1	[      4]
523   	0     	      4	    NegLargeDark	   1023.2891	   2253.91	    0.0	    00000000     00000000	   1	[      1]
524   	0     	      9	   NeutSmallDark	   1025.3125	   2023.44	    0.0	    00000000     00000000	   1	[      6]
525   	0     	     15	     condition15	   1027.4766	   2164.06	    0.0	    00000000     00000000	   1	[       ]
526   	0     	      2	      condition2	   1028.1602	    683.59	    0.0	    00000000     00000000	   1	[       ]
527   	0     	      9	   NeutSmallDark	   1029.7031	   1542.97	    0.0	    00000000     00000000	   1	[      6]
528   	0     	     11	 NeutSmallBright	   1032.0469	   2343.75	    0.0	    00000000     00000000	   1	[      8]
529   	0     	     11	 NeutSmallBright	   1034.4297	   2382.81	    0.0	    00000000     00000000	   1	[      8]
530   	0     	      7	  NegSmallBright	   1036.8750	   2445.31	    0.0	    00000000     00000000	   1	[      4]
531   	0     	      8	   NeutLargeDark	   1038.9961	   2121.09	    0.0	    00000000     00000000	   1	[      5]
532   	0     	      9	   NeutSmallDark	   1041.5117	   2515.62	    0.0	    00000000     00000000	   1	[      6]
533   	0     	      5	    NegSmallDark	   1043.5742	   2062.50	    0.0	    00000000     00000000	   1	[      2]
534   	0     	     13	     condition13	   1045.7188	   2144.53	    0.0	    00000000     00000000	   1	[       ]
535   	0     	      2	      condition2	   1046.3008	    582.03	    0.0	    00000000     00000000	   1	[       ]
536   	0     	      4	    NegLargeDark	   1047.8516	   1550.78	    0.0	    00000000     00000000	   1	[      1]
537   	0     	      4	    NegLargeDark	   1050.0859	   2234.38	    0.0	    00000000     00000000	   1	[      1]
538   	0     	      6	  NegLargeBright	   1052.2812	   2195.31	    0.0	    00000000     00000000	   1	[      3]
539   	0     	      6	  NegLargeBright	   1054.4258	   2144.53	    0.0	    00000000     00000000	   1	[      3]
540   	0     	      6	  NegLargeBright	   1056.5781	   2152.34	    0.0	    00000000     00000000	   1	[      3]
541   	0     	      5	    NegSmallDark	   1059.0312	   2453.12	    0.0	    00000000     00000000	   1	[      2]
542   	0     	      8	   NeutLargeDark	   1061.2070	   2175.78	    0.0	    00000000     00000000	   1	[      5]
543   	0     	      9	   NeutSmallDark	   1063.2812	   2074.22	    0.0	    00000000     00000000	   1	[      6]
544   	0     	      7	  NegSmallBright	   1065.4258	   2144.53	    0.0	    00000000     00000000	   1	[      4]
545   	0     	      2	      condition2	   1066.2188	    792.97	    0.0	    00000000     00000000	   1	[       ]
546   	0     	      7	  NegSmallBright	   1067.8867	   1667.97	    0.0	    00000000     00000000	   1	[      4]
547   	0     	     13	     condition13	   1070.1836	   2296.88	    0.0	    00000000     00000000	   1	[       ]
548   	0     	      2	      condition2	   1070.8477	    664.06	    0.0	    00000000     00000000	   1	[       ]
549   	0     	      8	   NeutLargeDark	   1072.4961	   1648.44	    0.0	    00000000     00000000	   1	[      5]
550   	0     	      6	  NegLargeBright	   1074.9219	   2425.78	    0.0	    00000000     00000000	   1	[      3]
551   	0     	      9	   NeutSmallDark	   1077.0156	   2093.75	    0.0	    00000000     00000000	   1	[      6]
552   	0     	      7	  NegSmallBright	   1079.1797	   2164.06	    0.0	    00000000     00000000	   1	[      4]
553   	0     	     11	 NeutSmallBright	   1081.2930	   2113.28	    0.0	    00000000     00000000	   1	[      8]
554   	0     	      9	   NeutSmallDark	   1083.6172	   2324.22	    0.0	    00000000     00000000	   1	[      6]
555   	0     	      7	  NegSmallBright	   1086.0703	   2453.12	    0.0	    00000000     00000000	   1	[      4]
556   	0     	     11	 NeutSmallBright	   1088.4453	   2375.00	    0.0	    00000000     00000000	   1	[      8]
557   	0     	      7	  NegSmallBright	   1090.8906	   2445.31	    0.0	    00000000     00000000	   1	[      4]
558   	0     	     10	 NeutLargeBright	   1093.0938	   2203.12	    0.0	    00000000     00000000	   1	[      7]
559   	0     	      7	  NegSmallBright	   1095.2773	   2183.59	    0.0	    00000000     00000000	   1	[      4]
560   	0     	     13	     condition13	   1097.3398	   2062.50	    0.0	    00000000     00000000	   1	[       ]
561   	0     	      2	      condition2	   1098.2188	    878.91	    0.0	    00000000     00000000	   1	[       ]
562   	0     	      9	   NeutSmallDark	   1099.7031	   1484.38	    0.0	    00000000     00000000	   1	[      6]
563   	0     	      9	   NeutSmallDark	   1102.1289	   2425.78	    0.0	    00000000     00000000	   1	[      6]
564   	0     	      6	  NegLargeBright	   1104.5938	   2464.84	    0.0	    00000000     00000000	   1	[      3]
565   	0     	      8	   NeutLargeDark	   1106.8789	   2285.16	    0.0	    00000000     00000000	   1	[      5]
566   	0     	     11	 NeutSmallBright	   1109.2930	   2414.06	    0.0	    00000000     00000000	   1	[      8]
567   	0     	      7	  NegSmallBright	   1111.7773	   2484.38	    0.0	    00000000     00000000	   1	[      4]
568   	0     	      5	    NegSmallDark	   1114.1680	   2390.62	    0.0	    00000000     00000000	   1	[      2]
569   	0     	      9	   NeutSmallDark	   1116.4141	   2246.09	    0.0	    00000000     00000000	   1	[      6]
570   	0     	      7	  NegSmallBright	   1118.6484	   2234.38	    0.0	    00000000     00000000	   1	[      4]
571   	0     	      5	    NegSmallDark	   1121.0938	   2445.31	    0.0	    00000000     00000000	   1	[      2]
572   	0     	    253	              ""	   1123.9688	   2875.00	    0.0	    00000000     00000000	   1	[       ]
573   	0     	      7	  NegSmallBright	   1124.9727	   1003.91	    0.0	    00000000     00000000	   1	[      4]
574   	0     	      5	    NegSmallDark	   1127.0859	   2113.28	    0.0	    00000000     00000000	   1	[      2]
575   	0     	     10	 NeutLargeBright	   1129.2969	   2210.94	    0.0	    00000000     00000000	   1	[      7]
576   	0     	      4	    NegLargeDark	   1131.6328	   2335.94	    0.0	    00000000     00000000	   1	[      1]
577   	0     	     11	 NeutSmallBright	   1133.7578	   2125.00	    0.0	    00000000     00000000	   1	[      8]
578   	0     	      6	  NegLargeBright	   1135.8906	   2132.81	    0.0	    00000000     00000000	   1	[      3]
579   	0     	      5	    NegSmallDark	   1137.9336	   2042.97	    0.0	    00000000     00000000	   1	[      2]
580   	0     	      5	    NegSmallDark	   1140.3867	   2453.12	    0.0	    00000000     00000000	   1	[      2]
581   	0     	      6	  NegLargeBright	   1142.4531	   2066.41	    0.0	    00000000     00000000	   1	[      3]
582   	0     	      9	   NeutSmallDark	   1144.9766	   2523.44	    0.0	    00000000     00000000	   1	[      6]
583   	0     	      5	    NegSmallDark	   1147.0117	   2035.16	    0.0	    00000000     00000000	   1	[      2]
584   	0     	     11	 NeutSmallBright	   1149.5352	   2523.44	    0.0	    00000000     00000000	   1	[      8]
585   	0     	     11	 NeutSmallBright	   1151.8789	   2343.75	    0.0	    00000000     00000000	   1	[      8]
586   	0     	      4	    NegLargeDark	   1154.0938	   2214.84	    0.0	    00000000     00000000	   1	[      1]
587   	0     	      7	  NegSmallBright	   1156.3359	   2242.19	    0.0	    00000000     00000000	   1	[      4]
588   	0     	      4	    NegLargeDark	   1158.5898	   2253.91	    0.0	    00000000     00000000	   1	[      1]
589   	0     	      6	  NegLargeBright	   1161.0430	   2453.12	    0.0	    00000000     00000000	   1	[      3]
590   	0     	      4	    NegLargeDark	   1163.3477	   2304.69	    0.0	    00000000     00000000	   1	[      1]
591   	0     	      8	   NeutLargeDark	   1165.6016	   2253.91	    0.0	    00000000     00000000	   1	[      5]
592   	0     	      9	   NeutSmallDark	   1167.9375	   2335.94	    0.0	    00000000     00000000	   1	[      6]
593   	0     	      6	  NegLargeBright	   1170.4297	   2492.19	    0.0	    00000000     00000000	   1	[      3]
594   	0     	      8	   NeutLargeDark	   1172.8242	   2394.53	    0.0	    00000000     00000000	   1	[      5]
595   	0     	      6	  NegLargeBright	   1175.2812	   2457.03	    0.0	    00000000     00000000	   1	[      3]
596   	0     	      7	  NegSmallBright	   1177.4648	   2183.59	    0.0	    00000000     00000000	   1	[      4]
597   	0     	      6	  NegLargeBright	   1179.6992	   2234.38	    0.0	    00000000     00000000	   1	[      3]
598   	0     	      9	   NeutSmallDark	   1181.7617	   2062.50	    0.0	    00000000     00000000	   1	[      6]
599   	0     	      4	    NegLargeDark	   1184.2539	   2492.19	    0.0	    00000000     00000000	   1	[      1]
600   	0     	     10	 NeutLargeBright	   1186.4688	   2214.84	    0.0	    00000000     00000000	   1	[      7]
601   	0     	      7	  NegSmallBright	   1188.7031	   2234.38	    0.0	    00000000     00000000	   1	[      4]
602   	0     	      9	   NeutSmallDark	   1191.1367	   2433.59	    0.0	    00000000     00000000	   1	[      6]
603   	0     	     10	 NeutLargeBright	   1193.6016	   2464.84	    0.0	    00000000     00000000	   1	[      7]
604   	0     	      5	    NegSmallDark	   1195.8359	   2234.38	    0.0	    00000000     00000000	   1	[      2]
605   	0     	      8	   NeutLargeDark	   1197.9688	   2132.81	    0.0	    00000000     00000000	   1	[      5]
606   	0     	      6	  NegLargeBright	   1200.4531	   2484.38	    0.0	    00000000     00000000	   1	[      3]
607   	0     	      9	   NeutSmallDark	   1202.8984	   2445.31	    0.0	    00000000     00000000	   1	[      6]
608   	0     	      9	   NeutSmallDark	   1205.0703	   2171.88	    0.0	    00000000     00000000	   1	[      6]
609   	0     	     11	 NeutSmallBright	   1207.5352	   2464.84	    0.0	    00000000     00000000	   1	[      8]
610   	0     	      7	  NegSmallBright	   1209.6602	   2125.00	    0.0	    00000000     00000000	   1	[      4]
611   	0     	      8	   NeutLargeDark	   1212.0156	   2355.47	    0.0	    00000000     00000000	   1	[      5]
612   	0     	      7	  NegSmallBright	   1214.0977	   2082.03	    0.0	    00000000     00000000	   1	[      4]
613   	0     	     11	 NeutSmallBright	   1216.2500	   2152.34	    0.0	    00000000     00000000	   1	[      8]
614   	0     	      6	  NegLargeBright	   1218.6953	   2445.31	    0.0	    00000000     00000000	   1	[      3]
615   	0     	      4	    NegLargeDark	   1220.9609	   2265.62	    0.0	    00000000     00000000	   1	[      1]
616   	0     	      6	  NegLargeBright	   1223.1133	   2152.34	    0.0	    00000000     00000000	   1	[      3]
617   	0     	      6	  NegLargeBright	   1225.6172	   2503.91	    0.0	    00000000     00000000	   1	[      3]
618   	0     	      8	   NeutLargeDark	   1227.9219	   2304.69	    0.0	    00000000     00000000	   1	[      5]
619   	0     	      8	   NeutLargeDark	   1230.0469	   2125.00	    0.0	    00000000     00000000	   1	[      5]
620   	0     	     10	 NeutLargeBright	   1232.2578	   2210.94	    0.0	    00000000     00000000	   1	[      7]
621   	0     	     11	 NeutSmallBright	   1234.3633	   2105.47	    0.0	    00000000     00000000	   1	[      8]
622   	0     	      9	   NeutSmallDark	   1236.4375	   2074.22	    0.0	    00000000     00000000	   1	[      6]
623   	0     	     11	 NeutSmallBright	   1238.7812	   2343.75	    0.0	    00000000     00000000	   1	[      8]
624   	0     	     10	 NeutLargeBright	   1241.2656	   2484.38	    0.0	    00000000     00000000	   1	[      7]
625   	0     	      4	    NegLargeDark	   1243.4883	   2222.66	    0.0	    00000000     00000000	   1	[      1]
626   	0     	      6	  NegLargeBright	   1245.8320	   2343.75	    0.0	    00000000     00000000	   1	[      3]
627   	0     	      8	   NeutLargeDark	   1248.1992	   2367.19	    0.0	    00000000     00000000	   1	[      5]
628   	0     	      5	    NegSmallDark	   1250.6719	   2472.66	    0.0	    00000000     00000000	   1	[      2]
629   	0     	     15	     condition15	   1253.1055	   2433.59	    0.0	    00000000     00000000	   1	[       ]
630   	0     	     10	 NeutLargeBright	   1255.5195	   2414.06	    0.0	    00000000     00000000	   1	[      7]
631   	0     	     13	     condition13	   1257.7031	   2183.59	    0.0	    00000000     00000000	   1	[       ]
632   	0     	      2	      condition2	   1258.7461	   1042.97	    0.0	    00000000     00000000	   1	[       ]
633   	0     	      6	  NegLargeBright	   1259.8398	   1093.75	    0.0	    00000000     00000000	   1	[      3]
634   	0     	     15	     condition15	   1262.2305	   2390.62	    0.0	    00000000     00000000	   1	[       ]
635   	0     	      2	      condition2	   1263.0977	    867.19	    0.0	    00000000     00000000	   1	[       ]
636   	0     	      9	   NeutSmallDark	   1264.3672	   1269.53	    0.0	    00000000     00000000	   1	[      6]
637   	0     	     11	 NeutSmallBright	   1266.3984	   2031.25	    0.0	    00000000     00000000	   1	[      8]
638   	0     	     11	 NeutSmallBright	   1268.6719	   2273.44	    0.0	    00000000     00000000	   1	[      8]
639   	0     	      7	  NegSmallBright	   1270.9688	   2296.88	    0.0	    00000000     00000000	   1	[      4]
640   	0     	      8	   NeutLargeDark	   1273.1914	   2222.66	    0.0	    00000000     00000000	   1	[      5]
641   	0     	     10	 NeutLargeBright	   1275.3555	   2164.06	    0.0	    00000000     00000000	   1	[      7]
642   	0     	      4	    NegLargeDark	   1277.7305	   2375.00	    0.0	    00000000     00000000	   1	[      1]
643   	0     	      8	   NeutLargeDark	   1280.2539	   2523.44	    0.0	    00000000     00000000	   1	[      5]
644   	0     	      7	  NegSmallBright	   1282.5273	   2273.44	    0.0	    00000000     00000000	   1	[      4]
