#  Non-editable header begin --------------------------------------------------------------------------------
# 
#  data format...............: continuous
#  setname...................: BDF file
#  filename..................: none_specified
#  filepath..................: none_specified
#  nchan.....................: 64
#  pnts......................: 329984
#  srate.....................: 256
#  nevents...................: 648
#  generated by (bdf)........: 
#  generated by (set)........: BDF file
#  reported in ..............: 
#  prog Version..............: 8.02
#  creation date.............: 18-Nov-2020 17:31:26
#  user Account..............: 
# 
#  Non-editable header end --------------------------------------------------------------------------------

	bin 1,	# 60,	NegLargeDark
	bin 2,	# 60,	NegSmallDark
	bin 3,	# 60,	NegLargeBright
	bin 4,	# 60,	NegSmallBright
	bin 5,	# 60,	NeutLargeDark
	bin 6,	# 60,	NeutSmallDark
	bin 7,	# 60,	NeutLargeBright
	bin 8,	# 60,	NeutSmallBright



# item	 bepoch	  ecode	            label	      onset	          diff	     dura	b_flags	   a_flags	  enable	    bin
#                                                 (sec)           (msec)     (msec)    (binary)   (binary)


1     	0     	      7	  NegSmallBright	      1.7305	      0.00	    0.0	    00000000     00000000	   1	[      4]
2     	0     	     11	 NeutSmallBright	      4.1250	   2394.53	    0.0	    00000000     00000000	   1	[      8]
3     	0     	      4	    NegLargeDark	      6.1914	   2066.41	    0.0	    00000000     00000000	   1	[      1]
4     	0     	      9	   NeutSmallDark	      8.4453	   2253.91	    0.0	    00000000     00000000	   1	[      6]
5     	0     	      4	    NegLargeDark	     10.9492	   2503.91	    0.0	    00000000     00000000	   1	[      1]
6     	0     	     11	 NeutSmallBright	     13.2227	   2273.44	    0.0	    00000000     00000000	   1	[      8]
7     	0     	      5	    NegSmallDark	     15.3555	   2132.81	    0.0	    00000000     00000000	   1	[      2]
8     	0     	     12	     condition12	     17.8320	   2476.56	    0.0	    00000000     00000000	   1	[       ]
9     	0     	      2	      condition2	     18.2852	    453.12	    0.0	    00000000     00000000	   1	[       ]
10    	0     	     12	     condition12	     20.0742	   1789.06	    0.0	    00000000     00000000	   1	[       ]
11    	0     	      2	      condition2	     20.6133	    539.06	    0.0	    00000000     00000000	   1	[       ]
12    	0     	      4	    NegLargeDark	     22.3984	   1785.16	    0.0	    00000000     00000000	   1	[      1]
13    	0     	      8	   NeutLargeDark	     24.4336	   2035.16	    0.0	    00000000     00000000	   1	[      5]
14    	0     	     14	     condition14	     26.8867	   2453.12	    0.0	    00000000     00000000	   1	[       ]
15    	0     	      2	      condition2	     27.3711	    484.38	    0.0	    00000000     00000000	   1	[       ]
16    	0     	      9	   NeutSmallDark	     29.2422	   1871.09	    0.0	    00000000     00000000	   1	[      6]
17    	0     	      8	   NeutLargeDark	     31.5430	   2300.78	    0.0	    00000000     00000000	   1	[      5]
18    	0     	      4	    NegLargeDark	     33.7500	   2207.03	    0.0	    00000000     00000000	   1	[      1]
19    	0     	     10	 NeutLargeBright	     35.8711	   2121.09	    0.0	    00000000     00000000	   1	[      7]
20    	0     	      5	    NegSmallDark	     38.3164	   2445.31	    0.0	    00000000     00000000	   1	[      2]
21    	0     	      5	    NegSmallDark	     40.6211	   2304.69	    0.0	    00000000     00000000	   1	[      2]
22    	0     	      7	  NegSmallBright	     42.8945	   2273.44	    0.0	    00000000     00000000	   1	[      4]
23    	0     	      8	   NeutLargeDark	     45.4297	   2535.16	    0.0	    00000000     00000000	   1	[      5]
24    	0     	     10	 NeutLargeBright	     47.6641	   2234.38	    0.0	    00000000     00000000	   1	[      7]
25    	0     	     10	 NeutLargeBright	     49.9062	   2242.19	    0.0	    00000000     00000000	   1	[      7]
26    	0     	      7	  NegSmallBright	     52.3320	   2425.78	    0.0	    00000000     00000000	   1	[      4]
27    	0     	      5	    NegSmallDark	     54.5938	   2261.72	    0.0	    00000000     00000000	   1	[      2]
28    	0     	      9	   NeutSmallDark	     56.8008	   2207.03	    0.0	    00000000     00000000	   1	[      6]
29    	0     	     13	     condition13	     58.8633	   2062.50	    0.0	    00000000     00000000	   1	[       ]
30    	0     	      2	      condition2	     59.7500	    886.72	    0.0	    00000000     00000000	   1	[       ]
31    	0     	     13	     condition13	     60.8867	   1136.72	    0.0	    00000000     00000000	   1	[       ]
32    	0     	      2	      condition2	     61.3633	    476.56	    0.0	    00000000     00000000	   1	[       ]
33    	0     	      8	   NeutLargeDark	     63.2891	   1925.78	    0.0	    00000000     00000000	   1	[      5]
34    	0     	      5	    NegSmallDark	     65.4961	   2207.03	    0.0	    00000000     00000000	   1	[      2]
35    	0     	      6	  NegLargeBright	     67.9492	   2453.12	    0.0	    00000000     00000000	   1	[      3]
36    	0     	     15	     condition15	     70.3828	   2433.59	    0.0	    00000000     00000000	   1	[       ]
37    	0     	      2	      condition2	     70.9297	    546.88	    0.0	    00000000     00000000	   1	[       ]
38    	0     	      8	   NeutLargeDark	     72.8281	   1898.44	    0.0	    00000000     00000000	   1	[      5]
39    	0     	     10	 NeutLargeBright	     75.2227	   2394.53	    0.0	    00000000     00000000	   1	[      7]
40    	0     	      4	    NegLargeDark	     77.5469	   2324.22	    0.0	    00000000     00000000	   1	[      1]
41    	0     	      6	  NegLargeBright	     79.6992	   2152.34	    0.0	    00000000     00000000	   1	[      3]
42    	0     	      9	   NeutSmallDark	     82.1641	   2464.84	    0.0	    00000000     00000000	   1	[      6]
43    	0     	      8	   NeutLargeDark	     84.4688	   2304.69	    0.0	    00000000     00000000	   1	[      5]
44    	0     	      8	   NeutLargeDark	     86.7031	   2234.38	    0.0	    00000000     00000000	   1	[      5]
45    	0     	      6	  NegLargeBright	     88.8164	   2113.28	    0.0	    00000000     00000000	   1	[      3]
46    	0     	     15	     condition15	     90.9297	   2113.28	    0.0	    00000000     00000000	   1	[       ]
47    	0     	      2	      condition2	     91.7031	    773.44	    0.0	    00000000     00000000	   1	[       ]
48    	0     	      6	  NegLargeBright	     93.4453	   1742.19	    0.0	    00000000     00000000	   1	[      3]
49    	0     	     11	 NeutSmallBright	     95.8477	   2402.34	    0.0	    00000000     00000000	   1	[      8]
50    	0     	      4	    NegLargeDark	     97.9609	   2113.28	    0.0	    00000000     00000000	   1	[      1]
51    	0     	     11	 NeutSmallBright	    100.3750	   2414.06	    0.0	    00000000     00000000	   1	[      8]
52    	0     	      2	      condition2	    101.1758	    800.78	    0.0	    00000000     00000000	   1	[       ]
53    	0     	     13	     condition13	    102.7891	   1613.28	    0.0	    00000000     00000000	   1	[       ]
54    	0     	      2	      condition2	    103.3594	    570.31	    0.0	    00000000     00000000	   1	[       ]
55    	0     	     14	     condition14	    104.9453	   1585.94	    0.0	    00000000     00000000	   1	[       ]
56    	0     	      2	      condition2	    105.4219	    476.56	    0.0	    00000000     00000000	   1	[       ]
57    	0     	      8	   NeutLargeDark	    107.1797	   1757.81	    0.0	    00000000     00000000	   1	[      5]
58    	0     	      9	   NeutSmallDark	    109.6914	   2511.72	    0.0	    00000000     00000000	   1	[      6]
59    	0     	      8	   NeutLargeDark	    112.0664	   2375.00	    0.0	    00000000     00000000	   1	[      5]
60    	0     	      7	  NegSmallBright	    114.2891	   2222.66	    0.0	    00000000     00000000	   1	[      4]
61    	0     	      9	   NeutSmallDark	    116.3320	   2042.97	    0.0	    00000000     00000000	   1	[      6]
62    	0     	      5	    NegSmallDark	    118.4258	   2093.75	    0.0	    00000000     00000000	   1	[      2]
63    	0     	     11	 NeutSmallBright	    120.7109	   2285.16	    0.0	    00000000     00000000	   1	[      8]
64    	0     	      9	   NeutSmallDark	    122.8555	   2144.53	    0.0	    00000000     00000000	   1	[      6]
65    	0     	      9	   NeutSmallDark	    125.3086	   2453.12	    0.0	    00000000     00000000	   1	[      6]
66    	0     	      8	   NeutLargeDark	    127.5820	   2273.44	    0.0	    00000000     00000000	   1	[      5]
67    	0     	      4	    NegLargeDark	    130.0195	   2437.50	    0.0	    00000000     00000000	   1	[      1]
68    	0     	      9	   NeutSmallDark	    132.2812	   2261.72	    0.0	    00000000     00000000	   1	[      6]
69    	0     	     10	 NeutLargeBright	    134.5156	   2234.38	    0.0	    00000000     00000000	   1	[      7]
70    	0     	      6	  NegLargeBright	    136.7188	   2203.12	    0.0	    00000000     00000000	   1	[      3]
71    	0     	      6	  NegLargeBright	    139.1523	   2433.59	    0.0	    00000000     00000000	   1	[      3]
72    	0     	      6	  NegLargeBright	    141.5664	   2414.06	    0.0	    00000000     00000000	   1	[      3]
73    	0     	      4	    NegLargeDark	    143.7227	   2156.25	    0.0	    00000000     00000000	   1	[      1]
74    	0     	      8	   NeutLargeDark	    145.8047	   2082.03	    0.0	    00000000     00000000	   1	[      5]
75    	0     	      4	    NegLargeDark	    148.2891	   2484.38	    0.0	    00000000     00000000	   1	[      1]
76    	0     	     10	 NeutLargeBright	    150.5859	   2296.88	    0.0	    00000000     00000000	   1	[      7]
77    	0     	      8	   NeutLargeDark	    152.6289	   2042.97	    0.0	    00000000     00000000	   1	[      5]
78    	0     	      9	   NeutSmallDark	    154.8398	   2210.94	    0.0	    00000000     00000000	   1	[      6]
79    	0     	      8	   NeutLargeDark	    157.1445	   2304.69	    0.0	    00000000     00000000	   1	[      5]
80    	0     	      7	  NegSmallBright	    159.3984	   2253.91	    0.0	    00000000     00000000	   1	[      4]
81    	0     	    253	              ""	    161.4531	   2054.69	    0.0	    00000000     00000000	   1	[       ]
82    	0     	      6	  NegLargeBright	    162.4688	   1015.62	    0.0	    00000000     00000000	   1	[      3]
83    	0     	      5	    NegSmallDark	    164.9219	   2453.12	    0.0	    00000000     00000000	   1	[      2]
84    	0     	      7	  NegSmallBright	    167.2773	   2355.47	    0.0	    00000000     00000000	   1	[      4]
85    	0     	      4	    NegLargeDark	    169.5508	   2273.44	    0.0	    00000000     00000000	   1	[      1]
86    	0     	     10	 NeutLargeBright	    171.9961	   2445.31	    0.0	    00000000     00000000	   1	[      7]
87    	0     	      7	  NegSmallBright	    174.1094	   2113.28	    0.0	    00000000     00000000	   1	[      4]
88    	0     	      9	   NeutSmallDark	    176.5430	   2433.59	    0.0	    00000000     00000000	   1	[      6]
89    	0     	     13	     condition13	    178.7578	   2214.84	    0.0	    00000000     00000000	   1	[       ]
90    	0     	      2	      condition2	    179.3203	    562.50	    0.0	    00000000     00000000	   1	[       ]
91    	0     	     14	     condition14	    181.1914	   1871.09	    0.0	    00000000     00000000	   1	[       ]
92    	0     	      2	      condition2	    182.1523	    960.94	    0.0	    00000000     00000000	   1	[       ]
93    	0     	      7	  NegSmallBright	    183.5078	   1355.47	    0.0	    00000000     00000000	   1	[      4]
94    	0     	     11	 NeutSmallBright	    185.6094	   2101.56	    0.0	    00000000     00000000	   1	[      8]
95    	0     	      7	  NegSmallBright	    187.8945	   2285.16	    0.0	    00000000     00000000	   1	[      4]
96    	0     	     11	 NeutSmallBright	    190.0078	   2113.28	    0.0	    00000000     00000000	   1	[      8]
97    	0     	      9	   NeutSmallDark	    192.0508	   2042.97	    0.0	    00000000     00000000	   1	[      6]
98    	0     	      8	   NeutLargeDark	    194.5469	   2496.09	    0.0	    00000000     00000000	   1	[      5]
99    	0     	     11	 NeutSmallBright	    196.7578	   2210.94	    0.0	    00000000     00000000	   1	[      8]
100   	0     	     10	 NeutLargeBright	    199.0820	   2324.22	    0.0	    00000000     00000000	   1	[      7]
101   	0     	      7	  NegSmallBright	    201.3789	   2296.88	    0.0	    00000000     00000000	   1	[      4]
102   	0     	      4	    NegLargeDark	    203.7109	   2332.03	    0.0	    00000000     00000000	   1	[      1]
103   	0     	      5	    NegSmallDark	    205.8750	   2164.06	    0.0	    00000000     00000000	   1	[      2]
104   	0     	     11	 NeutSmallBright	    207.9688	   2093.75	    0.0	    00000000     00000000	   1	[      8]
105   	0     	     11	 NeutSmallBright	    210.2227	   2253.91	    0.0	    00000000     00000000	   1	[      8]
106   	0     	      5	    NegSmallDark	    212.6172	   2394.53	    0.0	    00000000     00000000	   1	[      2]
107   	0     	     10	 NeutLargeBright	    214.9531	   2335.94	    0.0	    00000000     00000000	   1	[      7]
108   	0     	      6	  NegLargeBright	    217.3438	   2390.62	    0.0	    00000000     00000000	   1	[      3]
109   	0     	      5	    NegSmallDark	    219.8516	   2507.81	    0.0	    00000000     00000000	   1	[      2]
110   	0     	     10	 NeutLargeBright	    222.1836	   2332.03	    0.0	    00000000     00000000	   1	[      7]
111   	0     	      9	   NeutSmallDark	    224.5586	   2375.00	    0.0	    00000000     00000000	   1	[      6]
112   	0     	      6	  NegLargeBright	    226.8008	   2242.19	    0.0	    00000000     00000000	   1	[      3]
113   	0     	      4	    NegLargeDark	    229.1250	   2324.22	    0.0	    00000000     00000000	   1	[      1]
114   	0     	     11	 NeutSmallBright	    231.6016	   2476.56	    0.0	    00000000     00000000	   1	[      8]
115   	0     	     11	 NeutSmallBright	    233.7227	   2121.09	    0.0	    00000000     00000000	   1	[      8]
116   	0     	      7	  NegSmallBright	    236.1289	   2406.25	    0.0	    00000000     00000000	   1	[      4]
117   	0     	     11	 NeutSmallBright	    238.3125	   2183.59	    0.0	    00000000     00000000	   1	[      8]
118   	0     	     13	     condition13	    240.8281	   2515.62	    0.0	    00000000     00000000	   1	[       ]
119   	0     	      2	      condition2	    241.2773	    449.22	    0.0	    00000000     00000000	   1	[       ]
120   	0     	     15	     condition15	    243.1797	   1902.34	    0.0	    00000000     00000000	   1	[       ]
121   	0     	      2	      condition2	    243.8945	    714.84	    0.0	    00000000     00000000	   1	[       ]
122   	0     	     11	 NeutSmallBright	    245.4141	   1519.53	    0.0	    00000000     00000000	   1	[      8]
123   	0     	     10	 NeutLargeBright	    247.7891	   2375.00	    0.0	    00000000     00000000	   1	[      7]
124   	0     	      4	    NegLargeDark	    250.2539	   2464.84	    0.0	    00000000     00000000	   1	[      1]
125   	0     	      5	    NegSmallDark	    252.4062	   2152.34	    0.0	    00000000     00000000	   1	[      2]
126   	0     	     11	 NeutSmallBright	    254.5195	   2113.28	    0.0	    00000000     00000000	   1	[      8]
127   	0     	      7	  NegSmallBright	    256.9141	   2394.53	    0.0	    00000000     00000000	   1	[      4]
128   	0     	     12	     condition12	    259.3086	   2394.53	    0.0	    00000000     00000000	   1	[       ]
129   	0     	      2	      condition2	    259.8438	    535.16	    0.0	    00000000     00000000	   1	[       ]
130   	0     	     11	 NeutSmallBright	    261.6250	   1781.25	    0.0	    00000000     00000000	   1	[      8]
131   	0     	     10	 NeutLargeBright	    263.6953	   2070.31	    0.0	    00000000     00000000	   1	[      7]
132   	0     	      9	   NeutSmallDark	    265.8789	   2183.59	    0.0	    00000000     00000000	   1	[      6]
133   	0     	     10	 NeutLargeBright	    268.2969	   2417.97	    0.0	    00000000     00000000	   1	[      7]
134   	0     	     14	     condition14	    270.6680	   2371.09	    0.0	    00000000     00000000	   1	[       ]
135   	0     	      2	      condition2	    271.1445	    476.56	    0.0	    00000000     00000000	   1	[       ]
136   	0     	      5	    NegSmallDark	    272.7812	   1636.72	    0.0	    00000000     00000000	   1	[      2]
137   	0     	      8	   NeutLargeDark	    275.2070	   2425.78	    0.0	    00000000     00000000	   1	[      5]
138   	0     	      8	   NeutLargeDark	    277.6406	   2433.59	    0.0	    00000000     00000000	   1	[      5]
139   	0     	     11	 NeutSmallBright	    279.9258	   2285.16	    0.0	    00000000     00000000	   1	[      8]
140   	0     	     14	     condition14	    282.3789	   2453.12	    0.0	    00000000     00000000	   1	[       ]
141   	0     	      2	      condition2	    282.9180	    539.06	    0.0	    00000000     00000000	   1	[       ]
142   	0     	      4	    NegLargeDark	    284.6836	   1765.62	    0.0	    00000000     00000000	   1	[      1]
143   	0     	     10	 NeutLargeBright	    287.0781	   2394.53	    0.0	    00000000     00000000	   1	[      7]
144   	0     	     15	     condition15	    289.5625	   2484.38	    0.0	    00000000     00000000	   1	[       ]
145   	0     	      2	      condition2	    290.2305	    667.97	    0.0	    00000000     00000000	   1	[       ]
146   	0     	      4	    NegLargeDark	    291.9883	   1757.81	    0.0	    00000000     00000000	   1	[      1]
147   	0     	      8	   NeutLargeDark	    294.3320	   2343.75	    0.0	    00000000     00000000	   1	[      5]
148   	0     	      9	   NeutSmallDark	    296.4844	   2152.34	    0.0	    00000000     00000000	   1	[      6]
149   	0     	      4	    NegLargeDark	    298.9375	   2453.12	    0.0	    00000000     00000000	   1	[      1]
150   	0     	      5	    NegSmallDark	    301.1523	   2214.84	    0.0	    00000000     00000000	   1	[      2]
151   	0     	      4	    NegLargeDark	    303.5352	   2382.81	    0.0	    00000000     00000000	   1	[      1]
152   	0     	      4	    NegLargeDark	    305.6602	   2125.00	    0.0	    00000000     00000000	   1	[      1]
153   	0     	      7	  NegSmallBright	    307.9844	   2324.22	    0.0	    00000000     00000000	   1	[      4]
154   	0     	     10	 NeutLargeBright	    310.1797	   2195.31	    0.0	    00000000     00000000	   1	[      7]
155   	0     	      6	  NegLargeBright	    312.5625	   2382.81	    0.0	    00000000     00000000	   1	[      3]
156   	0     	      8	   NeutLargeDark	    314.6758	   2113.28	    0.0	    00000000     00000000	   1	[      5]
157   	0     	      8	   NeutLargeDark	    316.9922	   2316.41	    0.0	    00000000     00000000	   1	[      5]
158   	0     	      4	    NegLargeDark	    319.4258	   2433.59	    0.0	    00000000     00000000	   1	[      1]
159   	0     	     15	     condition15	    321.8086	   2382.81	    0.0	    00000000     00000000	   1	[       ]
160   	0     	      2	      condition2	    322.4648	    656.25	    0.0	    00000000     00000000	   1	[       ]
161   	0     	     12	     condition12	    324.4453	   1980.47	    0.0	    00000000     00000000	   1	[       ]
162   	0     	      2	      condition2	    325.0273	    582.03	    0.0	    00000000     00000000	   1	[       ]
163   	0     	     12	     condition12	    326.9375	   1910.16	    0.0	    00000000     00000000	   1	[       ]
164   	0     	      2	      condition2	    327.4258	    488.28	    0.0	    00000000     00000000	   1	[       ]
165   	0     	     10	 NeutLargeBright	    329.0312	   1605.47	    0.0	    00000000     00000000	   1	[      7]
166   	0     	      7	  NegSmallBright	    331.3281	   2296.88	    0.0	    00000000     00000000	   1	[      4]
167   	0     	      5	    NegSmallDark	    333.6914	   2363.28	    0.0	    00000000     00000000	   1	[      2]
168   	0     	     12	     condition12	    335.7422	   2050.78	    0.0	    00000000     00000000	   1	[       ]
169   	0     	      2	      condition2	    336.2812	    539.06	    0.0	    00000000     00000000	   1	[       ]
170   	0     	      6	  NegLargeBright	    337.7969	   1515.62	    0.0	    00000000     00000000	   1	[      3]
171   	0     	      5	    NegSmallDark	    340.3008	   2503.91	    0.0	    00000000     00000000	   1	[      2]
172   	0     	      8	   NeutLargeDark	    342.6953	   2394.53	    0.0	    00000000     00000000	   1	[      5]
173   	0     	      9	   NeutSmallDark	    345.1016	   2406.25	    0.0	    00000000     00000000	   1	[      6]
174   	0     	      7	  NegSmallBright	    347.5039	   2402.34	    0.0	    00000000     00000000	   1	[      4]
175   	0     	      9	   NeutSmallDark	    349.5703	   2066.41	    0.0	    00000000     00000000	   1	[      6]
176   	0     	      9	   NeutSmallDark	    351.8242	   2253.91	    0.0	    00000000     00000000	   1	[      6]
177   	0     	      4	    NegLargeDark	    354.2148	   2390.62	    0.0	    00000000     00000000	   1	[      1]
178   	0     	      2	      condition2	    354.6289	    414.06	    0.0	    00000000     00000000	   1	[       ]
179   	0     	     11	 NeutSmallBright	    356.2891	   1660.16	    0.0	    00000000     00000000	   1	[      8]
180   	0     	      5	    NegSmallDark	    358.5742	   2285.16	    0.0	    00000000     00000000	   1	[      2]
181   	0     	      5	    NegSmallDark	    360.9766	   2402.34	    0.0	    00000000     00000000	   1	[      2]
182   	0     	      9	   NeutSmallDark	    363.1133	   2136.72	    0.0	    00000000     00000000	   1	[      6]
183   	0     	      6	  NegLargeBright	    365.4453	   2332.03	    0.0	    00000000     00000000	   1	[      3]
184   	0     	      5	    NegSmallDark	    367.9609	   2515.62	    0.0	    00000000     00000000	   1	[      2]
185   	0     	      8	   NeutLargeDark	    370.0234	   2062.50	    0.0	    00000000     00000000	   1	[      5]
186   	0     	      4	    NegLargeDark	    372.2773	   2253.91	    0.0	    00000000     00000000	   1	[      1]
187   	0     	      7	  NegSmallBright	    374.6719	   2394.53	    0.0	    00000000     00000000	   1	[      4]
188   	0     	      7	  NegSmallBright	    377.0156	   2343.75	    0.0	    00000000     00000000	   1	[      4]
189   	0     	     13	     condition13	    379.4219	   2406.25	    0.0	    00000000     00000000	   1	[       ]
190   	0     	      2	      condition2	    379.8672	    445.31	    0.0	    00000000     00000000	   1	[       ]
191   	0     	     13	     condition13	    381.6758	   1808.59	    0.0	    00000000     00000000	   1	[       ]
192   	0     	      2	      condition2	    382.2422	    566.41	    0.0	    00000000     00000000	   1	[       ]
193   	0     	      5	    NegSmallDark	    384.1172	   1875.00	    0.0	    00000000     00000000	   1	[      2]
194   	0     	      7	  NegSmallBright	    386.4336	   2316.41	    0.0	    00000000     00000000	   1	[      4]
195   	0     	      7	  NegSmallBright	    388.7656	   2332.03	    0.0	    00000000     00000000	   1	[      4]
196   	0     	      4	    NegLargeDark	    391.2734	   2507.81	    0.0	    00000000     00000000	   1	[      1]
197   	0     	      6	  NegLargeBright	    393.6445	   2371.09	    0.0	    00000000     00000000	   1	[      3]
198   	0     	      5	    NegSmallDark	    396.0195	   2375.00	    0.0	    00000000     00000000	   1	[      2]
199   	0     	      8	   NeutLargeDark	    398.2031	   2183.59	    0.0	    00000000     00000000	   1	[      5]
200   	0     	      7	  NegSmallBright	    400.6289	   2425.78	    0.0	    00000000     00000000	   1	[      4]
201   	0     	      6	  NegLargeBright	    402.7812	   2152.34	    0.0	    00000000     00000000	   1	[      3]
202   	0     	     13	     condition13	    405.0664	   2285.16	    0.0	    00000000     00000000	   1	[       ]
203   	0     	      2	      condition2	    405.6953	    628.91	    0.0	    00000000     00000000	   1	[       ]
204   	0     	     11	 NeutSmallBright	    407.1680	   1472.66	    0.0	    00000000     00000000	   1	[      8]
205   	0     	     15	     condition15	    409.2148	   2046.88	    0.0	    00000000     00000000	   1	[       ]
206   	0     	      2	      condition2	    409.9883	    773.44	    0.0	    00000000     00000000	   1	[       ]
207   	0     	     14	     condition14	    411.2969	   1308.59	    0.0	    00000000     00000000	   1	[       ]
208   	0     	      2	      condition2	    411.9180	    621.09	    0.0	    00000000     00000000	   1	[       ]
209   	0     	      4	    NegLargeDark	    413.4219	   1503.91	    0.0	    00000000     00000000	   1	[      1]
210   	0     	      7	  NegSmallBright	    415.4727	   2050.78	    0.0	    00000000     00000000	   1	[      4]
211   	0     	      9	   NeutSmallDark	    417.8203	   2347.66	    0.0	    00000000     00000000	   1	[      6]
212   	0     	      7	  NegSmallBright	    420.3320	   2511.72	    0.0	    00000000     00000000	   1	[      4]
213   	0     	      6	  NegLargeBright	    422.4453	   2113.28	    0.0	    00000000     00000000	   1	[      3]
214   	0     	      5	    NegSmallDark	    424.9609	   2515.62	    0.0	    00000000     00000000	   1	[      2]
215   	0     	      9	   NeutSmallDark	    427.0742	   2113.28	    0.0	    00000000     00000000	   1	[      6]
216   	0     	      6	  NegLargeBright	    429.3672	   2292.97	    0.0	    00000000     00000000	   1	[      3]
217   	0     	      6	  NegLargeBright	    431.5234	   2156.25	    0.0	    00000000     00000000	   1	[      3]
218   	0     	      5	    NegSmallDark	    433.8047	   2281.25	    0.0	    00000000     00000000	   1	[      2]
219   	0     	     10	 NeutLargeBright	    436.0117	   2207.03	    0.0	    00000000     00000000	   1	[      7]
220   	0     	      8	   NeutLargeDark	    438.3945	   2382.81	    0.0	    00000000     00000000	   1	[      5]
221   	0     	     10	 NeutLargeBright	    440.8398	   2445.31	    0.0	    00000000     00000000	   1	[      7]
222   	0     	     11	 NeutSmallBright	    443.3516	   2511.72	    0.0	    00000000     00000000	   1	[      8]
223   	0     	      8	   NeutLargeDark	    445.8867	   2535.16	    0.0	    00000000     00000000	   1	[      5]
224   	0     	      8	   NeutLargeDark	    448.1602	   2273.44	    0.0	    00000000     00000000	   1	[      5]
225   	0     	      5	    NegSmallDark	    450.3867	   2226.56	    0.0	    00000000     00000000	   1	[      2]
226   	0     	      6	  NegLargeBright	    452.5391	   2152.34	    0.0	    00000000     00000000	   1	[      3]
227   	0     	      6	  NegLargeBright	    454.8438	   2304.69	    0.0	    00000000     00000000	   1	[      3]
228   	0     	     12	     condition12	    457.1562	   2312.50	    0.0	    00000000     00000000	   1	[       ]
229   	0     	      2	      condition2	    457.7266	    570.31	    0.0	    00000000     00000000	   1	[       ]
230   	0     	      6	  NegLargeBright	    459.2812	   1554.69	    0.0	    00000000     00000000	   1	[      3]
231   	0     	      9	   NeutSmallDark	    461.5469	   2265.62	    0.0	    00000000     00000000	   1	[      6]
232   	0     	      6	  NegLargeBright	    463.8906	   2343.75	    0.0	    00000000     00000000	   1	[      3]
233   	0     	     14	     condition14	    466.4141	   2523.44	    0.0	    00000000     00000000	   1	[       ]
234   	0     	      2	      condition2	    467.2930	    878.91	    0.0	    00000000     00000000	   1	[       ]
235   	0     	      6	  NegLargeBright	    468.8477	   1554.69	    0.0	    00000000     00000000	   1	[      3]
236   	0     	      6	  NegLargeBright	    471.1133	   2265.62	    0.0	    00000000     00000000	   1	[      3]
237   	0     	     12	     condition12	    473.2852	   2171.88	    0.0	    00000000     00000000	   1	[       ]
238   	0     	      2	      condition2	    473.7305	    445.31	    0.0	    00000000     00000000	   1	[       ]
239   	0     	      4	    NegLargeDark	    475.5000	   1769.53	    0.0	    00000000     00000000	   1	[      1]
240   	0     	     11	 NeutSmallBright	    477.5234	   2023.44	    0.0	    00000000     00000000	   1	[      8]
241   	0     	     10	 NeutLargeBright	    479.8086	   2285.16	    0.0	    00000000     00000000	   1	[      7]
242   	0     	      7	  NegSmallBright	    482.3320	   2523.44	    0.0	    00000000     00000000	   1	[      4]
243   	0     	      4	    NegLargeDark	    485.3945	   3062.50	    0.0	    00000000     00000000	   1	[      1]
244   	0     	     10	 NeutLargeBright	    487.8906	   2496.09	    0.0	    00000000     00000000	   1	[      7]
245   	0     	      6	  NegLargeBright	    490.4141	   2523.44	    0.0	    00000000     00000000	   1	[      3]
246   	0     	      4	    NegLargeDark	    492.7188	   2304.69	    0.0	    00000000     00000000	   1	[      1]
247   	0     	     10	 NeutLargeBright	    495.0547	   2335.94	    0.0	    00000000     00000000	   1	[      7]
248   	0     	      4	    NegLargeDark	    497.3281	   2273.44	    0.0	    00000000     00000000	   1	[      1]
249   	0     	      8	   NeutLargeDark	    499.5391	   2210.94	    0.0	    00000000     00000000	   1	[      5]
250   	0     	     14	     condition14	    501.8438	   2304.69	    0.0	    00000000     00000000	   1	[       ]
251   	0     	      2	      condition2	    502.4141	    570.31	    0.0	    00000000     00000000	   1	[       ]
252   	0     	      9	   NeutSmallDark	    504.0469	   1632.81	    0.0	    00000000     00000000	   1	[      6]
253   	0     	      4	    NegLargeDark	    506.4414	   2394.53	    0.0	    00000000     00000000	   1	[      1]
254   	0     	      5	    NegSmallDark	    508.5977	   2156.25	    0.0	    00000000     00000000	   1	[      2]
255   	0     	      6	  NegLargeBright	    511.0820	   2484.38	    0.0	    00000000     00000000	   1	[      3]
256   	0     	     12	     condition12	    513.6172	   2535.16	    0.0	    00000000     00000000	   1	[       ]
257   	0     	      2	      condition2	    514.1641	    546.88	    0.0	    00000000     00000000	   1	[       ]
258   	0     	      9	   NeutSmallDark	    515.6797	   1515.62	    0.0	    00000000     00000000	   1	[      6]
259   	0     	      4	    NegLargeDark	    518.1953	   2515.62	    0.0	    00000000     00000000	   1	[      1]
260   	0     	      9	   NeutSmallDark	    520.3164	   2121.09	    0.0	    00000000     00000000	   1	[      6]
261   	0     	      7	  NegSmallBright	    522.7422	   2425.78	    0.0	    00000000     00000000	   1	[      4]
262   	0     	      6	  NegLargeBright	    525.1250	   2382.81	    0.0	    00000000     00000000	   1	[      3]
263   	0     	      6	  NegLargeBright	    527.5508	   2425.78	    0.0	    00000000     00000000	   1	[      3]
264   	0     	     10	 NeutLargeBright	    529.8945	   2343.75	    0.0	    00000000     00000000	   1	[      7]
265   	0     	     12	     condition12	    532.0664	   2171.88	    0.0	    00000000     00000000	   1	[       ]
266   	0     	      2	      condition2	    532.6328	    566.41	    0.0	    00000000     00000000	   1	[       ]
267   	0     	      5	    NegSmallDark	    534.2617	   1628.91	    0.0	    00000000     00000000	   1	[      2]
268   	0     	      9	   NeutSmallDark	    536.7656	   2503.91	    0.0	    00000000     00000000	   1	[      6]
269   	0     	      9	   NeutSmallDark	    538.9688	   2203.12	    0.0	    00000000     00000000	   1	[      6]
270   	0     	      4	    NegLargeDark	    541.4453	   2476.56	    0.0	    00000000     00000000	   1	[      1]
271   	0     	     11	 NeutSmallBright	    543.6367	   2191.41	    0.0	    00000000     00000000	   1	[      8]
272   	0     	     15	     condition15	    546.0820	   2445.31	    0.0	    00000000     00000000	   1	[       ]
273   	0     	      2	      condition2	    546.7344	    652.34	    0.0	    00000000     00000000	   1	[       ]
274   	0     	      7	  NegSmallBright	    548.2461	   1511.72	    0.0	    00000000     00000000	   1	[      4]
275   	0     	      9	   NeutSmallDark	    550.6992	   2453.12	    0.0	    00000000     00000000	   1	[      6]
276   	0     	      8	   NeutLargeDark	    553.0156	   2316.41	    0.0	    00000000     00000000	   1	[      5]
277   	0     	     10	 NeutLargeBright	    555.4375	   2421.88	    0.0	    00000000     00000000	   1	[      7]
278   	0     	      6	  NegLargeBright	    557.5742	   2136.72	    0.0	    00000000     00000000	   1	[      3]
279   	0     	      9	   NeutSmallDark	    559.7070	   2132.81	    0.0	    00000000     00000000	   1	[      6]
280   	0     	     10	 NeutLargeBright	    561.8086	   2101.56	    0.0	    00000000     00000000	   1	[      7]
281   	0     	      4	    NegLargeDark	    564.0938	   2285.16	    0.0	    00000000     00000000	   1	[      1]
282   	0     	      8	   NeutLargeDark	    566.3789	   2285.16	    0.0	    00000000     00000000	   1	[      5]
283   	0     	      9	   NeutSmallDark	    568.8516	   2472.66	    0.0	    00000000     00000000	   1	[      6]
284   	0     	      5	    NegSmallDark	    571.3672	   2515.62	    0.0	    00000000     00000000	   1	[      2]
285   	0     	     10	 NeutLargeBright	    573.5195	   2152.34	    0.0	    00000000     00000000	   1	[      7]
286   	0     	      6	  NegLargeBright	    575.7461	   2226.56	    0.0	    00000000     00000000	   1	[      3]
287   	0     	      6	  NegLargeBright	    577.9297	   2183.59	    0.0	    00000000     00000000	   1	[      3]
288   	0     	      9	   NeutSmallDark	    580.0742	   2144.53	    0.0	    00000000     00000000	   1	[      6]
289   	0     	      6	  NegLargeBright	    582.1758	   2101.56	    0.0	    00000000     00000000	   1	[      3]
290   	0     	      7	  NegSmallBright	    584.5391	   2363.28	    0.0	    00000000     00000000	   1	[      4]
291   	0     	      5	    NegSmallDark	    586.9961	   2457.03	    0.0	    00000000     00000000	   1	[      2]
292   	0     	      5	    NegSmallDark	    589.2266	   2230.47	    0.0	    00000000     00000000	   1	[      2]
293   	0     	     13	     condition13	    591.7344	   2507.81	    0.0	    00000000     00000000	   1	[       ]
294   	0     	      2	      condition2	    592.3828	    648.44	    0.0	    00000000     00000000	   1	[       ]
295   	0     	      5	    NegSmallDark	    593.8281	   1445.31	    0.0	    00000000     00000000	   1	[      2]
296   	0     	      7	  NegSmallBright	    596.1289	   2300.78	    0.0	    00000000     00000000	   1	[      4]
297   	0     	     11	 NeutSmallBright	    598.6445	   2515.62	    0.0	    00000000     00000000	   1	[      8]
298   	0     	     15	     condition15	    600.7891	   2144.53	    0.0	    00000000     00000000	   1	[       ]
299   	0     	      2	      condition2	    601.4531	    664.06	    0.0	    00000000     00000000	   1	[       ]
300   	0     	      7	  NegSmallBright	    603.1914	   1738.28	    0.0	    00000000     00000000	   1	[      4]
301   	0     	      8	   NeutLargeDark	    605.3672	   2175.78	    0.0	    00000000     00000000	   1	[      5]
302   	0     	      8	   NeutLargeDark	    607.5820	   2214.84	    0.0	    00000000     00000000	   1	[      5]
303   	0     	     11	 NeutSmallBright	    609.6953	   2113.28	    0.0	    00000000     00000000	   1	[      8]
304   	0     	      6	  NegLargeBright	    612.1289	   2433.59	    0.0	    00000000     00000000	   1	[      3]
305   	0     	     10	 NeutLargeBright	    614.4141	   2285.16	    0.0	    00000000     00000000	   1	[      7]
306   	0     	      7	  NegSmallBright	    616.5273	   2113.28	    0.0	    00000000     00000000	   1	[      4]
307   	0     	      9	   NeutSmallDark	    618.9805	   2453.12	    0.0	    00000000     00000000	   1	[      6]
308   	0     	     11	 NeutSmallBright	    621.1133	   2132.81	    0.0	    00000000     00000000	   1	[      8]
309   	0     	      8	   NeutLargeDark	    623.3789	   2265.62	    0.0	    00000000     00000000	   1	[      5]
310   	0     	     15	     condition15	    625.8516	   2472.66	    0.0	    00000000     00000000	   1	[       ]
311   	0     	      2	      condition2	    626.5195	    667.97	    0.0	    00000000     00000000	   1	[       ]
312   	0     	     14	     condition14	    627.9453	   1425.78	    0.0	    00000000     00000000	   1	[       ]
313   	0     	      2	      condition2	    628.4648	    519.53	    0.0	    00000000     00000000	   1	[       ]
314   	0     	      8	   NeutLargeDark	    630.1992	   1734.38	    0.0	    00000000     00000000	   1	[      5]
315   	0     	     10	 NeutLargeBright	    632.3359	   2136.72	    0.0	    00000000     00000000	   1	[      7]
316   	0     	      8	   NeutLargeDark	    634.8398	   2503.91	    0.0	    00000000     00000000	   1	[      5]
317   	0     	     13	     condition13	    637.0039	   2164.06	    0.0	    00000000     00000000	   1	[       ]
318   	0     	      2	      condition2	    637.5117	    507.81	    0.0	    00000000     00000000	   1	[       ]
319   	0     	      7	  NegSmallBright	    639.2773	   1765.62	    0.0	    00000000     00000000	   1	[      4]
320   	0     	      6	  NegLargeBright	    641.6992	   2421.88	    0.0	    00000000     00000000	   1	[      3]
321   	0     	      4	    NegLargeDark	    643.8242	   2125.00	    0.0	    00000000     00000000	   1	[      1]
322   	0     	    253	              ""	    646.1875	   2363.28	    0.0	    00000000     00000000	   1	[       ]
323   	0     	      4	    NegLargeDark	    647.1875	   1000.00	    0.0	    00000000     00000000	   1	[      1]
324   	0     	     11	 NeutSmallBright	    649.3203	   2132.81	    0.0	    00000000     00000000	   1	[      8]
325   	0     	      8	   NeutLargeDark	    651.5156	   2195.31	    0.0	    00000000     00000000	   1	[      5]
326   	0     	     10	 NeutLargeBright	    653.7188	   2203.12	    0.0	    00000000     00000000	   1	[      7]
327   	0     	     11	 NeutSmallBright	    655.9219	   2203.12	    0.0	    00000000     00000000	   1	[      8]
328   	0     	      5	    NegSmallDark	    658.3789	   2457.03	    0.0	    00000000     00000000	   1	[      2]
329   	0     	      7	  NegSmallBright	    660.4102	   2031.25	    0.0	    00000000     00000000	   1	[      4]
330   	0     	      5	    NegSmallDark	    662.5547	   2144.53	    0.0	    00000000     00000000	   1	[      2]
331   	0     	     11	 NeutSmallBright	    664.6172	   2062.50	    0.0	    00000000     00000000	   1	[      8]
332   	0     	      9	   NeutSmallDark	    666.9414	   2324.22	    0.0	    00000000     00000000	   1	[      6]
333   	0     	      7	  NegSmallBright	    669.0664	   2125.00	    0.0	    00000000     00000000	   1	[      4]
334   	0     	      5	    NegSmallDark	    671.5703	   2503.91	    0.0	    00000000     00000000	   1	[      2]
335   	0     	      8	   NeutLargeDark	    674.0469	   2476.56	    0.0	    00000000     00000000	   1	[      5]
336   	0     	      7	  NegSmallBright	    676.4180	   2371.09	    0.0	    00000000     00000000	   1	[      4]
337   	0     	      5	    NegSmallDark	    678.9336	   2515.62	    0.0	    00000000     00000000	   1	[      2]
338   	0     	     10	 NeutLargeBright	    681.0469	   2113.28	    0.0	    00000000     00000000	   1	[      7]
339   	0     	      9	   NeutSmallDark	    683.3203	   2273.44	    0.0	    00000000     00000000	   1	[      6]
340   	0     	      8	   NeutLargeDark	    685.8555	   2535.16	    0.0	    00000000     00000000	   1	[      5]
341   	0     	      8	   NeutLargeDark	    688.3789	   2523.44	    0.0	    00000000     00000000	   1	[      5]
342   	0     	     10	 NeutLargeBright	    690.5352	   2156.25	    0.0	    00000000     00000000	   1	[      7]
343   	0     	      9	   NeutSmallDark	    692.6992	   2164.06	    0.0	    00000000     00000000	   1	[      6]
344   	0     	      7	  NegSmallBright	    695.0117	   2312.50	    0.0	    00000000     00000000	   1	[      4]
345   	0     	      8	   NeutLargeDark	    697.2656	   2253.91	    0.0	    00000000     00000000	   1	[      5]
346   	0     	      7	  NegSmallBright	    699.6914	   2425.78	    0.0	    00000000     00000000	   1	[      4]
347   	0     	     14	     condition14	    701.7734	   2082.03	    0.0	    00000000     00000000	   1	[       ]
348   	0     	      2	      condition2	    702.4062	    632.81	    0.0	    00000000     00000000	   1	[       ]
349   	0     	     10	 NeutLargeBright	    704.2383	   1832.03	    0.0	    00000000     00000000	   1	[      7]
350   	0     	      8	   NeutLargeDark	    706.6211	   2382.81	    0.0	    00000000     00000000	   1	[      5]
351   	0     	      7	  NegSmallBright	    708.9766	   2355.47	    0.0	    00000000     00000000	   1	[      4]
352   	0     	     15	     condition15	    711.0898	   2113.28	    0.0	    00000000     00000000	   1	[       ]
353   	0     	      2	      condition2	    711.7070	    617.19	    0.0	    00000000     00000000	   1	[       ]
354   	0     	      6	  NegLargeBright	    713.4961	   1789.06	    0.0	    00000000     00000000	   1	[      3]
355   	0     	      9	   NeutSmallDark	    715.5391	   2042.97	    0.0	    00000000     00000000	   1	[      6]
356   	0     	     12	     condition12	    718.0312	   2492.19	    0.0	    00000000     00000000	   1	[       ]
357   	0     	      2	      condition2	    718.4766	    445.31	    0.0	    00000000     00000000	   1	[       ]
358   	0     	      6	  NegLargeBright	    720.1484	   1671.88	    0.0	    00000000     00000000	   1	[      3]
359   	0     	      4	    NegLargeDark	    722.4023	   2253.91	    0.0	    00000000     00000000	   1	[      1]
360   	0     	     11	 NeutSmallBright	    724.7539	   2351.56	    0.0	    00000000     00000000	   1	[      8]
361   	0     	     10	 NeutLargeBright	    726.9180	   2164.06	    0.0	    00000000     00000000	   1	[      7]
362   	0     	      6	  NegLargeBright	    729.1523	   2234.38	    0.0	    00000000     00000000	   1	[      3]
363   	0     	     11	 NeutSmallBright	    731.5859	   2433.59	    0.0	    00000000     00000000	   1	[      8]
364   	0     	      6	  NegLargeBright	    734.0000	   2414.06	    0.0	    00000000     00000000	   1	[      3]
365   	0     	      9	   NeutSmallDark	    736.3359	   2335.94	    0.0	    00000000     00000000	   1	[      6]
366   	0     	     11	 NeutSmallBright	    738.4570	   2121.09	    0.0	    00000000     00000000	   1	[      8]
367   	0     	     11	 NeutSmallBright	    740.9414	   2484.38	    0.0	    00000000     00000000	   1	[      8]
368   	0     	      4	    NegLargeDark	    743.1875	   2246.09	    0.0	    00000000     00000000	   1	[      1]
369   	0     	     14	     condition14	    745.2891	   2101.56	    0.0	    00000000     00000000	   1	[       ]
370   	0     	      2	      condition2	    745.8711	    582.03	    0.0	    00000000     00000000	   1	[       ]
371   	0     	      4	    NegLargeDark	    747.5234	   1652.34	    0.0	    00000000     00000000	   1	[      1]
372   	0     	     10	 NeutLargeBright	    749.8984	   2375.00	    0.0	    00000000     00000000	   1	[      7]
373   	0     	      9	   NeutSmallDark	    752.0039	   2105.47	    0.0	    00000000     00000000	   1	[      6]
374   	0     	      7	  NegSmallBright	    754.3164	   2312.50	    0.0	    00000000     00000000	   1	[      4]
375   	0     	      6	  NegLargeBright	    756.8398	   2523.44	    0.0	    00000000     00000000	   1	[      3]
376   	0     	     10	 NeutLargeBright	    759.3047	   2464.84	    0.0	    00000000     00000000	   1	[      7]
377   	0     	      4	    NegLargeDark	    761.4180	   2113.28	    0.0	    00000000     00000000	   1	[      1]
378   	0     	      2	      condition2	    763.4102	   1992.19	    0.0	    00000000     00000000	   1	[       ]
379   	0     	      4	    NegLargeDark	    763.7227	    312.50	    0.0	    00000000     00000000	   1	[      1]
380   	0     	     13	     condition13	    766.0156	   2292.97	    0.0	    00000000     00000000	   1	[       ]
381   	0     	      2	      condition2	    767.0664	   1050.78	    0.0	    00000000     00000000	   1	[       ]
382   	0     	     15	     condition15	    768.4531	   1386.72	    0.0	    00000000     00000000	   1	[       ]
383   	0     	      2	      condition2	    769.1289	    675.78	    0.0	    00000000     00000000	   1	[       ]
384   	0     	     11	 NeutSmallBright	    770.9062	   1777.34	    0.0	    00000000     00000000	   1	[      8]
385   	0     	      5	    NegSmallDark	    773.0586	   2152.34	    0.0	    00000000     00000000	   1	[      2]
386   	0     	      9	   NeutSmallDark	    775.3945	   2335.94	    0.0	    00000000     00000000	   1	[      6]
387   	0     	      5	    NegSmallDark	    777.5156	   2121.09	    0.0	    00000000     00000000	   1	[      2]
388   	0     	     12	     condition12	    779.7617	   2246.09	    0.0	    00000000     00000000	   1	[       ]
389   	0     	      2	      condition2	    780.2422	    480.47	    0.0	    00000000     00000000	   1	[       ]
390   	0     	     12	     condition12	    781.9336	   1691.41	    0.0	    00000000     00000000	   1	[       ]
391   	0     	      2	      condition2	    782.4023	    468.75	    0.0	    00000000     00000000	   1	[       ]
392   	0     	      9	   NeutSmallDark	    784.0000	   1597.66	    0.0	    00000000     00000000	   1	[      6]
393   	0     	     11	 NeutSmallBright	    786.2734	   2273.44	    0.0	    00000000     00000000	   1	[      8]
394   	0     	      7	  NegSmallBright	    788.5977	   2324.22	    0.0	    00000000     00000000	   1	[      4]
395   	0     	     10	 NeutLargeBright	    790.8320	   2234.38	    0.0	    00000000     00000000	   1	[      7]
396   	0     	     10	 NeutLargeBright	    793.2734	   2441.41	    0.0	    00000000     00000000	   1	[      7]
397   	0     	      6	  NegLargeBright	    795.4805	   2207.03	    0.0	    00000000     00000000	   1	[      3]
398   	0     	      7	  NegSmallBright	    797.5742	   2093.75	    0.0	    00000000     00000000	   1	[      4]
399   	0     	     15	     condition15	    799.6953	   2121.09	    0.0	    00000000     00000000	   1	[       ]
400   	0     	      2	      condition2	    800.4219	    726.56	    0.0	    00000000     00000000	   1	[       ]
401   	0     	      4	    NegLargeDark	    801.7812	   1359.38	    0.0	    00000000     00000000	   1	[      1]
402   	0     	     12	     condition12	    804.2344	   2453.12	    0.0	    00000000     00000000	   1	[       ]
403   	0     	      2	      condition2	    804.6914	    457.03	    0.0	    00000000     00000000	   1	[       ]
404   	0     	      6	  NegLargeBright	    807.2188	   2527.34	    0.0	    00000000     00000000	   1	[      3]
405   	0     	     10	 NeutLargeBright	    809.5156	   2296.88	    0.0	    00000000     00000000	   1	[      7]
406   	0     	      7	  NegSmallBright	    811.5586	   2042.97	    0.0	    00000000     00000000	   1	[      4]
407   	0     	     10	 NeutLargeBright	    813.9609	   2402.34	    0.0	    00000000     00000000	   1	[      7]
408   	0     	      4	    NegLargeDark	    816.2969	   2335.94	    0.0	    00000000     00000000	   1	[      1]
409   	0     	      8	   NeutLargeDark	    818.5312	   2234.38	    0.0	    00000000     00000000	   1	[      5]
410   	0     	     11	 NeutSmallBright	    820.9141	   2382.81	    0.0	    00000000     00000000	   1	[      8]
411   	0     	      2	      condition2	    821.9375	   1023.44	    0.0	    00000000     00000000	   1	[       ]
412   	0     	     10	 NeutLargeBright	    823.3867	   1449.22	    0.0	    00000000     00000000	   1	[      7]
413   	0     	      4	    NegLargeDark	    825.7812	   2394.53	    0.0	    00000000     00000000	   1	[      1]
414   	0     	      4	    NegLargeDark	    828.0664	   2285.16	    0.0	    00000000     00000000	   1	[      1]
415   	0     	     10	 NeutLargeBright	    830.1602	   2093.75	    0.0	    00000000     00000000	   1	[      7]
416   	0     	     15	     condition15	    832.5547	   2394.53	    0.0	    00000000     00000000	   1	[       ]
417   	0     	      2	      condition2	    833.1367	    582.03	    0.0	    00000000     00000000	   1	[       ]
418   	0     	      4	    NegLargeDark	    834.7266	   1589.84	    0.0	    00000000     00000000	   1	[      1]
419   	0     	     14	     condition14	    837.0430	   2316.41	    0.0	    00000000     00000000	   1	[       ]
420   	0     	      2	      condition2	    837.5977	    554.69	    0.0	    00000000     00000000	   1	[       ]
421   	0     	      9	   NeutSmallDark	    839.4453	   1847.66	    0.0	    00000000     00000000	   1	[      6]
422   	0     	      6	  NegLargeBright	    841.8711	   2425.78	    0.0	    00000000     00000000	   1	[      3]
423   	0     	     10	 NeutLargeBright	    844.3047	   2433.59	    0.0	    00000000     00000000	   1	[      7]
424   	0     	     13	     condition13	    846.6289	   2324.22	    0.0	    00000000     00000000	   1	[       ]
425   	0     	      2	      condition2	    847.1172	    488.28	    0.0	    00000000     00000000	   1	[       ]
426   	0     	      5	    NegSmallDark	    849.0547	   1937.50	    0.0	    00000000     00000000	   1	[      2]
427   	0     	      9	   NeutSmallDark	    851.3867	   2332.03	    0.0	    00000000     00000000	   1	[      6]
428   	0     	     13	     condition13	    853.8125	   2425.78	    0.0	    00000000     00000000	   1	[       ]
429   	0     	      2	      condition2	    854.3164	    503.91	    0.0	    00000000     00000000	   1	[       ]
430   	0     	     14	     condition14	    855.9766	   1660.16	    0.0	    00000000     00000000	   1	[       ]
431   	0     	      2	      condition2	    856.4766	    500.00	    0.0	    00000000     00000000	   1	[       ]
432   	0     	      5	    NegSmallDark	    858.3984	   1921.88	    0.0	    00000000     00000000	   1	[      2]
433   	0     	     14	     condition14	    860.6328	   2234.38	    0.0	    00000000     00000000	   1	[       ]
434   	0     	      2	      condition2	    861.0742	    441.41	    0.0	    00000000     00000000	   1	[       ]
435   	0     	     11	 NeutSmallBright	    863.0391	   1964.84	    0.0	    00000000     00000000	   1	[      8]
436   	0     	      9	   NeutSmallDark	    865.5312	   2492.19	    0.0	    00000000     00000000	   1	[      6]
437   	0     	     11	 NeutSmallBright	    867.6680	   2136.72	    0.0	    00000000     00000000	   1	[      8]
438   	0     	      9	   NeutSmallDark	    870.1797	   2511.72	    0.0	    00000000     00000000	   1	[      6]
439   	0     	     10	 NeutLargeBright	    872.6758	   2496.09	    0.0	    00000000     00000000	   1	[      7]
440   	0     	      4	    NegLargeDark	    874.8672	   2191.41	    0.0	    00000000     00000000	   1	[      1]
441   	0     	     12	     condition12	    877.1641	   2296.88	    0.0	    00000000     00000000	   1	[       ]
442   	0     	      2	      condition2	    877.8164	    652.34	    0.0	    00000000     00000000	   1	[       ]
443   	0     	     14	     condition14	    879.2656	   1449.22	    0.0	    00000000     00000000	   1	[       ]
444   	0     	      2	      condition2	    879.7812	    515.62	    0.0	    00000000     00000000	   1	[       ]
445   	0     	      5	    NegSmallDark	    881.7305	   1949.22	    0.0	    00000000     00000000	   1	[      2]
446   	0     	     10	 NeutLargeBright	    883.8867	   2156.25	    0.0	    00000000     00000000	   1	[      7]
447   	0     	     15	     condition15	    886.1406	   2253.91	    0.0	    00000000     00000000	   1	[       ]
448   	0     	      2	      condition2	    886.7188	    578.12	    0.0	    00000000     00000000	   1	[       ]
449   	0     	      8	   NeutLargeDark	    888.3008	   1582.03	    0.0	    00000000     00000000	   1	[      5]
450   	0     	     11	 NeutSmallBright	    890.5156	   2214.84	    0.0	    00000000     00000000	   1	[      8]
451   	0     	      7	  NegSmallBright	    892.6406	   2125.00	    0.0	    00000000     00000000	   1	[      4]
452   	0     	      6	  NegLargeBright	    894.8438	   2203.12	    0.0	    00000000     00000000	   1	[      3]
453   	0     	      6	  NegLargeBright	    896.9570	   2113.28	    0.0	    00000000     00000000	   1	[      3]
454   	0     	      4	    NegLargeDark	    899.3711	   2414.06	    0.0	    00000000     00000000	   1	[      1]
455   	0     	     11	 NeutSmallBright	    901.4258	   2054.69	    0.0	    00000000     00000000	   1	[      8]
456   	0     	     12	     condition12	    903.6406	   2214.84	    0.0	    00000000     00000000	   1	[       ]
457   	0     	      2	      condition2	    904.2344	    593.75	    0.0	    00000000     00000000	   1	[       ]
458   	0     	      8	   NeutLargeDark	    905.9219	   1687.50	    0.0	    00000000     00000000	   1	[      5]
459   	0     	      5	    NegSmallDark	    908.4180	   2496.09	    0.0	    00000000     00000000	   1	[      2]
460   	0     	      5	    NegSmallDark	    910.5234	   2105.47	    0.0	    00000000     00000000	   1	[      2]
461   	0     	      8	   NeutLargeDark	    912.7148	   2191.41	    0.0	    00000000     00000000	   1	[      5]
462   	0     	      6	  NegLargeBright	    914.9375	   2222.66	    0.0	    00000000     00000000	   1	[      3]
463   	0     	      8	   NeutLargeDark	    917.4453	   2507.81	    0.0	    00000000     00000000	   1	[      5]
464   	0     	      9	   NeutSmallDark	    919.6289	   2183.59	    0.0	    00000000     00000000	   1	[      6]
465   	0     	      4	    NegLargeDark	    921.8516	   2222.66	    0.0	    00000000     00000000	   1	[      1]
466   	0     	     13	     condition13	    924.2461	   2394.53	    0.0	    00000000     00000000	   1	[       ]
467   	0     	      2	      condition2	    924.7656	    519.53	    0.0	    00000000     00000000	   1	[       ]
468   	0     	      7	  NegSmallBright	    926.3398	   1574.22	    0.0	    00000000     00000000	   1	[      4]
469   	0     	     10	 NeutLargeBright	    928.5625	   2222.66	    0.0	    00000000     00000000	   1	[      7]
470   	0     	     11	 NeutSmallBright	    931.0078	   2445.31	    0.0	    00000000     00000000	   1	[      8]
471   	0     	      9	   NeutSmallDark	    933.3633	   2355.47	    0.0	    00000000     00000000	   1	[      6]
472   	0     	      8	   NeutLargeDark	    935.8047	   2441.41	    0.0	    00000000     00000000	   1	[      5]
473   	0     	      6	  NegLargeBright	    937.9609	   2156.25	    0.0	    00000000     00000000	   1	[      3]
474   	0     	      4	    NegLargeDark	    940.3750	   2414.06	    0.0	    00000000     00000000	   1	[      1]
475   	0     	      9	   NeutSmallDark	    942.6875	   2312.50	    0.0	    00000000     00000000	   1	[      6]
476   	0     	      8	   NeutLargeDark	    944.7305	   2042.97	    0.0	    00000000     00000000	   1	[      5]
477   	0     	      7	  NegSmallBright	    947.0469	   2316.41	    0.0	    00000000     00000000	   1	[      4]
478   	0     	      4	    NegLargeDark	    949.4297	   2382.81	    0.0	    00000000     00000000	   1	[      1]
479   	0     	      5	    NegSmallDark	    951.8047	   2375.00	    0.0	    00000000     00000000	   1	[      2]
480   	0     	     13	     condition13	    954.0000	   2195.31	    0.0	    00000000     00000000	   1	[       ]
481   	0     	      2	      condition2	    954.6328	    632.81	    0.0	    00000000     00000000	   1	[       ]
482   	0     	     15	     condition15	    956.5039	   1871.09	    0.0	    00000000     00000000	   1	[       ]
483   	0     	      2	      condition2	    957.0273	    523.44	    0.0	    00000000     00000000	   1	[       ]
484   	0     	      5	    NegSmallDark	    958.9766	   1949.22	    0.0	    00000000     00000000	   1	[      2]
485   	0     	      4	    NegLargeDark	    961.1094	   2132.81	    0.0	    00000000     00000000	   1	[      1]
486   	0     	     13	     condition13	    963.3828	   2273.44	    0.0	    00000000     00000000	   1	[       ]
487   	0     	      2	      condition2	    963.8398	    457.03	    0.0	    00000000     00000000	   1	[       ]
488   	0     	      9	   NeutSmallDark	    965.5273	   1687.50	    0.0	    00000000     00000000	   1	[      6]
489   	0     	     11	 NeutSmallBright	    968.6602	   3132.81	    0.0	    00000000     00000000	   1	[      8]
490   	0     	      8	   NeutLargeDark	    970.9648	   2304.69	    0.0	    00000000     00000000	   1	[      5]
491   	0     	      4	    NegLargeDark	    973.0000	   2035.16	    0.0	    00000000     00000000	   1	[      1]
492   	0     	     12	     condition12	    975.0547	   2054.69	    0.0	    00000000     00000000	   1	[       ]
493   	0     	      2	      condition2	    975.6836	    628.91	    0.0	    00000000     00000000	   1	[       ]
494   	0     	      6	  NegLargeBright	    977.2070	   1523.44	    0.0	    00000000     00000000	   1	[      3]
495   	0     	      7	  NegSmallBright	    979.2617	   2054.69	    0.0	    00000000     00000000	   1	[      4]
496   	0     	      9	   NeutSmallDark	    981.3555	   2093.75	    0.0	    00000000     00000000	   1	[      6]
497   	0     	      5	    NegSmallDark	    983.6484	   2292.97	    0.0	    00000000     00000000	   1	[      2]
498   	0     	      8	   NeutLargeDark	    985.7109	   2062.50	    0.0	    00000000     00000000	   1	[      5]
499   	0     	      5	    NegSmallDark	    987.8672	   2156.25	    0.0	    00000000     00000000	   1	[      2]
500   	0     	      8	   NeutLargeDark	    989.9805	   2113.28	    0.0	    00000000     00000000	   1	[      5]
501   	0     	     10	 NeutLargeBright	    992.1836	   2203.12	    0.0	    00000000     00000000	   1	[      7]
502   	0     	      9	   NeutSmallDark	    994.4766	   2292.97	    0.0	    00000000     00000000	   1	[      6]
503   	0     	     11	 NeutSmallBright	    996.7812	   2304.69	    0.0	    00000000     00000000	   1	[      8]
504   	0     	     10	 NeutLargeBright	    999.1367	   2355.47	    0.0	    00000000     00000000	   1	[      7]
505   	0     	      6	  NegLargeBright	   1001.5508	   2414.06	    0.0	    00000000     00000000	   1	[      3]
506   	0     	      5	    NegSmallDark	   1003.6719	   2121.09	    0.0	    00000000     00000000	   1	[      2]
507   	0     	      5	    NegSmallDark	   1006.1992	   2527.34	    0.0	    00000000     00000000	   1	[      2]
508   	0     	      6	  NegLargeBright	   1008.5117	   2312.50	    0.0	    00000000     00000000	   1	[      3]
509   	0     	      7	  NegSmallBright	   1010.6172	   2105.47	    0.0	    00000000     00000000	   1	[      4]
510   	0     	     10	 NeutLargeBright	   1012.6680	   2050.78	    0.0	    00000000     00000000	   1	[      7]
511   	0     	      5	    NegSmallDark	   1015.0234	   2355.47	    0.0	    00000000     00000000	   1	[      2]
512   	0     	      8	   NeutLargeDark	   1017.1680	   2144.53	    0.0	    00000000     00000000	   1	[      5]
513   	0     	     14	     condition14	   1019.3125	   2144.53	    0.0	    00000000     00000000	   1	[       ]
514   	0     	      2	      condition2	   1019.8359	    523.44	    0.0	    00000000     00000000	   1	[       ]
515   	0     	     11	 NeutSmallBright	   1021.7070	   1871.09	    0.0	    00000000     00000000	   1	[      8]
516   	0     	     10	 NeutLargeBright	   1023.8203	   2113.28	    0.0	    00000000     00000000	   1	[      7]
517   	0     	      5	    NegSmallDark	   1025.9219	   2101.56	    0.0	    00000000     00000000	   1	[      2]
518   	0     	     11	 NeutSmallBright	   1028.0078	   2085.94	    0.0	    00000000     00000000	   1	[      8]
519   	0     	      4	    NegLargeDark	   1030.0508	   2042.97	    0.0	    00000000     00000000	   1	[      1]
520   	0     	     15	     condition15	   1032.3438	   2292.97	    0.0	    00000000     00000000	   1	[       ]
521   	0     	      2	      condition2	   1033.0117	    667.97	    0.0	    00000000     00000000	   1	[       ]
522   	0     	     12	     condition12	   1034.8281	   1816.41	    0.0	    00000000     00000000	   1	[       ]
523   	0     	      2	      condition2	   1036.5078	   1679.69	    0.0	    00000000     00000000	   1	[       ]
524   	0     	      7	  NegSmallBright	   1037.1328	    625.00	    0.0	    00000000     00000000	   1	[      4]
525   	0     	      9	   NeutSmallDark	   1039.3242	   2191.41	    0.0	    00000000     00000000	   1	[      6]
526   	0     	     11	 NeutSmallBright	   1041.7891	   2464.84	    0.0	    00000000     00000000	   1	[      8]
527   	0     	     11	 NeutSmallBright	   1044.3047	   2515.62	    0.0	    00000000     00000000	   1	[      8]
528   	0     	     14	     condition14	   1046.5898	   2285.16	    0.0	    00000000     00000000	   1	[       ]
529   	0     	      2	      condition2	   1047.2305	    640.62	    0.0	    00000000     00000000	   1	[       ]
530   	0     	     11	 NeutSmallBright	   1048.6211	   1390.62	    0.0	    00000000     00000000	   1	[      8]
531   	0     	      8	   NeutLargeDark	   1050.7578	   2136.72	    0.0	    00000000     00000000	   1	[      5]
532   	0     	     11	 NeutSmallBright	   1052.9297	   2171.88	    0.0	    00000000     00000000	   1	[      8]
533   	0     	      8	   NeutLargeDark	   1055.2852	   2355.47	    0.0	    00000000     00000000	   1	[      5]
534   	0     	      6	  NegLargeBright	   1057.3867	   2101.56	    0.0	    00000000     00000000	   1	[      3]
535   	0     	     11	 NeutSmallBright	   1059.8633	   2476.56	    0.0	    00000000     00000000	   1	[      8]
536   	0     	      4	    NegLargeDark	   1062.3672	   2503.91	    0.0	    00000000     00000000	   1	[      1]
537   	0     	      9	   NeutSmallDark	   1064.6016	   2234.38	    0.0	    00000000     00000000	   1	[      6]
538   	0     	     11	 NeutSmallBright	   1066.6758	   2074.22	    0.0	    00000000     00000000	   1	[      8]
539   	0     	     10	 NeutLargeBright	   1068.9062	   2230.47	    0.0	    00000000     00000000	   1	[      7]
540   	0     	     11	 NeutSmallBright	   1070.9805	   2074.22	    0.0	    00000000     00000000	   1	[      8]
541   	0     	      5	    NegSmallDark	   1073.3750	   2394.53	    0.0	    00000000     00000000	   1	[      2]
542   	0     	      6	  NegLargeBright	   1075.4102	   2035.16	    0.0	    00000000     00000000	   1	[      3]
543   	0     	     11	 NeutSmallBright	   1077.7930	   2382.81	    0.0	    00000000     00000000	   1	[      8]
544   	0     	      6	  NegLargeBright	   1080.0469	   2253.91	    0.0	    00000000     00000000	   1	[      3]
545   	0     	     11	 NeutSmallBright	   1082.5117	   2464.84	    0.0	    00000000     00000000	   1	[      8]
546   	0     	     15	     condition15	   1084.7969	   2285.16	    0.0	    00000000     00000000	   1	[       ]
547   	0     	      2	      condition2	   1085.5469	    750.00	    0.0	    00000000     00000000	   1	[       ]
548   	0     	     15	     condition15	   1087.1914	   1644.53	    0.0	    00000000     00000000	   1	[       ]
549   	0     	      2	      condition2	   1087.9453	    753.91	    0.0	    00000000     00000000	   1	[       ]
550   	0     	      8	   NeutLargeDark	   1089.6953	   1750.00	    0.0	    00000000     00000000	   1	[      5]
551   	0     	      5	    NegSmallDark	   1091.9180	   2222.66	    0.0	    00000000     00000000	   1	[      2]
552   	0     	      7	  NegSmallBright	   1094.2930	   2375.00	    0.0	    00000000     00000000	   1	[      4]
553   	0     	     10	 NeutLargeBright	   1096.6562	   2363.28	    0.0	    00000000     00000000	   1	[      7]
554   	0     	     12	     condition12	   1099.0430	   2386.72	    0.0	    00000000     00000000	   1	[       ]
555   	0     	      2	      condition2	   1099.5273	    484.38	    0.0	    00000000     00000000	   1	[       ]
556   	0     	     10	 NeutLargeBright	   1101.4570	   1929.69	    0.0	    00000000     00000000	   1	[      7]
557   	0     	      4	    NegLargeDark	   1103.8086	   2351.56	    0.0	    00000000     00000000	   1	[      1]
558   	0     	      4	    NegLargeDark	   1106.2930	   2484.38	    0.0	    00000000     00000000	   1	[      1]
559   	0     	      4	    NegLargeDark	   1108.8164	   2523.44	    0.0	    00000000     00000000	   1	[      1]
560   	0     	      7	  NegSmallBright	   1111.3320	   2515.62	    0.0	    00000000     00000000	   1	[      4]
561   	0     	      9	   NeutSmallDark	   1113.5781	   2246.09	    0.0	    00000000     00000000	   1	[      6]
562   	0     	      7	  NegSmallBright	   1115.6602	   2082.03	    0.0	    00000000     00000000	   1	[      4]
563   	0     	      6	  NegLargeBright	   1117.9023	   2242.19	    0.0	    00000000     00000000	   1	[      3]
564   	0     	      7	  NegSmallBright	   1120.0664	   2164.06	    0.0	    00000000     00000000	   1	[      4]
565   	0     	     11	 NeutSmallBright	   1122.1211	   2054.69	    0.0	    00000000     00000000	   1	[      8]
566   	0     	      5	    NegSmallDark	   1124.4648	   2343.75	    0.0	    00000000     00000000	   1	[      2]
567   	0     	    253	              ""	   1126.9375	   2472.66	    0.0	    00000000     00000000	   1	[       ]
568   	0     	      6	  NegLargeBright	   1127.9453	   1007.81	    0.0	    00000000     00000000	   1	[      3]
569   	0     	      5	    NegSmallDark	   1130.1211	   2175.78	    0.0	    00000000     00000000	   1	[      2]
570   	0     	     10	 NeutLargeBright	   1132.2656	   2144.53	    0.0	    00000000     00000000	   1	[      7]
571   	0     	      9	   NeutSmallDark	   1134.7773	   2511.72	    0.0	    00000000     00000000	   1	[      6]
572   	0     	      6	  NegLargeBright	   1137.2617	   2484.38	    0.0	    00000000     00000000	   1	[      3]
573   	0     	      7	  NegSmallBright	   1139.6172	   2355.47	    0.0	    00000000     00000000	   1	[      4]
574   	0     	     12	     condition12	   1141.9023	   2285.16	    0.0	    00000000     00000000	   1	[       ]
575   	0     	      2	      condition2	   1142.4805	    578.12	    0.0	    00000000     00000000	   1	[       ]
576   	0     	      8	   NeutLargeDark	   1144.4062	   1925.78	    0.0	    00000000     00000000	   1	[      5]
577   	0     	      8	   NeutLargeDark	   1146.6680	   2261.72	    0.0	    00000000     00000000	   1	[      5]
578   	0     	     13	     condition13	   1148.9844	   2316.41	    0.0	    00000000     00000000	   1	[       ]
579   	0     	      2	      condition2	   1149.5547	    570.31	    0.0	    00000000     00000000	   1	[       ]
580   	0     	     14	     condition14	   1151.2891	   1734.38	    0.0	    00000000     00000000	   1	[       ]
581   	0     	      2	      condition2	   1151.8320	    542.97	    0.0	    00000000     00000000	   1	[       ]
582   	0     	     11	 NeutSmallBright	   1153.4102	   1578.12	    0.0	    00000000     00000000	   1	[      8]
583   	0     	      5	    NegSmallDark	   1155.7539	   2343.75	    0.0	    00000000     00000000	   1	[      2]
584   	0     	     11	 NeutSmallBright	   1157.8984	   2144.53	    0.0	    00000000     00000000	   1	[      8]
585   	0     	     13	     condition13	   1160.2656	   2367.19	    0.0	    00000000     00000000	   1	[       ]
586   	0     	      2	      condition2	   1160.7852	    519.53	    0.0	    00000000     00000000	   1	[       ]
587   	0     	      7	  NegSmallBright	   1162.4688	   1683.59	    0.0	    00000000     00000000	   1	[      4]
588   	0     	     14	     condition14	   1164.6406	   2171.88	    0.0	    00000000     00000000	   1	[       ]
589   	0     	      2	      condition2	   1165.2461	    605.47	    0.0	    00000000     00000000	   1	[       ]
590   	0     	     10	 NeutLargeBright	   1166.9648	   1718.75	    0.0	    00000000     00000000	   1	[      7]
591   	0     	     14	     condition14	   1169.0508	   2085.94	    0.0	    00000000     00000000	   1	[       ]
592   	0     	      2	      condition2	   1169.5898	    539.06	    0.0	    00000000     00000000	   1	[       ]
593   	0     	     10	 NeutLargeBright	   1171.2422	   1652.34	    0.0	    00000000     00000000	   1	[      7]
594   	0     	      6	  NegLargeBright	   1173.5781	   2335.94	    0.0	    00000000     00000000	   1	[      3]
595   	0     	      8	   NeutLargeDark	   1175.9531	   2375.00	    0.0	    00000000     00000000	   1	[      5]
596   	0     	      2	      condition2	   1176.4531	    500.00	    0.0	    00000000     00000000	   1	[       ]
597   	0     	     11	 NeutSmallBright	   1178.2266	   1773.44	    0.0	    00000000     00000000	   1	[      8]
598   	0     	      5	    NegSmallDark	   1180.5977	   2371.09	    0.0	    00000000     00000000	   1	[      2]
599   	0     	      5	    NegSmallDark	   1182.9023	   2304.69	    0.0	    00000000     00000000	   1	[      2]
600   	0     	      5	    NegSmallDark	   1185.3164	   2414.06	    0.0	    00000000     00000000	   1	[      2]
601   	0     	     15	     condition15	   1187.7539	   2437.50	    0.0	    00000000     00000000	   1	[       ]
602   	0     	      2	      condition2	   1188.2891	    535.16	    0.0	    00000000     00000000	   1	[       ]
603   	0     	      5	    NegSmallDark	   1189.9375	   1648.44	    0.0	    00000000     00000000	   1	[      2]
604   	0     	     10	 NeutLargeBright	   1192.2500	   2312.50	    0.0	    00000000     00000000	   1	[      7]
605   	0     	      7	  NegSmallBright	   1194.6328	   2382.81	    0.0	    00000000     00000000	   1	[      4]
606   	0     	      9	   NeutSmallDark	   1197.0391	   2406.25	    0.0	    00000000     00000000	   1	[      6]
607   	0     	      7	  NegSmallBright	   1199.2109	   2171.88	    0.0	    00000000     00000000	   1	[      4]
608   	0     	     13	     condition13	   1201.5078	   2296.88	    0.0	    00000000     00000000	   1	[       ]
609   	0     	      2	      condition2	   1202.0156	    507.81	    0.0	    00000000     00000000	   1	[       ]
610   	0     	     11	 NeutSmallBright	   1203.6797	   1664.06	    0.0	    00000000     00000000	   1	[      8]
611   	0     	      5	    NegSmallDark	   1206.1133	   2433.59	    0.0	    00000000     00000000	   1	[      2]
612   	0     	      9	   NeutSmallDark	   1208.4375	   2324.22	    0.0	    00000000     00000000	   1	[      6]
613   	0     	      9	   NeutSmallDark	   1210.8438	   2406.25	    0.0	    00000000     00000000	   1	[      6]
614   	0     	      5	    NegSmallDark	   1212.9062	   2062.50	    0.0	    00000000     00000000	   1	[      2]
615   	0     	      7	  NegSmallBright	   1215.1211	   2214.84	    0.0	    00000000     00000000	   1	[      4]
616   	0     	      7	  NegSmallBright	   1217.1641	   2042.97	    0.0	    00000000     00000000	   1	[      4]
617   	0     	      4	    NegLargeDark	   1219.6562	   2492.19	    0.0	    00000000     00000000	   1	[      1]
618   	0     	     11	 NeutSmallBright	   1222.1133	   2457.03	    0.0	    00000000     00000000	   1	[      8]
619   	0     	      9	   NeutSmallDark	   1224.5352	   2421.88	    0.0	    00000000     00000000	   1	[      6]
620   	0     	     11	 NeutSmallBright	   1226.6484	   2113.28	    0.0	    00000000     00000000	   1	[      8]
621   	0     	     10	 NeutLargeBright	   1229.0742	   2425.78	    0.0	    00000000     00000000	   1	[      7]
622   	0     	      8	   NeutLargeDark	   1231.4883	   2414.06	    0.0	    00000000     00000000	   1	[      5]
623   	0     	      7	  NegSmallBright	   1233.5820	   2093.75	    0.0	    00000000     00000000	   1	[      4]
624   	0     	      6	  NegLargeBright	   1235.8281	   2246.09	    0.0	    00000000     00000000	   1	[      3]
625   	0     	      8	   NeutLargeDark	   1238.1406	   2312.50	    0.0	    00000000     00000000	   1	[      5]
626   	0     	      4	    NegLargeDark	   1240.2852	   2144.53	    0.0	    00000000     00000000	   1	[      1]
627   	0     	      9	   NeutSmallDark	   1242.5586	   2273.44	    0.0	    00000000     00000000	   1	[      6]
628   	0     	      8	   NeutLargeDark	   1244.8516	   2292.97	    0.0	    00000000     00000000	   1	[      5]
629   	0     	      7	  NegSmallBright	   1247.2148	   2363.28	    0.0	    00000000     00000000	   1	[      4]
630   	0     	     13	     condition13	   1249.5195	   2304.69	    0.0	    00000000     00000000	   1	[       ]
631   	0     	      2	      condition2	   1250.2500	    730.47	    0.0	    00000000     00000000	   1	[       ]
632   	0     	      4	    NegLargeDark	   1252.0352	   1785.16	    0.0	    00000000     00000000	   1	[      1]
633   	0     	      9	   NeutSmallDark	   1254.4883	   2453.12	    0.0	    00000000     00000000	   1	[      6]
634   	0     	     10	 NeutLargeBright	   1256.7734	   2285.16	    0.0	    00000000     00000000	   1	[      7]
635   	0     	      6	  NegLargeBright	   1259.2891	   2515.62	    0.0	    00000000     00000000	   1	[      3]
636   	0     	      7	  NegSmallBright	   1261.4805	   2191.41	    0.0	    00000000     00000000	   1	[      4]
637   	0     	     15	     condition15	   1263.9570	   2476.56	    0.0	    00000000     00000000	   1	[       ]
638   	0     	      2	      condition2	   1264.6367	    679.69	    0.0	    00000000     00000000	   1	[       ]
639   	0     	     10	 NeutLargeBright	   1266.4922	   1855.47	    0.0	    00000000     00000000	   1	[      7]
640   	0     	      8	   NeutLargeDark	   1268.6055	   2113.28	    0.0	    00000000     00000000	   1	[      5]
641   	0     	      6	  NegLargeBright	   1271.0195	   2414.06	    0.0	    00000000     00000000	   1	[      3]
642   	0     	     10	 NeutLargeBright	   1273.5039	   2484.38	    0.0	    00000000     00000000	   1	[      7]
643   	0     	     10	 NeutLargeBright	   1275.9688	   2464.84	    0.0	    00000000     00000000	   1	[      7]
644   	0     	      7	  NegSmallBright	   1278.4102	   2441.41	    0.0	    00000000     00000000	   1	[      4]
645   	0     	      6	  NegLargeBright	   1280.6055	   2195.31	    0.0	    00000000     00000000	   1	[      3]
646   	0     	      4	    NegLargeDark	   1282.6992	   2093.75	    0.0	    00000000     00000000	   1	[      1]
647   	0     	      5	    NegSmallDark	   1285.2227	   2523.44	    0.0	    00000000     00000000	   1	[      2]
648   	0     	      4	    NegLargeDark	   1287.2773	   2054.69	    0.0	    00000000     00000000	   1	[      1]
