#  Non-editable header begin --------------------------------------------------------------------------------
# 
#  data format...............: continuous
#  setname...................: BDF file
#  filename..................: none_specified
#  filepath..................: none_specified
#  nchan.....................: 64
#  pnts......................: 329984
#  srate.....................: 256
#  nevents...................: 645
#  generated by (bdf)........: 
#  generated by (set)........: BDF file
#  reported in ..............: 
#  prog Version..............: 8.02
#  creation date.............: 16-Nov-2020 15:10:59
#  user Account..............: 
# 
#  Non-editable header end --------------------------------------------------------------------------------

	bin 1,	# 60,	NegLargeDark
	bin 2,	# 60,	NegSmallDark
	bin 3,	# 60,	NegLargeBright
	bin 4,	# 60,	NegSmallBright
	bin 5,	# 60,	NeutLargeDark
	bin 6,	# 60,	NeutSmallDark
	bin 7,	# 60,	NeutLargeBright
	bin 8,	# 60,	NeutSmallBright



# item	 bepoch	  ecode	            label	      onset	          diff	     dura	b_flags	   a_flags	  enable	    bin
#                                                 (sec)           (msec)     (msec)    (binary)   (binary)


1     	0     	      5	    NegSmallDark	      1.6406	      0.00	    0.0	    00000000     00000000	   1	[      2]
2     	0     	     10	 NeutLargeBright	      4.1875	   2546.88	    0.0	    00000000     00000000	   1	[      7]
3     	0     	      8	   NeutLargeDark	      6.3594	   2171.88	    0.0	    00000000     00000000	   1	[      5]
4     	0     	     13	     condition13	      8.5547	   2195.31	    0.0	    00000000     00000000	   1	[       ]
5     	0     	      7	  NegSmallBright	     11.0586	   2503.91	    0.0	    00000000     00000000	   1	[      4]
6     	0     	      6	  NegLargeBright	     13.1797	   2121.09	    0.0	    00000000     00000000	   1	[      3]
7     	0     	     14	     condition14	     15.5742	   2394.53	    0.0	    00000000     00000000	   1	[       ]
8     	0     	      2	      condition2	     16.0156	    441.41	    0.0	    00000000     00000000	   1	[       ]
9     	0     	     11	 NeutSmallBright	     17.8008	   1785.16	    0.0	    00000000     00000000	   1	[      8]
10    	0     	      8	   NeutLargeDark	     20.3242	   2523.44	    0.0	    00000000     00000000	   1	[      5]
11    	0     	     14	     condition14	     22.5781	   2253.91	    0.0	    00000000     00000000	   1	[       ]
12    	0     	      2	      condition2	     23.0352	    457.03	    0.0	    00000000     00000000	   1	[       ]
13    	0     	      4	    NegLargeDark	     24.6328	   1597.66	    0.0	    00000000     00000000	   1	[      1]
14    	0     	      8	   NeutLargeDark	     26.9766	   2343.75	    0.0	    00000000     00000000	   1	[      5]
15    	0     	      5	    NegSmallDark	     29.4297	   2453.12	    0.0	    00000000     00000000	   1	[      2]
16    	0     	      4	    NegLargeDark	     31.8633	   2433.59	    0.0	    00000000     00000000	   1	[      1]
17    	0     	     15	     condition15	     34.2773	   2414.06	    0.0	    00000000     00000000	   1	[       ]
18    	0     	      2	      condition2	     34.9297	    652.34	    0.0	    00000000     00000000	   1	[       ]
19    	0     	      6	  NegLargeBright	     36.4336	   1503.91	    0.0	    00000000     00000000	   1	[      3]
20    	0     	      9	   NeutSmallDark	     38.6055	   2171.88	    0.0	    00000000     00000000	   1	[      6]
21    	0     	      6	  NegLargeBright	     40.9102	   2304.69	    0.0	    00000000     00000000	   1	[      3]
22    	0     	      9	   NeutSmallDark	     42.9727	   2062.50	    0.0	    00000000     00000000	   1	[      6]
23    	0     	      9	   NeutSmallDark	     45.3984	   2425.78	    0.0	    00000000     00000000	   1	[      6]
24    	0     	      7	  NegSmallBright	     47.8828	   2484.38	    0.0	    00000000     00000000	   1	[      4]
25    	0     	     12	     condition12	     50.2852	   2402.34	    0.0	    00000000     00000000	   1	[       ]
26    	0     	      2	      condition2	     50.7930	    507.81	    0.0	    00000000     00000000	   1	[       ]
27    	0     	     13	     condition13	     52.6211	   1828.12	    0.0	    00000000     00000000	   1	[       ]
28    	0     	      2	      condition2	     53.1211	    500.00	    0.0	    00000000     00000000	   1	[       ]
29    	0     	      4	    NegLargeDark	     55.0664	   1945.31	    0.0	    00000000     00000000	   1	[      1]
30    	0     	     11	 NeutSmallBright	     57.3203	   2253.91	    0.0	    00000000     00000000	   1	[      8]
31    	0     	     13	     condition13	     59.6328	   2312.50	    0.0	    00000000     00000000	   1	[       ]
32    	0     	      2	      condition2	     60.1680	    535.16	    0.0	    00000000     00000000	   1	[       ]
33    	0     	      7	  NegSmallBright	     61.7773	   1609.38	    0.0	    00000000     00000000	   1	[      4]
34    	0     	     14	     condition14	     64.1328	   2355.47	    0.0	    00000000     00000000	   1	[       ]
35    	0     	      2	      condition2	     64.6523	    519.53	    0.0	    00000000     00000000	   1	[       ]
36    	0     	      7	  NegSmallBright	     66.3750	   1722.66	    0.0	    00000000     00000000	   1	[      4]
37    	0     	      7	  NegSmallBright	     68.8477	   2472.66	    0.0	    00000000     00000000	   1	[      4]
38    	0     	      7	  NegSmallBright	     70.8711	   2023.44	    0.0	    00000000     00000000	   1	[      4]
39    	0     	     11	 NeutSmallBright	     73.1562	   2285.16	    0.0	    00000000     00000000	   1	[      8]
40    	0     	      2	      condition2	     73.9336	    777.34	    0.0	    00000000     00000000	   1	[       ]
41    	0     	      8	   NeutLargeDark	     75.6133	   1679.69	    0.0	    00000000     00000000	   1	[      5]
42    	0     	      5	    NegSmallDark	     77.7852	   2171.88	    0.0	    00000000     00000000	   1	[      2]
43    	0     	      5	    NegSmallDark	     80.2109	   2425.78	    0.0	    00000000     00000000	   1	[      2]
44    	0     	     13	     condition13	     82.3125	   2101.56	    0.0	    00000000     00000000	   1	[       ]
45    	0     	      2	      condition2	     82.7461	    433.59	    0.0	    00000000     00000000	   1	[       ]
46    	0     	      9	   NeutSmallDark	     84.6289	   1882.81	    0.0	    00000000     00000000	   1	[      6]
47    	0     	      5	    NegSmallDark	     87.1406	   2511.72	    0.0	    00000000     00000000	   1	[      2]
48    	0     	     13	     condition13	     89.3750	   2234.38	    0.0	    00000000     00000000	   1	[       ]
49    	0     	      2	      condition2	     89.8438	    468.75	    0.0	    00000000     00000000	   1	[       ]
50    	0     	      5	    NegSmallDark	     91.6289	   1785.16	    0.0	    00000000     00000000	   1	[      2]
51    	0     	      7	  NegSmallBright	     93.8750	   2246.09	    0.0	    00000000     00000000	   1	[      4]
52    	0     	      8	   NeutLargeDark	     96.0781	   2203.12	    0.0	    00000000     00000000	   1	[      5]
53    	0     	     11	 NeutSmallBright	     98.4297	   2351.56	    0.0	    00000000     00000000	   1	[      8]
54    	0     	      6	  NegLargeBright	    100.8477	   2417.97	    0.0	    00000000     00000000	   1	[      3]
55    	0     	      8	   NeutLargeDark	    103.1094	   2261.72	    0.0	    00000000     00000000	   1	[      5]
56    	0     	     10	 NeutLargeBright	    105.5156	   2406.25	    0.0	    00000000     00000000	   1	[      7]
57    	0     	     14	     condition14	    107.9062	   2390.62	    0.0	    00000000     00000000	   1	[       ]
58    	0     	      2	      condition2	    108.4062	    500.00	    0.0	    00000000     00000000	   1	[       ]
59    	0     	     10	 NeutLargeBright	    110.4336	   2027.34	    0.0	    00000000     00000000	   1	[      7]
60    	0     	      9	   NeutSmallDark	    112.5859	   2152.34	    0.0	    00000000     00000000	   1	[      6]
61    	0     	      6	  NegLargeBright	    115.0391	   2453.12	    0.0	    00000000     00000000	   1	[      3]
62    	0     	      8	   NeutLargeDark	    117.3359	   2296.88	    0.0	    00000000     00000000	   1	[      5]
63    	0     	      5	    NegSmallDark	    119.7305	   2394.53	    0.0	    00000000     00000000	   1	[      2]
64    	0     	      8	   NeutLargeDark	    122.0820	   2351.56	    0.0	    00000000     00000000	   1	[      5]
65    	0     	      4	    NegLargeDark	    124.5664	   2484.38	    0.0	    00000000     00000000	   1	[      1]
66    	0     	     11	 NeutSmallBright	    126.6797	   2113.28	    0.0	    00000000     00000000	   1	[      8]
67    	0     	      9	   NeutSmallDark	    128.7461	   2066.41	    0.0	    00000000     00000000	   1	[      6]
68    	0     	      4	    NegLargeDark	    131.1602	   2414.06	    0.0	    00000000     00000000	   1	[      1]
69    	0     	     12	     condition12	    133.6445	   2484.38	    0.0	    00000000     00000000	   1	[       ]
70    	0     	      2	      condition2	    134.1641	    519.53	    0.0	    00000000     00000000	   1	[       ]
71    	0     	     11	 NeutSmallBright	    135.8086	   1644.53	    0.0	    00000000     00000000	   1	[      8]
72    	0     	     12	     condition12	    138.1602	   2351.56	    0.0	    00000000     00000000	   1	[       ]
73    	0     	      2	      condition2	    138.6484	    488.28	    0.0	    00000000     00000000	   1	[       ]
74    	0     	      5	    NegSmallDark	    140.6172	   1968.75	    0.0	    00000000     00000000	   1	[      2]
75    	0     	      4	    NegLargeDark	    142.8594	   2242.19	    0.0	    00000000     00000000	   1	[      1]
76    	0     	     10	 NeutLargeBright	    145.0625	   2203.12	    0.0	    00000000     00000000	   1	[      7]
77    	0     	     10	 NeutLargeBright	    147.2656	   2203.12	    0.0	    00000000     00000000	   1	[      7]
78    	0     	      8	   NeutLargeDark	    149.5195	   2253.91	    0.0	    00000000     00000000	   1	[      5]
79    	0     	      4	    NegLargeDark	    151.9258	   2406.25	    0.0	    00000000     00000000	   1	[      1]
80    	0     	      5	    NegSmallDark	    154.2578	   2332.03	    0.0	    00000000     00000000	   1	[      2]
81    	0     	     15	     condition15	    156.3750	   2117.19	    0.0	    00000000     00000000	   1	[       ]
82    	0     	      2	      condition2	    157.0234	    648.44	    0.0	    00000000     00000000	   1	[       ]
83    	0     	      6	  NegLargeBright	    158.8984	   1875.00	    0.0	    00000000     00000000	   1	[      3]
84    	0     	      8	   NeutLargeDark	    160.9727	   2074.22	    0.0	    00000000     00000000	   1	[      5]
85    	0     	    253	              ""	    163.9062	   2933.59	    0.0	    00000000     00000000	   1	[       ]
86    	0     	      7	  NegSmallBright	    164.9102	   1003.91	    0.0	    00000000     00000000	   1	[      4]
87    	0     	     12	     condition12	    167.0234	   2113.28	    0.0	    00000000     00000000	   1	[       ]
88    	0     	      2	      condition2	    167.5469	    523.44	    0.0	    00000000     00000000	   1	[       ]
89    	0     	      6	  NegLargeBright	    169.2969	   1750.00	    0.0	    00000000     00000000	   1	[      3]
90    	0     	      4	    NegLargeDark	    171.4688	   2171.88	    0.0	    00000000     00000000	   1	[      1]
91    	0     	     14	     condition14	    173.7656	   2296.88	    0.0	    00000000     00000000	   1	[       ]
92    	0     	      2	      condition2	    174.3164	    550.78	    0.0	    00000000     00000000	   1	[       ]
93    	0     	      5	    NegSmallDark	    175.8477	   1531.25	    0.0	    00000000     00000000	   1	[      2]
94    	0     	      5	    NegSmallDark	    178.3320	   2484.38	    0.0	    00000000     00000000	   1	[      2]
95    	0     	      7	  NegSmallBright	    180.4570	   2125.00	    0.0	    00000000     00000000	   1	[      4]
96    	0     	     14	     condition14	    182.9805	   2523.44	    0.0	    00000000     00000000	   1	[       ]
97    	0     	      2	      condition2	    183.4102	    429.69	    0.0	    00000000     00000000	   1	[       ]
98    	0     	      5	    NegSmallDark	    185.2930	   1882.81	    0.0	    00000000     00000000	   1	[      2]
99    	0     	      8	   NeutLargeDark	    187.5273	   2234.38	    0.0	    00000000     00000000	   1	[      5]
100   	0     	     10	 NeutLargeBright	    190.0039	   2476.56	    0.0	    00000000     00000000	   1	[      7]
101   	0     	      4	    NegLargeDark	    192.1250	   2121.09	    0.0	    00000000     00000000	   1	[      1]
102   	0     	     10	 NeutLargeBright	    194.4297	   2304.69	    0.0	    00000000     00000000	   1	[      7]
103   	0     	     11	 NeutSmallBright	    196.8867	   2457.03	    0.0	    00000000     00000000	   1	[      8]
104   	0     	      6	  NegLargeBright	    199.3086	   2421.88	    0.0	    00000000     00000000	   1	[      3]
105   	0     	      4	    NegLargeDark	    201.5352	   2226.56	    0.0	    00000000     00000000	   1	[      1]
106   	0     	      5	    NegSmallDark	    203.6680	   2132.81	    0.0	    00000000     00000000	   1	[      2]
107   	0     	     15	     condition15	    206.0000	   2332.03	    0.0	    00000000     00000000	   1	[       ]
108   	0     	      2	      condition2	    207.0547	   1054.69	    0.0	    00000000     00000000	   1	[       ]
109   	0     	     10	 NeutLargeBright	    208.4844	   1429.69	    0.0	    00000000     00000000	   1	[      7]
110   	0     	      6	  NegLargeBright	    210.9414	   2457.03	    0.0	    00000000     00000000	   1	[      3]
111   	0     	      4	    NegLargeDark	    213.2852	   2343.75	    0.0	    00000000     00000000	   1	[      1]
112   	0     	     12	     condition12	    215.5273	   2242.19	    0.0	    00000000     00000000	   1	[       ]
113   	0     	      2	      condition2	    216.1172	    589.84	    0.0	    00000000     00000000	   1	[       ]
114   	0     	      7	  NegSmallBright	    217.9922	   1875.00	    0.0	    00000000     00000000	   1	[      4]
115   	0     	      8	   NeutLargeDark	    220.1250	   2132.81	    0.0	    00000000     00000000	   1	[      5]
116   	0     	     10	 NeutLargeBright	    222.2305	   2105.47	    0.0	    00000000     00000000	   1	[      7]
117   	0     	      4	    NegLargeDark	    224.3320	   2101.56	    0.0	    00000000     00000000	   1	[      1]
118   	0     	     11	 NeutSmallBright	    226.3789	   2046.88	    0.0	    00000000     00000000	   1	[      8]
119   	0     	     10	 NeutLargeBright	    228.6328	   2253.91	    0.0	    00000000     00000000	   1	[      7]
120   	0     	     10	 NeutLargeBright	    230.7852	   2152.34	    0.0	    00000000     00000000	   1	[      7]
121   	0     	     10	 NeutLargeBright	    233.2891	   2503.91	    0.0	    00000000     00000000	   1	[      7]
122   	0     	     15	     condition15	    235.7422	   2453.12	    0.0	    00000000     00000000	   1	[       ]
123   	0     	      2	      condition2	    236.2500	    507.81	    0.0	    00000000     00000000	   1	[       ]
124   	0     	      7	  NegSmallBright	    238.2461	   1996.09	    0.0	    00000000     00000000	   1	[      4]
125   	0     	      6	  NegLargeBright	    240.6133	   2367.19	    0.0	    00000000     00000000	   1	[      3]
126   	0     	      9	   NeutSmallDark	    242.7070	   2093.75	    0.0	    00000000     00000000	   1	[      6]
127   	0     	     10	 NeutLargeBright	    244.8281	   2121.09	    0.0	    00000000     00000000	   1	[      7]
128   	0     	      4	    NegLargeDark	    246.9648	   2136.72	    0.0	    00000000     00000000	   1	[      1]
129   	0     	     10	 NeutLargeBright	    249.3164	   2351.56	    0.0	    00000000     00000000	   1	[      7]
130   	0     	      8	   NeutLargeDark	    251.6406	   2324.22	    0.0	    00000000     00000000	   1	[      5]
131   	0     	      6	  NegLargeBright	    253.8750	   2234.38	    0.0	    00000000     00000000	   1	[      3]
132   	0     	     10	 NeutLargeBright	    256.0781	   2203.12	    0.0	    00000000     00000000	   1	[      7]
133   	0     	      9	   NeutSmallDark	    258.2930	   2214.84	    0.0	    00000000     00000000	   1	[      6]
134   	0     	      5	    NegSmallDark	    260.5586	   2265.62	    0.0	    00000000     00000000	   1	[      2]
135   	0     	     10	 NeutLargeBright	    262.9727	   2414.06	    0.0	    00000000     00000000	   1	[      7]
136   	0     	      5	    NegSmallDark	    265.4648	   2492.19	    0.0	    00000000     00000000	   1	[      2]
137   	0     	      6	  NegLargeBright	    267.6680	   2203.12	    0.0	    00000000     00000000	   1	[      3]
138   	0     	     11	 NeutSmallBright	    269.8242	   2156.25	    0.0	    00000000     00000000	   1	[      8]
139   	0     	      6	  NegLargeBright	    271.9062	   2082.03	    0.0	    00000000     00000000	   1	[      3]
140   	0     	      7	  NegSmallBright	    274.2812	   2375.00	    0.0	    00000000     00000000	   1	[      4]
141   	0     	      9	   NeutSmallDark	    276.4766	   2195.31	    0.0	    00000000     00000000	   1	[      6]
142   	0     	      8	   NeutLargeDark	    278.8789	   2402.34	    0.0	    00000000     00000000	   1	[      5]
143   	0     	      9	   NeutSmallDark	    281.1133	   2234.38	    0.0	    00000000     00000000	   1	[      6]
144   	0     	      4	    NegLargeDark	    283.6367	   2523.44	    0.0	    00000000     00000000	   1	[      1]
145   	0     	     10	 NeutLargeBright	    286.1523	   2515.62	    0.0	    00000000     00000000	   1	[      7]
146   	0     	     11	 NeutSmallBright	    288.3164	   2164.06	    0.0	    00000000     00000000	   1	[      8]
147   	0     	      9	   NeutSmallDark	    290.5000	   2183.59	    0.0	    00000000     00000000	   1	[      6]
148   	0     	      4	    NegLargeDark	    292.5820	   2082.03	    0.0	    00000000     00000000	   1	[      1]
149   	0     	      8	   NeutLargeDark	    294.8867	   2304.69	    0.0	    00000000     00000000	   1	[      5]
150   	0     	      7	  NegSmallBright	    297.0117	   2125.00	    0.0	    00000000     00000000	   1	[      4]
151   	0     	      8	   NeutLargeDark	    299.1250	   2113.28	    0.0	    00000000     00000000	   1	[      5]
152   	0     	      4	    NegLargeDark	    301.2383	   2113.28	    0.0	    00000000     00000000	   1	[      1]
153   	0     	      4	    NegLargeDark	    303.6211	   2382.81	    0.0	    00000000     00000000	   1	[      1]
154   	0     	      7	  NegSmallBright	    305.7148	   2093.75	    0.0	    00000000     00000000	   1	[      4]
155   	0     	     15	     condition15	    307.9023	   2187.50	    0.0	    00000000     00000000	   1	[       ]
156   	0     	      2	      condition2	    308.4453	    542.97	    0.0	    00000000     00000000	   1	[       ]
157   	0     	      4	    NegLargeDark	    310.2148	   1769.53	    0.0	    00000000     00000000	   1	[      1]
158   	0     	      4	    NegLargeDark	    312.2695	   2054.69	    0.0	    00000000     00000000	   1	[      1]
159   	0     	     10	 NeutLargeBright	    314.4727	   2203.12	    0.0	    00000000     00000000	   1	[      7]
160   	0     	      4	    NegLargeDark	    316.8867	   2414.06	    0.0	    00000000     00000000	   1	[      1]
161   	0     	     10	 NeutLargeBright	    319.2617	   2375.00	    0.0	    00000000     00000000	   1	[      7]
162   	0     	     12	     condition12	    321.4648	   2203.12	    0.0	    00000000     00000000	   1	[       ]
163   	0     	      2	      condition2	    321.9531	    488.28	    0.0	    00000000     00000000	   1	[       ]
164   	0     	    253	              ""	    323.8906	   1937.50	    0.0	    00000000     00000000	   1	[       ]
165   	0     	     12	     condition12	    324.9062	   1015.62	    0.0	    00000000     00000000	   1	[       ]
166   	0     	      2	      condition2	    325.4219	    515.62	    0.0	    00000000     00000000	   1	[       ]
167   	0     	     11	 NeutSmallBright	    327.1992	   1777.34	    0.0	    00000000     00000000	   1	[      8]
168   	0     	      4	    NegLargeDark	    329.3438	   2144.53	    0.0	    00000000     00000000	   1	[      1]
169   	0     	     11	 NeutSmallBright	    331.4258	   2082.03	    0.0	    00000000     00000000	   1	[      8]
170   	0     	     14	     condition14	    333.9023	   2476.56	    0.0	    00000000     00000000	   1	[       ]
171   	0     	      2	      condition2	    334.3984	    496.09	    0.0	    00000000     00000000	   1	[       ]
172   	0     	      7	  NegSmallBright	    335.9727	   1574.22	    0.0	    00000000     00000000	   1	[      4]
173   	0     	      9	   NeutSmallDark	    338.1094	   2136.72	    0.0	    00000000     00000000	   1	[      6]
174   	0     	     13	     condition13	    340.3203	   2210.94	    0.0	    00000000     00000000	   1	[       ]
175   	0     	      2	      condition2	    340.7812	    460.94	    0.0	    00000000     00000000	   1	[       ]
176   	0     	      6	  NegLargeBright	    342.3672	   1585.94	    0.0	    00000000     00000000	   1	[      3]
177   	0     	     11	 NeutSmallBright	    344.8203	   2453.12	    0.0	    00000000     00000000	   1	[      8]
178   	0     	      6	  NegLargeBright	    346.9336	   2113.28	    0.0	    00000000     00000000	   1	[      3]
179   	0     	      8	   NeutLargeDark	    349.1797	   2246.09	    0.0	    00000000     00000000	   1	[      5]
180   	0     	      6	  NegLargeBright	    351.5000	   2320.31	    0.0	    00000000     00000000	   1	[      3]
181   	0     	     15	     condition15	    353.6758	   2175.78	    0.0	    00000000     00000000	   1	[       ]
182   	0     	      2	      condition2	    354.1719	    496.09	    0.0	    00000000     00000000	   1	[       ]
183   	0     	      5	    NegSmallDark	    355.8203	   1648.44	    0.0	    00000000     00000000	   1	[      2]
184   	0     	      8	   NeutLargeDark	    358.2930	   2472.66	    0.0	    00000000     00000000	   1	[      5]
185   	0     	     13	     condition13	    360.5391	   2246.09	    0.0	    00000000     00000000	   1	[       ]
186   	0     	      2	      condition2	    360.9844	    445.31	    0.0	    00000000     00000000	   1	[       ]
187   	0     	      9	   NeutSmallDark	    362.8320	   1847.66	    0.0	    00000000     00000000	   1	[      6]
188   	0     	      8	   NeutLargeDark	    365.3477	   2515.62	    0.0	    00000000     00000000	   1	[      5]
189   	0     	     10	 NeutLargeBright	    367.8320	   2484.38	    0.0	    00000000     00000000	   1	[      7]
190   	0     	     14	     condition14	    370.2031	   2371.09	    0.0	    00000000     00000000	   1	[       ]
191   	0     	      2	      condition2	    370.7422	    539.06	    0.0	    00000000     00000000	   1	[       ]
192   	0     	     11	 NeutSmallBright	    372.2500	   1507.81	    0.0	    00000000     00000000	   1	[      8]
193   	0     	     14	     condition14	    374.6016	   2351.56	    0.0	    00000000     00000000	   1	[       ]
194   	0     	      2	      condition2	    375.0859	    484.38	    0.0	    00000000     00000000	   1	[       ]
195   	0     	      6	  NegLargeBright	    377.0273	   1941.41	    0.0	    00000000     00000000	   1	[      3]
196   	0     	      6	  NegLargeBright	    379.4922	   2464.84	    0.0	    00000000     00000000	   1	[      3]
197   	0     	     11	 NeutSmallBright	    382.0039	   2511.72	    0.0	    00000000     00000000	   1	[      8]
198   	0     	      9	   NeutSmallDark	    384.4297	   2425.78	    0.0	    00000000     00000000	   1	[      6]
199   	0     	     10	 NeutLargeBright	    386.4844	   2054.69	    0.0	    00000000     00000000	   1	[      7]
200   	0     	      6	  NegLargeBright	    389.0078	   2523.44	    0.0	    00000000     00000000	   1	[      3]
201   	0     	     13	     condition13	    391.0820	   2074.22	    0.0	    00000000     00000000	   1	[       ]
202   	0     	      2	      condition2	    391.6367	    554.69	    0.0	    00000000     00000000	   1	[       ]
203   	0     	     10	 NeutLargeBright	    393.5156	   1878.91	    0.0	    00000000     00000000	   1	[      7]
204   	0     	      9	   NeutSmallDark	    395.8984	   2382.81	    0.0	    00000000     00000000	   1	[      6]
205   	0     	      7	  NegSmallBright	    398.1445	   2246.09	    0.0	    00000000     00000000	   1	[      4]
206   	0     	      6	  NegLargeBright	    400.3867	   2242.19	    0.0	    00000000     00000000	   1	[      3]
207   	0     	     11	 NeutSmallBright	    402.5117	   2125.00	    0.0	    00000000     00000000	   1	[      8]
208   	0     	      5	    NegSmallDark	    404.9961	   2484.38	    0.0	    00000000     00000000	   1	[      2]
209   	0     	      9	   NeutSmallDark	    407.0898	   2093.75	    0.0	    00000000     00000000	   1	[      6]
210   	0     	      7	  NegSmallBright	    409.2344	   2144.53	    0.0	    00000000     00000000	   1	[      4]
211   	0     	      6	  NegLargeBright	    411.6484	   2414.06	    0.0	    00000000     00000000	   1	[      3]
212   	0     	      8	   NeutLargeDark	    414.1836	   2535.16	    0.0	    00000000     00000000	   1	[      5]
213   	0     	      5	    NegSmallDark	    416.2852	   2101.56	    0.0	    00000000     00000000	   1	[      2]
214   	0     	      8	   NeutLargeDark	    418.8203	   2535.16	    0.0	    00000000     00000000	   1	[      5]
215   	0     	      8	   NeutLargeDark	    421.2227	   2402.34	    0.0	    00000000     00000000	   1	[      5]
216   	0     	     11	 NeutSmallBright	    423.6094	   2386.72	    0.0	    00000000     00000000	   1	[      8]
217   	0     	     11	 NeutSmallBright	    426.0312	   2421.88	    0.0	    00000000     00000000	   1	[      8]
218   	0     	      8	   NeutLargeDark	    428.2070	   2175.78	    0.0	    00000000     00000000	   1	[      5]
219   	0     	      6	  NegLargeBright	    430.2695	   2062.50	    0.0	    00000000     00000000	   1	[      3]
220   	0     	      4	    NegLargeDark	    432.5859	   2316.41	    0.0	    00000000     00000000	   1	[      1]
221   	0     	     13	     condition13	    434.6484	   2062.50	    0.0	    00000000     00000000	   1	[       ]
222   	0     	      2	      condition2	    435.2227	    574.22	    0.0	    00000000     00000000	   1	[       ]
223   	0     	      9	   NeutSmallDark	    436.9922	   1769.53	    0.0	    00000000     00000000	   1	[      6]
224   	0     	      7	  NegSmallBright	    439.2852	   2292.97	    0.0	    00000000     00000000	   1	[      4]
225   	0     	     10	 NeutLargeBright	    441.3789	   2093.75	    0.0	    00000000     00000000	   1	[      7]
226   	0     	      7	  NegSmallBright	    443.5234	   2144.53	    0.0	    00000000     00000000	   1	[      4]
227   	0     	     12	     condition12	    445.8164	   2292.97	    0.0	    00000000     00000000	   1	[       ]
228   	0     	      2	      condition2	    446.3320	    515.62	    0.0	    00000000     00000000	   1	[       ]
229   	0     	      6	  NegLargeBright	    447.9922	   1660.16	    0.0	    00000000     00000000	   1	[      3]
230   	0     	      7	  NegSmallBright	    450.0469	   2054.69	    0.0	    00000000     00000000	   1	[      4]
231   	0     	     11	 NeutSmallBright	    452.4805	   2433.59	    0.0	    00000000     00000000	   1	[      8]
232   	0     	     10	 NeutLargeBright	    455.0156	   2535.16	    0.0	    00000000     00000000	   1	[      7]
233   	0     	      8	   NeutLargeDark	    457.1289	   2113.28	    0.0	    00000000     00000000	   1	[      5]
234   	0     	      7	  NegSmallBright	    459.5234	   2394.53	    0.0	    00000000     00000000	   1	[      4]
235   	0     	     14	     condition14	    462.0469	   2523.44	    0.0	    00000000     00000000	   1	[       ]
236   	0     	      2	      condition2	    462.6172	    570.31	    0.0	    00000000     00000000	   1	[       ]
237   	0     	      6	  NegLargeBright	    464.4922	   1875.00	    0.0	    00000000     00000000	   1	[      3]
238   	0     	     11	 NeutSmallBright	    466.6562	   2164.06	    0.0	    00000000     00000000	   1	[      8]
239   	0     	     11	 NeutSmallBright	    469.1172	   2460.94	    0.0	    00000000     00000000	   1	[      8]
240   	0     	      4	    NegLargeDark	    471.3516	   2234.38	    0.0	    00000000     00000000	   1	[      1]
241   	0     	      8	   NeutLargeDark	    473.4883	   2136.72	    0.0	    00000000     00000000	   1	[      5]
242   	0     	      5	    NegSmallDark	    475.7617	   2273.44	    0.0	    00000000     00000000	   1	[      2]
243   	0     	      8	   NeutLargeDark	    478.0234	   2261.72	    0.0	    00000000     00000000	   1	[      5]
244   	0     	      8	   NeutLargeDark	    480.2188	   2195.31	    0.0	    00000000     00000000	   1	[      5]
245   	0     	      7	  NegSmallBright	    482.5312	   2312.50	    0.0	    00000000     00000000	   1	[      4]
246   	0     	    253	              ""	    484.1719	   1640.62	    0.0	    00000000     00000000	   1	[       ]
247   	0     	     13	     condition13	    485.1758	   1003.91	    0.0	    00000000     00000000	   1	[       ]
248   	0     	      2	      condition2	    485.7969	    621.09	    0.0	    00000000     00000000	   1	[       ]
249   	0     	     10	 NeutLargeBright	    487.3203	   1523.44	    0.0	    00000000     00000000	   1	[      7]
250   	0     	      9	   NeutSmallDark	    489.4219	   2101.56	    0.0	    00000000     00000000	   1	[      6]
251   	0     	      7	  NegSmallBright	    491.5156	   2093.75	    0.0	    00000000     00000000	   1	[      4]
252   	0     	      5	    NegSmallDark	    493.6406	   2125.00	    0.0	    00000000     00000000	   1	[      2]
253   	0     	     15	     condition15	    495.6641	   2023.44	    0.0	    00000000     00000000	   1	[       ]
254   	0     	      2	      condition2	    496.2656	    601.56	    0.0	    00000000     00000000	   1	[       ]
255   	0     	     10	 NeutLargeBright	    497.7383	   1472.66	    0.0	    00000000     00000000	   1	[      7]
256   	0     	      5	    NegSmallDark	    499.8906	   2152.34	    0.0	    00000000     00000000	   1	[      2]
257   	0     	      4	    NegLargeDark	    502.2656	   2375.00	    0.0	    00000000     00000000	   1	[      1]
258   	0     	      8	   NeutLargeDark	    504.3984	   2132.81	    0.0	    00000000     00000000	   1	[      5]
259   	0     	      6	  NegLargeBright	    506.8555	   2457.03	    0.0	    00000000     00000000	   1	[      3]
260   	0     	     10	 NeutLargeBright	    509.2695	   2414.06	    0.0	    00000000     00000000	   1	[      7]
261   	0     	     12	     condition12	    511.5703	   2300.78	    0.0	    00000000     00000000	   1	[       ]
262   	0     	      2	      condition2	    512.1211	    550.78	    0.0	    00000000     00000000	   1	[       ]
263   	0     	     12	     condition12	    513.6445	   1523.44	    0.0	    00000000     00000000	   1	[       ]
264   	0     	      2	      condition2	    514.1094	    464.84	    0.0	    00000000     00000000	   1	[       ]
265   	0     	     10	 NeutLargeBright	    515.7695	   1660.16	    0.0	    00000000     00000000	   1	[      7]
266   	0     	      9	   NeutSmallDark	    518.2227	   2453.12	    0.0	    00000000     00000000	   1	[      6]
267   	0     	      5	    NegSmallDark	    520.2578	   2035.16	    0.0	    00000000     00000000	   1	[      2]
268   	0     	      6	  NegLargeBright	    522.4023	   2144.53	    0.0	    00000000     00000000	   1	[      3]
269   	0     	      4	    NegLargeDark	    524.8438	   2441.41	    0.0	    00000000     00000000	   1	[      1]
270   	0     	      5	    NegSmallDark	    527.2305	   2386.72	    0.0	    00000000     00000000	   1	[      2]
271   	0     	      9	   NeutSmallDark	    529.4531	   2222.66	    0.0	    00000000     00000000	   1	[      6]
272   	0     	      9	   NeutSmallDark	    531.6758	   2222.66	    0.0	    00000000     00000000	   1	[      6]
273   	0     	      7	  NegSmallBright	    533.8125	   2136.72	    0.0	    00000000     00000000	   1	[      4]
274   	0     	      9	   NeutSmallDark	    535.8867	   2074.22	    0.0	    00000000     00000000	   1	[      6]
275   	0     	      4	    NegLargeDark	    538.3984	   2511.72	    0.0	    00000000     00000000	   1	[      1]
276   	0     	      7	  NegSmallBright	    540.4531	   2054.69	    0.0	    00000000     00000000	   1	[      4]
277   	0     	     13	     condition13	    542.9062	   2453.12	    0.0	    00000000     00000000	   1	[       ]
278   	0     	      2	      condition2	    543.4805	    574.22	    0.0	    00000000     00000000	   1	[       ]
279   	0     	      8	   NeutLargeDark	    544.9805	   1500.00	    0.0	    00000000     00000000	   1	[      5]
280   	0     	      4	    NegLargeDark	    547.1445	   2164.06	    0.0	    00000000     00000000	   1	[      1]
281   	0     	     11	 NeutSmallBright	    549.5273	   2382.81	    0.0	    00000000     00000000	   1	[      8]
282   	0     	      9	   NeutSmallDark	    551.8438	   2316.41	    0.0	    00000000     00000000	   1	[      6]
283   	0     	     10	 NeutLargeBright	    554.3594	   2515.62	    0.0	    00000000     00000000	   1	[      7]
284   	0     	     12	     condition12	    556.4414	   2082.03	    0.0	    00000000     00000000	   1	[       ]
285   	0     	      2	      condition2	    556.9688	    527.34	    0.0	    00000000     00000000	   1	[       ]
286   	0     	      5	    NegSmallDark	    558.9258	   1957.03	    0.0	    00000000     00000000	   1	[      2]
287   	0     	      6	  NegLargeBright	    561.1289	   2203.12	    0.0	    00000000     00000000	   1	[      3]
288   	0     	     10	 NeutLargeBright	    563.3945	   2265.62	    0.0	    00000000     00000000	   1	[      7]
289   	0     	      8	   NeutLargeDark	    565.5078	   2113.28	    0.0	    00000000     00000000	   1	[      5]
290   	0     	     12	     condition12	    568.0117	   2503.91	    0.0	    00000000     00000000	   1	[       ]
291   	0     	      2	      condition2	    568.7891	    777.34	    0.0	    00000000     00000000	   1	[       ]
292   	0     	      9	   NeutSmallDark	    570.4453	   1656.25	    0.0	    00000000     00000000	   1	[      6]
293   	0     	     10	 NeutLargeBright	    572.7305	   2285.16	    0.0	    00000000     00000000	   1	[      7]
294   	0     	     14	     condition14	    575.0234	   2292.97	    0.0	    00000000     00000000	   1	[       ]
295   	0     	      2	      condition2	    575.5586	    535.16	    0.0	    00000000     00000000	   1	[       ]
296   	0     	     11	 NeutSmallBright	    577.1094	   1550.78	    0.0	    00000000     00000000	   1	[      8]
297   	0     	      8	   NeutLargeDark	    579.5000	   2390.62	    0.0	    00000000     00000000	   1	[      5]
298   	0     	      5	    NegSmallDark	    581.8047	   2304.69	    0.0	    00000000     00000000	   1	[      2]
299   	0     	      5	    NegSmallDark	    584.1289	   2324.22	    0.0	    00000000     00000000	   1	[      2]
300   	0     	     11	 NeutSmallBright	    586.3320	   2203.12	    0.0	    00000000     00000000	   1	[      8]
301   	0     	      9	   NeutSmallDark	    588.7969	   2464.84	    0.0	    00000000     00000000	   1	[      6]
302   	0     	      6	  NegLargeBright	    591.3008	   2503.91	    0.0	    00000000     00000000	   1	[      3]
303   	0     	     12	     condition12	    593.4375	   2136.72	    0.0	    00000000     00000000	   1	[       ]
304   	0     	      2	      condition2	    593.9062	    468.75	    0.0	    00000000     00000000	   1	[       ]
305   	0     	     15	     condition15	    595.7617	   1855.47	    0.0	    00000000     00000000	   1	[       ]
306   	0     	      2	      condition2	    596.3711	    609.38	    0.0	    00000000     00000000	   1	[       ]
307   	0     	      6	  NegLargeBright	    597.9023	   1531.25	    0.0	    00000000     00000000	   1	[      3]
308   	0     	      6	  NegLargeBright	    600.4297	   2527.34	    0.0	    00000000     00000000	   1	[      3]
309   	0     	     15	     condition15	    602.7344	   2304.69	    0.0	    00000000     00000000	   1	[       ]
310   	0     	      2	      condition2	    603.3281	    593.75	    0.0	    00000000     00000000	   1	[       ]
311   	0     	      4	    NegLargeDark	    605.0273	   1699.22	    0.0	    00000000     00000000	   1	[      1]
312   	0     	      9	   NeutSmallDark	    607.5312	   2503.91	    0.0	    00000000     00000000	   1	[      6]
313   	0     	     11	 NeutSmallBright	    609.8633	   2332.03	    0.0	    00000000     00000000	   1	[      8]
314   	0     	      5	    NegSmallDark	    611.9883	   2125.00	    0.0	    00000000     00000000	   1	[      2]
315   	0     	      7	  NegSmallBright	    614.3945	   2406.25	    0.0	    00000000     00000000	   1	[      4]
316   	0     	      8	   NeutLargeDark	    616.8281	   2433.59	    0.0	    00000000     00000000	   1	[      5]
317   	0     	      9	   NeutSmallDark	    619.3398	   2511.72	    0.0	    00000000     00000000	   1	[      6]
318   	0     	      5	    NegSmallDark	    621.8242	   2484.38	    0.0	    00000000     00000000	   1	[      2]
319   	0     	      9	   NeutSmallDark	    624.2188	   2394.53	    0.0	    00000000     00000000	   1	[      6]
320   	0     	      7	  NegSmallBright	    626.6055	   2386.72	    0.0	    00000000     00000000	   1	[      4]
321   	0     	      9	   NeutSmallDark	    628.6367	   2031.25	    0.0	    00000000     00000000	   1	[      6]
322   	0     	     10	 NeutLargeBright	    630.7305	   2093.75	    0.0	    00000000     00000000	   1	[      7]
323   	0     	      8	   NeutLargeDark	    632.9961	   2265.62	    0.0	    00000000     00000000	   1	[      5]
324   	0     	     11	 NeutSmallBright	    635.1680	   2171.88	    0.0	    00000000     00000000	   1	[      8]
325   	0     	      5	    NegSmallDark	    637.5742	   2406.25	    0.0	    00000000     00000000	   1	[      2]
326   	0     	      4	    NegLargeDark	    639.9766	   2402.34	    0.0	    00000000     00000000	   1	[      1]
327   	0     	      5	    NegSmallDark	    642.1406	   2164.06	    0.0	    00000000     00000000	   1	[      2]
328   	0     	      9	   NeutSmallDark	    645.5508	   3410.16	    0.0	    00000000     00000000	   1	[      6]
329   	0     	     15	     condition15	    647.7656	   2214.84	    0.0	    00000000     00000000	   1	[       ]
330   	0     	      2	      condition2	    648.5742	    808.59	    0.0	    00000000     00000000	   1	[       ]
331   	0     	     11	 NeutSmallBright	    649.8398	   1265.62	    0.0	    00000000     00000000	   1	[      8]
332   	0     	      8	   NeutLargeDark	    652.0430	   2203.12	    0.0	    00000000     00000000	   1	[      5]
333   	0     	      5	    NegSmallDark	    654.3867	   2343.75	    0.0	    00000000     00000000	   1	[      2]
334   	0     	      8	   NeutLargeDark	    656.8203	   2433.59	    0.0	    00000000     00000000	   1	[      5]
335   	0     	     14	     condition14	    659.2148	   2394.53	    0.0	    00000000     00000000	   1	[       ]
336   	0     	      2	      condition2	    659.7812	    566.41	    0.0	    00000000     00000000	   1	[       ]
337   	0     	      9	   NeutSmallDark	    661.3086	   1527.34	    0.0	    00000000     00000000	   1	[      6]
338   	0     	      6	  NegLargeBright	    663.4141	   2105.47	    0.0	    00000000     00000000	   1	[      3]
339   	0     	      8	   NeutLargeDark	    665.9062	   2492.19	    0.0	    00000000     00000000	   1	[      5]
340   	0     	     11	 NeutSmallBright	    668.2617	   2355.47	    0.0	    00000000     00000000	   1	[      8]
341   	0     	      6	  NegLargeBright	    670.6562	   2394.53	    0.0	    00000000     00000000	   1	[      3]
342   	0     	      5	    NegSmallDark	    672.7500	   2093.75	    0.0	    00000000     00000000	   1	[      2]
343   	0     	      9	   NeutSmallDark	    675.1055	   2355.47	    0.0	    00000000     00000000	   1	[      6]
344   	0     	      4	    NegLargeDark	    677.3086	   2203.12	    0.0	    00000000     00000000	   1	[      1]
345   	0     	      9	   NeutSmallDark	    679.3594	   2050.78	    0.0	    00000000     00000000	   1	[      6]
346   	0     	      6	  NegLargeBright	    681.5938	   2234.38	    0.0	    00000000     00000000	   1	[      3]
347   	0     	      9	   NeutSmallDark	    683.8398	   2246.09	    0.0	    00000000     00000000	   1	[      6]
348   	0     	      5	    NegSmallDark	    686.3633	   2523.44	    0.0	    00000000     00000000	   1	[      2]
349   	0     	     11	 NeutSmallBright	    688.8398	   2476.56	    0.0	    00000000     00000000	   1	[      8]
350   	0     	     10	 NeutLargeBright	    691.1133	   2273.44	    0.0	    00000000     00000000	   1	[      7]
351   	0     	     11	 NeutSmallBright	    693.2852	   2171.88	    0.0	    00000000     00000000	   1	[      8]
352   	0     	     14	     condition14	    695.3477	   2062.50	    0.0	    00000000     00000000	   1	[       ]
353   	0     	      2	      condition2	    696.0078	    660.16	    0.0	    00000000     00000000	   1	[       ]
354   	0     	      7	  NegSmallBright	    697.8750	   1867.19	    0.0	    00000000     00000000	   1	[      4]
355   	0     	     10	 NeutLargeBright	    699.9688	   2093.75	    0.0	    00000000     00000000	   1	[      7]
356   	0     	      6	  NegLargeBright	    702.3203	   2351.56	    0.0	    00000000     00000000	   1	[      3]
357   	0     	      9	   NeutSmallDark	    704.7266	   2406.25	    0.0	    00000000     00000000	   1	[      6]
358   	0     	     11	 NeutSmallBright	    706.8594	   2132.81	    0.0	    00000000     00000000	   1	[      8]
359   	0     	     11	 NeutSmallBright	    709.1445	   2285.16	    0.0	    00000000     00000000	   1	[      8]
360   	0     	     11	 NeutSmallBright	    711.5273	   2382.81	    0.0	    00000000     00000000	   1	[      8]
361   	0     	      4	    NegLargeDark	    713.6602	   2132.81	    0.0	    00000000     00000000	   1	[      1]
362   	0     	     11	 NeutSmallBright	    715.7656	   2105.47	    0.0	    00000000     00000000	   1	[      8]
363   	0     	      9	   NeutSmallDark	    718.2188	   2453.12	    0.0	    00000000     00000000	   1	[      6]
364   	0     	      6	  NegLargeBright	    720.4453	   2226.56	    0.0	    00000000     00000000	   1	[      3]
365   	0     	     11	 NeutSmallBright	    722.6758	   2230.47	    0.0	    00000000     00000000	   1	[      8]
366   	0     	     14	     condition14	    724.7695	   2093.75	    0.0	    00000000     00000000	   1	[       ]
367   	0     	      2	      condition2	    725.3242	    554.69	    0.0	    00000000     00000000	   1	[       ]
368   	0     	      7	  NegSmallBright	    727.1562	   1832.03	    0.0	    00000000     00000000	   1	[      4]
369   	0     	     14	     condition14	    729.6016	   2445.31	    0.0	    00000000     00000000	   1	[       ]
370   	0     	      2	      condition2	    730.1680	    566.41	    0.0	    00000000     00000000	   1	[       ]
371   	0     	      9	   NeutSmallDark	    731.9531	   1785.16	    0.0	    00000000     00000000	   1	[      6]
372   	0     	      6	  NegLargeBright	    734.1484	   2195.31	    0.0	    00000000     00000000	   1	[      3]
373   	0     	      5	    NegSmallDark	    736.3203	   2171.88	    0.0	    00000000     00000000	   1	[      2]
374   	0     	      4	    NegLargeDark	    738.7852	   2464.84	    0.0	    00000000     00000000	   1	[      1]
375   	0     	      8	   NeutLargeDark	    741.0195	   2234.38	    0.0	    00000000     00000000	   1	[      5]
376   	0     	      7	  NegSmallBright	    743.2344	   2214.84	    0.0	    00000000     00000000	   1	[      4]
377   	0     	      4	    NegLargeDark	    745.4492	   2214.84	    0.0	    00000000     00000000	   1	[      1]
378   	0     	     10	 NeutLargeBright	    747.9531	   2503.91	    0.0	    00000000     00000000	   1	[      7]
379   	0     	     12	     condition12	    750.4258	   2472.66	    0.0	    00000000     00000000	   1	[       ]
380   	0     	      2	      condition2	    751.1562	    730.47	    0.0	    00000000     00000000	   1	[       ]
381   	0     	      9	   NeutSmallDark	    752.8320	   1675.78	    0.0	    00000000     00000000	   1	[      6]
382   	0     	     12	     condition12	    754.9023	   2070.31	    0.0	    00000000     00000000	   1	[       ]
383   	0     	      2	      condition2	    755.4297	    527.34	    0.0	    00000000     00000000	   1	[       ]
384   	0     	      9	   NeutSmallDark	    757.0078	   1578.12	    0.0	    00000000     00000000	   1	[      6]
385   	0     	      8	   NeutLargeDark	    759.2500	   2242.19	    0.0	    00000000     00000000	   1	[      5]
386   	0     	     10	 NeutLargeBright	    761.5039	   2253.91	    0.0	    00000000     00000000	   1	[      7]
387   	0     	      9	   NeutSmallDark	    763.9297	   2425.78	    0.0	    00000000     00000000	   1	[      6]
388   	0     	      7	  NegSmallBright	    766.3945	   2464.84	    0.0	    00000000     00000000	   1	[      4]
389   	0     	      6	  NegLargeBright	    768.7695	   2375.00	    0.0	    00000000     00000000	   1	[      3]
390   	0     	      6	  NegLargeBright	    771.1328	   2363.28	    0.0	    00000000     00000000	   1	[      3]
391   	0     	      7	  NegSmallBright	    773.5859	   2453.12	    0.0	    00000000     00000000	   1	[      4]
392   	0     	      5	    NegSmallDark	    776.0508	   2464.84	    0.0	    00000000     00000000	   1	[      2]
393   	0     	      8	   NeutLargeDark	    778.4961	   2445.31	    0.0	    00000000     00000000	   1	[      5]
394   	0     	      5	    NegSmallDark	    780.9414	   2445.31	    0.0	    00000000     00000000	   1	[      2]
395   	0     	      6	  NegLargeBright	    783.4727	   2531.25	    0.0	    00000000     00000000	   1	[      3]
396   	0     	      7	  NegSmallBright	    786.0000	   2527.34	    0.0	    00000000     00000000	   1	[      4]
397   	0     	     13	     condition13	    788.4414	   2441.41	    0.0	    00000000     00000000	   1	[       ]
398   	0     	      2	      condition2	    788.9453	    503.91	    0.0	    00000000     00000000	   1	[       ]
399   	0     	      6	  NegLargeBright	    790.6367	   1691.41	    0.0	    00000000     00000000	   1	[      3]
400   	0     	      7	  NegSmallBright	    793.0117	   2375.00	    0.0	    00000000     00000000	   1	[      4]
401   	0     	     11	 NeutSmallBright	    795.1055	   2093.75	    0.0	    00000000     00000000	   1	[      8]
402   	0     	      6	  NegLargeBright	    797.4609	   2355.47	    0.0	    00000000     00000000	   1	[      3]
403   	0     	     11	 NeutSmallBright	    799.7617	   2300.78	    0.0	    00000000     00000000	   1	[      8]
404   	0     	      4	    NegLargeDark	    802.1875	   2425.78	    0.0	    00000000     00000000	   1	[      1]
405   	0     	     10	 NeutLargeBright	    804.7031	   2515.62	    0.0	    00000000     00000000	   1	[      7]
406   	0     	      6	  NegLargeBright	    807.3867	   2683.59	    0.0	    00000000     00000000	   1	[      3]
407   	0     	      7	  NegSmallBright	    809.4102	   2023.44	    0.0	    00000000     00000000	   1	[      4]
408   	0     	      9	   NeutSmallDark	    811.9062	   2496.09	    0.0	    00000000     00000000	   1	[      6]
409   	0     	     13	     condition13	    814.0273	   2121.09	    0.0	    00000000     00000000	   1	[       ]
410   	0     	      2	      condition2	    814.5547	    527.34	    0.0	    00000000     00000000	   1	[       ]
411   	0     	     10	 NeutLargeBright	    816.2930	   1738.28	    0.0	    00000000     00000000	   1	[      7]
412   	0     	      8	   NeutLargeDark	    818.4883	   2195.31	    0.0	    00000000     00000000	   1	[      5]
413   	0     	      7	  NegSmallBright	    820.5703	   2082.03	    0.0	    00000000     00000000	   1	[      4]
414   	0     	      6	  NegLargeBright	    822.6953	   2125.00	    0.0	    00000000     00000000	   1	[      3]
415   	0     	      4	    NegLargeDark	    824.8164	   2121.09	    0.0	    00000000     00000000	   1	[      1]
416   	0     	      5	    NegSmallDark	    826.9023	   2085.94	    0.0	    00000000     00000000	   1	[      2]
417   	0     	      7	  NegSmallBright	    829.2266	   2324.22	    0.0	    00000000     00000000	   1	[      4]
418   	0     	     11	 NeutSmallBright	    831.5898	   2363.28	    0.0	    00000000     00000000	   1	[      8]
419   	0     	     14	     condition14	    833.6953	   2105.47	    0.0	    00000000     00000000	   1	[       ]
420   	0     	      2	      condition2	    834.7266	   1031.25	    0.0	    00000000     00000000	   1	[       ]
421   	0     	      4	    NegLargeDark	    836.1680	   1441.41	    0.0	    00000000     00000000	   1	[      1]
422   	0     	      9	   NeutSmallDark	    838.4414	   2273.44	    0.0	    00000000     00000000	   1	[      6]
423   	0     	      4	    NegLargeDark	    840.6445	   2203.12	    0.0	    00000000     00000000	   1	[      1]
424   	0     	     11	 NeutSmallBright	    843.0117	   2367.19	    0.0	    00000000     00000000	   1	[      8]
425   	0     	     13	     condition13	    845.1641	   2152.34	    0.0	    00000000     00000000	   1	[       ]
426   	0     	      2	      condition2	    845.6289	    464.84	    0.0	    00000000     00000000	   1	[       ]
427   	0     	      9	   NeutSmallDark	    847.2070	   1578.12	    0.0	    00000000     00000000	   1	[      6]
428   	0     	      5	    NegSmallDark	    849.4609	   2253.91	    0.0	    00000000     00000000	   1	[      2]
429   	0     	      7	  NegSmallBright	    851.9453	   2484.38	    0.0	    00000000     00000000	   1	[      4]
430   	0     	      7	  NegSmallBright	    854.4688	   2523.44	    0.0	    00000000     00000000	   1	[      4]
431   	0     	     15	     condition15	    856.9258	   2457.03	    0.0	    00000000     00000000	   1	[       ]
432   	0     	      2	      condition2	    857.4727	    546.88	    0.0	    00000000     00000000	   1	[       ]
433   	0     	      5	    NegSmallDark	    859.4297	   1957.03	    0.0	    00000000     00000000	   1	[      2]
434   	0     	      8	   NeutLargeDark	    861.7422	   2312.50	    0.0	    00000000     00000000	   1	[      5]
435   	0     	      7	  NegSmallBright	    863.7969	   2054.69	    0.0	    00000000     00000000	   1	[      4]
436   	0     	      4	    NegLargeDark	    866.0703	   2273.44	    0.0	    00000000     00000000	   1	[      1]
437   	0     	     10	 NeutLargeBright	    868.5547	   2484.38	    0.0	    00000000     00000000	   1	[      7]
438   	0     	      6	  NegLargeBright	    870.9375	   2382.81	    0.0	    00000000     00000000	   1	[      3]
439   	0     	     11	 NeutSmallBright	    873.0938	   2156.25	    0.0	    00000000     00000000	   1	[      8]
440   	0     	     14	     condition14	    875.3867	   2292.97	    0.0	    00000000     00000000	   1	[       ]
441   	0     	      2	      condition2	    875.8477	    460.94	    0.0	    00000000     00000000	   1	[       ]
442   	0     	      4	    NegLargeDark	    877.6797	   1832.03	    0.0	    00000000     00000000	   1	[      1]
443   	0     	     11	 NeutSmallBright	    880.0234	   2343.75	    0.0	    00000000     00000000	   1	[      8]
444   	0     	      8	   NeutLargeDark	    882.1094	   2085.94	    0.0	    00000000     00000000	   1	[      5]
445   	0     	     11	 NeutSmallBright	    884.4336	   2324.22	    0.0	    00000000     00000000	   1	[      8]
446   	0     	     11	 NeutSmallBright	    886.6758	   2242.19	    0.0	    00000000     00000000	   1	[      8]
447   	0     	      6	  NegLargeBright	    888.9727	   2296.88	    0.0	    00000000     00000000	   1	[      3]
448   	0     	     15	     condition15	    891.2656	   2292.97	    0.0	    00000000     00000000	   1	[       ]
449   	0     	      2	      condition2	    891.9180	    652.34	    0.0	    00000000     00000000	   1	[       ]
450   	0     	      7	  NegSmallBright	    893.3672	   1449.22	    0.0	    00000000     00000000	   1	[      4]
451   	0     	      8	   NeutLargeDark	    895.7031	   2335.94	    0.0	    00000000     00000000	   1	[      5]
452   	0     	      8	   NeutLargeDark	    897.7383	   2035.16	    0.0	    00000000     00000000	   1	[      5]
453   	0     	      5	    NegSmallDark	    899.8984	   2160.16	    0.0	    00000000     00000000	   1	[      2]
454   	0     	     15	     condition15	    902.3125	   2414.06	    0.0	    00000000     00000000	   1	[       ]
455   	0     	      2	      condition2	    903.3867	   1074.22	    0.0	    00000000     00000000	   1	[       ]
456   	0     	      9	   NeutSmallDark	    904.5977	   1210.94	    0.0	    00000000     00000000	   1	[      6]
457   	0     	      9	   NeutSmallDark	    907.0117	   2414.06	    0.0	    00000000     00000000	   1	[      6]
458   	0     	     14	     condition14	    909.2148	   2203.12	    0.0	    00000000     00000000	   1	[       ]
459   	0     	      2	      condition2	    909.7695	    554.69	    0.0	    00000000     00000000	   1	[       ]
460   	0     	      8	   NeutLargeDark	    911.3789	   1609.38	    0.0	    00000000     00000000	   1	[      5]
461   	0     	      6	  NegLargeBright	    913.6953	   2316.41	    0.0	    00000000     00000000	   1	[      3]
462   	0     	      8	   NeutLargeDark	    915.8281	   2132.81	    0.0	    00000000     00000000	   1	[      5]
463   	0     	      9	   NeutSmallDark	    917.9023	   2074.22	    0.0	    00000000     00000000	   1	[      6]
464   	0     	      5	    NegSmallDark	    919.9258	   2023.44	    0.0	    00000000     00000000	   1	[      2]
465   	0     	      4	    NegLargeDark	    922.3906	   2464.84	    0.0	    00000000     00000000	   1	[      1]
466   	0     	      9	   NeutSmallDark	    924.8555	   2464.84	    0.0	    00000000     00000000	   1	[      6]
467   	0     	      4	    NegLargeDark	    927.0898	   2234.38	    0.0	    00000000     00000000	   1	[      1]
468   	0     	     11	 NeutSmallBright	    929.2227	   2132.81	    0.0	    00000000     00000000	   1	[      8]
469   	0     	     10	 NeutLargeBright	    931.3672	   2144.53	    0.0	    00000000     00000000	   1	[      7]
470   	0     	     11	 NeutSmallBright	    933.3984	   2031.25	    0.0	    00000000     00000000	   1	[      8]
471   	0     	     12	     condition12	    935.8047	   2406.25	    0.0	    00000000     00000000	   1	[       ]
472   	0     	      2	      condition2	    936.3828	    578.12	    0.0	    00000000     00000000	   1	[       ]
473   	0     	      9	   NeutSmallDark	    938.1758	   1792.97	    0.0	    00000000     00000000	   1	[      6]
474   	0     	      8	   NeutLargeDark	    940.6016	   2425.78	    0.0	    00000000     00000000	   1	[      5]
475   	0     	      9	   NeutSmallDark	    943.1055	   2503.91	    0.0	    00000000     00000000	   1	[      6]
476   	0     	     14	     condition14	    945.4219	   2316.41	    0.0	    00000000     00000000	   1	[       ]
477   	0     	      2	      condition2	    945.9219	    500.00	    0.0	    00000000     00000000	   1	[       ]
478   	0     	     11	 NeutSmallBright	    947.9258	   2003.91	    0.0	    00000000     00000000	   1	[      8]
479   	0     	     15	     condition15	    950.3477	   2421.88	    0.0	    00000000     00000000	   1	[       ]
480   	0     	      2	      condition2	    950.9805	    632.81	    0.0	    00000000     00000000	   1	[       ]
481   	0     	      6	  NegLargeBright	    952.4219	   1441.41	    0.0	    00000000     00000000	   1	[      3]
482   	0     	      8	   NeutLargeDark	    954.6953	   2273.44	    0.0	    00000000     00000000	   1	[      5]
483   	0     	      6	  NegLargeBright	    956.8516	   2156.25	    0.0	    00000000     00000000	   1	[      3]
484   	0     	      6	  NegLargeBright	    958.9258	   2074.22	    0.0	    00000000     00000000	   1	[      3]
485   	0     	      4	    NegLargeDark	    961.3594	   2433.59	    0.0	    00000000     00000000	   1	[      1]
486   	0     	     11	 NeutSmallBright	    963.7031	   2343.75	    0.0	    00000000     00000000	   1	[      8]
487   	0     	    253	              ""	    966.7500	   3046.88	    0.0	    00000000     00000000	   1	[       ]
488   	0     	      7	  NegSmallBright	    967.7500	   1000.00	    0.0	    00000000     00000000	   1	[      4]
489   	0     	      7	  NegSmallBright	    970.1953	   2445.31	    0.0	    00000000     00000000	   1	[      4]
490   	0     	      5	    NegSmallDark	    972.5898	   2394.53	    0.0	    00000000     00000000	   1	[      2]
491   	0     	      5	    NegSmallDark	    974.8242	   2234.38	    0.0	    00000000     00000000	   1	[      2]
492   	0     	     11	 NeutSmallBright	    977.2969	   2472.66	    0.0	    00000000     00000000	   1	[      8]
493   	0     	      6	  NegLargeBright	    979.7031	   2406.25	    0.0	    00000000     00000000	   1	[      3]
494   	0     	     13	     condition13	    981.9141	   2210.94	    0.0	    00000000     00000000	   1	[       ]
495   	0     	      2	      condition2	    982.4258	    511.72	    0.0	    00000000     00000000	   1	[       ]
496   	0     	      6	  NegLargeBright	    983.9883	   1562.50	    0.0	    00000000     00000000	   1	[      3]
497   	0     	     11	 NeutSmallBright	    986.2930	   2304.69	    0.0	    00000000     00000000	   1	[      8]
498   	0     	      4	    NegLargeDark	    988.4883	   2195.31	    0.0	    00000000     00000000	   1	[      1]
499   	0     	      6	  NegLargeBright	    990.7930	   2304.69	    0.0	    00000000     00000000	   1	[      3]
500   	0     	      6	  NegLargeBright	    993.1836	   2390.62	    0.0	    00000000     00000000	   1	[      3]
501   	0     	     11	 NeutSmallBright	    995.6094	   2425.78	    0.0	    00000000     00000000	   1	[      8]
502   	0     	      8	   NeutLargeDark	    997.7031	   2093.75	    0.0	    00000000     00000000	   1	[      5]
503   	0     	      5	    NegSmallDark	    999.9961	   2292.97	    0.0	    00000000     00000000	   1	[      2]
504   	0     	     11	 NeutSmallBright	   1002.4805	   2484.38	    0.0	    00000000     00000000	   1	[      8]
505   	0     	      5	    NegSmallDark	   1004.5664	   2085.94	    0.0	    00000000     00000000	   1	[      2]
506   	0     	      6	  NegLargeBright	   1006.8984	   2332.03	    0.0	    00000000     00000000	   1	[      3]
507   	0     	      4	    NegLargeDark	   1009.1523	   2253.91	    0.0	    00000000     00000000	   1	[      1]
508   	0     	     11	 NeutSmallBright	   1011.5391	   2386.72	    0.0	    00000000     00000000	   1	[      8]
509   	0     	     10	 NeutLargeBright	   1013.7734	   2234.38	    0.0	    00000000     00000000	   1	[      7]
510   	0     	     10	 NeutLargeBright	   1016.0938	   2320.31	    0.0	    00000000     00000000	   1	[      7]
511   	0     	     15	     condition15	   1018.5508	   2457.03	    0.0	    00000000     00000000	   1	[       ]
512   	0     	      2	      condition2	   1019.2227	    671.88	    0.0	    00000000     00000000	   1	[       ]
513   	0     	     15	     condition15	   1020.9258	   1703.12	    0.0	    00000000     00000000	   1	[       ]
514   	0     	      2	      condition2	   1021.5469	    621.09	    0.0	    00000000     00000000	   1	[       ]
515   	0     	      4	    NegLargeDark	   1023.0977	   1550.78	    0.0	    00000000     00000000	   1	[      1]
516   	0     	      4	    NegLargeDark	   1025.4531	   2355.47	    0.0	    00000000     00000000	   1	[      1]
517   	0     	      7	  NegSmallBright	   1027.6641	   2210.94	    0.0	    00000000     00000000	   1	[      4]
518   	0     	     10	 NeutLargeBright	   1030.0312	   2367.19	    0.0	    00000000     00000000	   1	[      7]
519   	0     	      8	   NeutLargeDark	   1032.1055	   2074.22	    0.0	    00000000     00000000	   1	[      5]
520   	0     	     10	 NeutLargeBright	   1034.3672	   2261.72	    0.0	    00000000     00000000	   1	[      7]
521   	0     	      9	   NeutSmallDark	   1036.5234	   2156.25	    0.0	    00000000     00000000	   1	[      6]
522   	0     	      9	   NeutSmallDark	   1038.6250	   2101.56	    0.0	    00000000     00000000	   1	[      6]
523   	0     	      6	  NegLargeBright	   1040.6992	   2074.22	    0.0	    00000000     00000000	   1	[      3]
524   	0     	      4	    NegLargeDark	   1042.7422	   2042.97	    0.0	    00000000     00000000	   1	[      1]
525   	0     	     10	 NeutLargeBright	   1044.9883	   2246.09	    0.0	    00000000     00000000	   1	[      7]
526   	0     	      8	   NeutLargeDark	   1047.5000	   2511.72	    0.0	    00000000     00000000	   1	[      5]
527   	0     	      4	    NegLargeDark	   1049.8633	   2363.28	    0.0	    00000000     00000000	   1	[      1]
528   	0     	      4	    NegLargeDark	   1052.0586	   2195.31	    0.0	    00000000     00000000	   1	[      1]
529   	0     	      7	  NegSmallBright	   1054.3242	   2265.62	    0.0	    00000000     00000000	   1	[      4]
530   	0     	      4	    NegLargeDark	   1056.5078	   2183.59	    0.0	    00000000     00000000	   1	[      1]
531   	0     	      6	  NegLargeBright	   1058.5586	   2050.78	    0.0	    00000000     00000000	   1	[      3]
532   	0     	     15	     condition15	   1060.8359	   2277.34	    0.0	    00000000     00000000	   1	[       ]
533   	0     	      2	      condition2	   1061.3594	    523.44	    0.0	    00000000     00000000	   1	[       ]
534   	0     	      5	    NegSmallDark	   1063.2969	   1937.50	    0.0	    00000000     00000000	   1	[      2]
535   	0     	     12	     condition12	   1065.7109	   2414.06	    0.0	    00000000     00000000	   1	[       ]
536   	0     	      2	      condition2	   1066.2461	    535.16	    0.0	    00000000     00000000	   1	[       ]
537   	0     	      9	   NeutSmallDark	   1068.0977	   1851.56	    0.0	    00000000     00000000	   1	[      6]
538   	0     	     13	     condition13	   1070.2305	   2132.81	    0.0	    00000000     00000000	   1	[       ]
539   	0     	      2	      condition2	   1070.7070	    476.56	    0.0	    00000000     00000000	   1	[       ]
540   	0     	     10	 NeutLargeBright	   1072.3828	   1675.78	    0.0	    00000000     00000000	   1	[      7]
541   	0     	     10	 NeutLargeBright	   1074.4766	   2093.75	    0.0	    00000000     00000000	   1	[      7]
542   	0     	      7	  NegSmallBright	   1076.8633	   2386.72	    0.0	    00000000     00000000	   1	[      4]
543   	0     	     10	 NeutLargeBright	   1079.2773	   2414.06	    0.0	    00000000     00000000	   1	[      7]
544   	0     	      5	    NegSmallDark	   1081.4492	   2171.88	    0.0	    00000000     00000000	   1	[      2]
545   	0     	     15	     condition15	   1083.7227	   2273.44	    0.0	    00000000     00000000	   1	[       ]
546   	0     	      2	      condition2	   1084.3125	    589.84	    0.0	    00000000     00000000	   1	[       ]
547   	0     	      6	  NegLargeBright	   1086.2500	   1937.50	    0.0	    00000000     00000000	   1	[      3]
548   	0     	      7	  NegSmallBright	   1088.6914	   2441.41	    0.0	    00000000     00000000	   1	[      4]
549   	0     	     10	 NeutLargeBright	   1091.1367	   2445.31	    0.0	    00000000     00000000	   1	[      7]
550   	0     	      8	   NeutLargeDark	   1093.2695	   2132.81	    0.0	    00000000     00000000	   1	[      5]
551   	0     	      5	    NegSmallDark	   1095.3555	   2085.94	    0.0	    00000000     00000000	   1	[      2]
552   	0     	     12	     condition12	   1097.6289	   2273.44	    0.0	    00000000     00000000	   1	[       ]
553   	0     	      2	      condition2	   1098.1055	    476.56	    0.0	    00000000     00000000	   1	[       ]
554   	0     	      5	    NegSmallDark	   1100.1523	   2046.88	    0.0	    00000000     00000000	   1	[      2]
555   	0     	      7	  NegSmallBright	   1102.3164	   2164.06	    0.0	    00000000     00000000	   1	[      4]
556   	0     	      8	   NeutLargeDark	   1104.6211	   2304.69	    0.0	    00000000     00000000	   1	[      5]
557   	0     	      7	  NegSmallBright	   1106.6953	   2074.22	    0.0	    00000000     00000000	   1	[      4]
558   	0     	     10	 NeutLargeBright	   1109.0508	   2355.47	    0.0	    00000000     00000000	   1	[      7]
559   	0     	     10	 NeutLargeBright	   1111.3125	   2261.72	    0.0	    00000000     00000000	   1	[      7]
560   	0     	      7	  NegSmallBright	   1113.6055	   2292.97	    0.0	    00000000     00000000	   1	[      4]
561   	0     	      7	  NegSmallBright	   1116.1133	   2507.81	    0.0	    00000000     00000000	   1	[      4]
562   	0     	     10	 NeutLargeBright	   1118.6367	   2523.44	    0.0	    00000000     00000000	   1	[      7]
563   	0     	      4	    NegLargeDark	   1120.8086	   2171.88	    0.0	    00000000     00000000	   1	[      1]
564   	0     	      5	    NegSmallDark	   1123.2539	   2445.31	    0.0	    00000000     00000000	   1	[      2]
565   	0     	     10	 NeutLargeBright	   1125.3867	   2132.81	    0.0	    00000000     00000000	   1	[      7]
566   	0     	    253	              ""	   1127.8281	   2441.41	    0.0	    00000000     00000000	   1	[       ]
567   	0     	      8	   NeutLargeDark	   1128.8281	   1000.00	    0.0	    00000000     00000000	   1	[      5]
568   	0     	      4	    NegLargeDark	   1130.9102	   2082.03	    0.0	    00000000     00000000	   1	[      1]
569   	0     	      9	   NeutSmallDark	   1133.2852	   2375.00	    0.0	    00000000     00000000	   1	[      6]
570   	0     	     11	 NeutSmallBright	   1135.4414	   2156.25	    0.0	    00000000     00000000	   1	[      8]
571   	0     	      4	    NegLargeDark	   1137.6445	   2203.12	    0.0	    00000000     00000000	   1	[      1]
572   	0     	      5	    NegSmallDark	   1139.9688	   2324.22	    0.0	    00000000     00000000	   1	[      2]
573   	0     	      8	   NeutLargeDark	   1142.3398	   2371.09	    0.0	    00000000     00000000	   1	[      5]
574   	0     	      5	    NegSmallDark	   1144.6641	   2324.22	    0.0	    00000000     00000000	   1	[      2]
575   	0     	      4	    NegLargeDark	   1146.8906	   2226.56	    0.0	    00000000     00000000	   1	[      1]
576   	0     	      6	  NegLargeBright	   1149.2031	   2312.50	    0.0	    00000000     00000000	   1	[      3]
577   	0     	      5	    NegSmallDark	   1151.2578	   2054.69	    0.0	    00000000     00000000	   1	[      2]
578   	0     	     10	 NeutLargeBright	   1153.6211	   2363.28	    0.0	    00000000     00000000	   1	[      7]
579   	0     	      5	    NegSmallDark	   1156.0742	   2453.12	    0.0	    00000000     00000000	   1	[      2]
580   	0     	      7	  NegSmallBright	   1158.3516	   2277.34	    0.0	    00000000     00000000	   1	[      4]
581   	0     	      9	   NeutSmallDark	   1160.6953	   2343.75	    0.0	    00000000     00000000	   1	[      6]
582   	0     	     11	 NeutSmallBright	   1163.1094	   2414.06	    0.0	    00000000     00000000	   1	[      8]
583   	0     	     15	     condition15	   1165.3516	   2242.19	    0.0	    00000000     00000000	   1	[       ]
584   	0     	      2	      condition2	   1165.9570	    605.47	    0.0	    00000000     00000000	   1	[       ]
585   	0     	     13	     condition13	   1167.7852	   1828.12	    0.0	    00000000     00000000	   1	[       ]
586   	0     	      2	      condition2	   1168.2812	    496.09	    0.0	    00000000     00000000	   1	[       ]
587   	0     	     11	 NeutSmallBright	   1170.1797	   1898.44	    0.0	    00000000     00000000	   1	[      8]
588   	0     	     12	     condition12	   1172.5938	   2414.06	    0.0	    00000000     00000000	   1	[       ]
589   	0     	      2	      condition2	   1173.0742	    480.47	    0.0	    00000000     00000000	   1	[       ]
590   	0     	      4	    NegLargeDark	   1174.8203	   1746.09	    0.0	    00000000     00000000	   1	[      1]
591   	0     	      9	   NeutSmallDark	   1177.1328	   2312.50	    0.0	    00000000     00000000	   1	[      6]
592   	0     	      4	    NegLargeDark	   1179.1953	   2062.50	    0.0	    00000000     00000000	   1	[      1]
593   	0     	      8	   NeutLargeDark	   1181.4297	   2234.38	    0.0	    00000000     00000000	   1	[      5]
594   	0     	     11	 NeutSmallBright	   1183.8750	   2445.31	    0.0	    00000000     00000000	   1	[      8]
595   	0     	     11	 NeutSmallBright	   1185.9766	   2101.56	    0.0	    00000000     00000000	   1	[      8]
596   	0     	     11	 NeutSmallBright	   1188.0508	   2074.22	    0.0	    00000000     00000000	   1	[      8]
597   	0     	      7	  NegSmallBright	   1190.3242	   2273.44	    0.0	    00000000     00000000	   1	[      4]
598   	0     	      5	    NegSmallDark	   1192.5195	   2195.31	    0.0	    00000000     00000000	   1	[      2]
599   	0     	     13	     condition13	   1194.9844	   2464.84	    0.0	    00000000     00000000	   1	[       ]
600   	0     	      2	      condition2	   1195.5820	    597.66	    0.0	    00000000     00000000	   1	[       ]
601   	0     	     10	 NeutLargeBright	   1197.5000	   1917.97	    0.0	    00000000     00000000	   1	[      7]
602   	0     	      8	   NeutLargeDark	   1199.8320	   2332.03	    0.0	    00000000     00000000	   1	[      5]
603   	0     	      4	    NegLargeDark	   1202.3086	   2476.56	    0.0	    00000000     00000000	   1	[      1]
604   	0     	     11	 NeutSmallBright	   1204.3320	   2023.44	    0.0	    00000000     00000000	   1	[      8]
605   	0     	      5	    NegSmallDark	   1206.6836	   2351.56	    0.0	    00000000     00000000	   1	[      2]
606   	0     	     12	     condition12	   1208.8867	   2203.12	    0.0	    00000000     00000000	   1	[       ]
607   	0     	      2	      condition2	   1209.5156	    628.91	    0.0	    00000000     00000000	   1	[       ]
608   	0     	      7	  NegSmallBright	   1211.0742	   1558.59	    0.0	    00000000     00000000	   1	[      4]
609   	0     	     13	     condition13	   1213.3750	   2300.78	    0.0	    00000000     00000000	   1	[       ]
610   	0     	      2	      condition2	   1213.8359	    460.94	    0.0	    00000000     00000000	   1	[       ]
611   	0     	     10	 NeutLargeBright	   1215.7891	   1953.12	    0.0	    00000000     00000000	   1	[      7]
612   	0     	     14	     condition14	   1218.0938	   2304.69	    0.0	    00000000     00000000	   1	[       ]
613   	0     	      2	      condition2	   1218.7695	    675.78	    0.0	    00000000     00000000	   1	[       ]
614   	0     	      5	    NegSmallDark	   1220.2578	   1488.28	    0.0	    00000000     00000000	   1	[      2]
615   	0     	      4	    NegLargeDark	   1222.7344	   2476.56	    0.0	    00000000     00000000	   1	[      1]
616   	0     	      8	   NeutLargeDark	   1225.0781	   2343.75	    0.0	    00000000     00000000	   1	[      5]
617   	0     	     10	 NeutLargeBright	   1227.5898	   2511.72	    0.0	    00000000     00000000	   1	[      7]
618   	0     	     15	     condition15	   1229.6953	   2105.47	    0.0	    00000000     00000000	   1	[       ]
619   	0     	      2	      condition2	   1230.3125	    617.19	    0.0	    00000000     00000000	   1	[       ]
620   	0     	      9	   NeutSmallDark	   1232.1094	   1796.88	    0.0	    00000000     00000000	   1	[      6]
621   	0     	      5	    NegSmallDark	   1234.5625	   2453.12	    0.0	    00000000     00000000	   1	[      2]
622   	0     	      7	  NegSmallBright	   1236.8594	   2296.88	    0.0	    00000000     00000000	   1	[      4]
623   	0     	      7	  NegSmallBright	   1239.2734	   2414.06	    0.0	    00000000     00000000	   1	[      4]
624   	0     	      9	   NeutSmallDark	   1241.3945	   2121.09	    0.0	    00000000     00000000	   1	[      6]
625   	0     	      9	   NeutSmallDark	   1243.5898	   2195.31	    0.0	    00000000     00000000	   1	[      6]
626   	0     	     10	 NeutLargeBright	   1245.7344	   2144.53	    0.0	    00000000     00000000	   1	[      7]
627   	0     	     13	     condition13	   1248.1562	   2421.88	    0.0	    00000000     00000000	   1	[       ]
628   	0     	      2	      condition2	   1248.8281	    671.88	    0.0	    00000000     00000000	   1	[       ]
629   	0     	      6	  NegLargeBright	   1250.4102	   1582.03	    0.0	    00000000     00000000	   1	[      3]
630   	0     	      7	  NegSmallBright	   1252.6953	   2285.16	    0.0	    00000000     00000000	   1	[      4]
631   	0     	      4	    NegLargeDark	   1254.8789	   2183.59	    0.0	    00000000     00000000	   1	[      1]
632   	0     	      9	   NeutSmallDark	   1256.9844	   2105.47	    0.0	    00000000     00000000	   1	[      6]
633   	0     	     11	 NeutSmallBright	   1259.4883	   2503.91	    0.0	    00000000     00000000	   1	[      8]
634   	0     	      9	   NeutSmallDark	   1261.9414	   2453.12	    0.0	    00000000     00000000	   1	[      6]
635   	0     	      7	  NegSmallBright	   1264.4648	   2523.44	    0.0	    00000000     00000000	   1	[      4]
636   	0     	      8	   NeutLargeDark	   1266.7422	   2277.34	    0.0	    00000000     00000000	   1	[      5]
637   	0     	      7	  NegSmallBright	   1268.9336	   2191.41	    0.0	    00000000     00000000	   1	[      4]
638   	0     	      4	    NegLargeDark	   1271.3398	   2406.25	    0.0	    00000000     00000000	   1	[      1]
639   	0     	      5	    NegSmallDark	   1273.3711	   2031.25	    0.0	    00000000     00000000	   1	[      2]
640   	0     	      6	  NegLargeBright	   1275.4844	   2113.28	    0.0	    00000000     00000000	   1	[      3]
641   	0     	      5	    NegSmallDark	   1277.8711	   2386.72	    0.0	    00000000     00000000	   1	[      2]
642   	0     	     10	 NeutLargeBright	   1280.2930	   2421.88	    0.0	    00000000     00000000	   1	[      7]
643   	0     	      7	  NegSmallBright	   1282.6484	   2355.47	    0.0	    00000000     00000000	   1	[      4]
644   	0     	     10	 NeutLargeBright	   1284.8516	   2203.12	    0.0	    00000000     00000000	   1	[      7]
645   	0     	      8	   NeutLargeDark	   1287.2578	   2406.25	    0.0	    00000000     00000000	   1	[      5]
