#  Non-editable header begin --------------------------------------------------------------------------------
# 
#  data format...............: continuous
#  setname...................: BDF file
#  filename..................: none_specified
#  filepath..................: none_specified
#  nchan.....................: 64
#  pnts......................: 329472
#  srate.....................: 256
#  nevents...................: 648
#  generated by (bdf)........: 
#  generated by (set)........: BDF file
#  reported in ..............: 
#  prog Version..............: 8.02
#  creation date.............: 16-Nov-2020 15:12:26
#  user Account..............: 
# 
#  Non-editable header end --------------------------------------------------------------------------------

	bin 1,	# 60,	NegLargeDark
	bin 2,	# 60,	NegSmallDark
	bin 3,	# 60,	NegLargeBright
	bin 4,	# 60,	NegSmallBright
	bin 5,	# 60,	NeutLargeDark
	bin 6,	# 60,	NeutSmallDark
	bin 7,	# 60,	NeutLargeBright
	bin 8,	# 60,	NeutSmallBright



# item	 bepoch	  ecode	            label	      onset	          diff	     dura	b_flags	   a_flags	  enable	    bin
#                                                 (sec)           (msec)     (msec)    (binary)   (binary)


1     	0     	      6	  NegLargeBright	      1.3242	      0.00	    0.0	    00000000     00000000	   1	[      3]
2     	0     	      6	  NegLargeBright	      3.6758	   2351.56	    0.0	    00000000     00000000	   1	[      3]
3     	0     	      6	  NegLargeBright	      5.9531	   2277.34	    0.0	    00000000     00000000	   1	[      3]
4     	0     	      6	  NegLargeBright	      8.4258	   2472.66	    0.0	    00000000     00000000	   1	[      3]
5     	0     	     10	 NeutLargeBright	     10.6094	   2183.59	    0.0	    00000000     00000000	   1	[      7]
6     	0     	      7	  NegSmallBright	     13.0938	   2484.38	    0.0	    00000000     00000000	   1	[      4]
7     	0     	     10	 NeutLargeBright	     15.2969	   2203.12	    0.0	    00000000     00000000	   1	[      7]
8     	0     	     10	 NeutLargeBright	     17.5508	   2253.91	    0.0	    00000000     00000000	   1	[      7]
9     	0     	      8	   NeutLargeDark	     19.7969	   2246.09	    0.0	    00000000     00000000	   1	[      5]
10    	0     	      8	   NeutLargeDark	     22.0195	   2222.66	    0.0	    00000000     00000000	   1	[      5]
11    	0     	     11	 NeutSmallBright	     24.2734	   2253.91	    0.0	    00000000     00000000	   1	[      8]
12    	0     	     11	 NeutSmallBright	     26.3281	   2054.69	    0.0	    00000000     00000000	   1	[      8]
13    	0     	     11	 NeutSmallBright	     28.6094	   2281.25	    0.0	    00000000     00000000	   1	[      8]
14    	0     	     11	 NeutSmallBright	     31.0742	   2464.84	    0.0	    00000000     00000000	   1	[      8]
15    	0     	      5	    NegSmallDark	     33.5781	   2503.91	    0.0	    00000000     00000000	   1	[      2]
16    	0     	      5	    NegSmallDark	     35.9844	   2406.25	    0.0	    00000000     00000000	   1	[      2]
17    	0     	     10	 NeutLargeBright	     38.1992	   2214.84	    0.0	    00000000     00000000	   1	[      7]
18    	0     	     12	     condition12	     40.5625	   2363.28	    0.0	    00000000     00000000	   1	[       ]
19    	0     	      2	      condition2	     41.2383	    675.78	    0.0	    00000000     00000000	   1	[       ]
20    	0     	      6	  NegLargeBright	     42.7969	   1558.59	    0.0	    00000000     00000000	   1	[      3]
21    	0     	      6	  NegLargeBright	     44.8281	   2031.25	    0.0	    00000000     00000000	   1	[      3]
22    	0     	     11	 NeutSmallBright	     46.8750	   2046.88	    0.0	    00000000     00000000	   1	[      8]
23    	0     	      7	  NegSmallBright	     49.0977	   2222.66	    0.0	    00000000     00000000	   1	[      4]
24    	0     	     10	 NeutLargeBright	     51.4297	   2332.03	    0.0	    00000000     00000000	   1	[      7]
25    	0     	      4	    NegLargeDark	     53.8047	   2375.00	    0.0	    00000000     00000000	   1	[      1]
26    	0     	      9	   NeutSmallDark	     56.2812	   2476.56	    0.0	    00000000     00000000	   1	[      6]
27    	0     	     11	 NeutSmallBright	     58.5352	   2253.91	    0.0	    00000000     00000000	   1	[      8]
28    	0     	      8	   NeutLargeDark	     60.9766	   2441.41	    0.0	    00000000     00000000	   1	[      5]
29    	0     	     13	     condition13	     63.0820	   2105.47	    0.0	    00000000     00000000	   1	[       ]
30    	0     	      2	      condition2	     63.7852	    703.12	    0.0	    00000000     00000000	   1	[       ]
31    	0     	      8	   NeutLargeDark	     65.3750	   1589.84	    0.0	    00000000     00000000	   1	[      5]
32    	0     	      7	  NegSmallBright	     67.5586	   2183.59	    0.0	    00000000     00000000	   1	[      4]
33    	0     	      7	  NegSmallBright	     69.8633	   2304.69	    0.0	    00000000     00000000	   1	[      4]
34    	0     	     10	 NeutLargeBright	     72.0664	   2203.12	    0.0	    00000000     00000000	   1	[      7]
35    	0     	      4	    NegLargeDark	     74.1211	   2054.69	    0.0	    00000000     00000000	   1	[      1]
36    	0     	     15	     condition15	     76.5859	   2464.84	    0.0	    00000000     00000000	   1	[       ]
37    	0     	      2	      condition2	     77.3906	    804.69	    0.0	    00000000     00000000	   1	[       ]
38    	0     	     10	 NeutLargeBright	     78.8203	   1429.69	    0.0	    00000000     00000000	   1	[      7]
39    	0     	      5	    NegSmallDark	     81.3242	   2503.91	    0.0	    00000000     00000000	   1	[      2]
40    	0     	     10	 NeutLargeBright	     83.5469	   2222.66	    0.0	    00000000     00000000	   1	[      7]
41    	0     	      6	  NegLargeBright	     85.6406	   2093.75	    0.0	    00000000     00000000	   1	[      3]
42    	0     	     11	 NeutSmallBright	     87.8047	   2164.06	    0.0	    00000000     00000000	   1	[      8]
43    	0     	     15	     condition15	     89.9297	   2125.00	    0.0	    00000000     00000000	   1	[       ]
44    	0     	      2	      condition2	     90.6641	    734.38	    0.0	    00000000     00000000	   1	[       ]
45    	0     	     10	 NeutLargeBright	     92.3047	   1640.62	    0.0	    00000000     00000000	   1	[      7]
46    	0     	      4	    NegLargeDark	     94.7070	   2402.34	    0.0	    00000000     00000000	   1	[      1]
47    	0     	      9	   NeutSmallDark	     96.8008	   2093.75	    0.0	    00000000     00000000	   1	[      6]
48    	0     	      4	    NegLargeDark	     99.0039	   2203.12	    0.0	    00000000     00000000	   1	[      1]
49    	0     	      4	    NegLargeDark	    101.2188	   2214.84	    0.0	    00000000     00000000	   1	[      1]
50    	0     	     10	 NeutLargeBright	    103.5742	   2355.47	    0.0	    00000000     00000000	   1	[      7]
51    	0     	      8	   NeutLargeDark	    105.6172	   2042.97	    0.0	    00000000     00000000	   1	[      5]
52    	0     	      7	  NegSmallBright	    107.6992	   2082.03	    0.0	    00000000     00000000	   1	[      4]
53    	0     	      8	   NeutLargeDark	    110.1445	   2445.31	    0.0	    00000000     00000000	   1	[      5]
54    	0     	      9	   NeutSmallDark	    112.1797	   2035.16	    0.0	    00000000     00000000	   1	[      6]
55    	0     	      5	    NegSmallDark	    114.3320	   2152.34	    0.0	    00000000     00000000	   1	[      2]
56    	0     	      7	  NegSmallBright	    116.5977	   2265.62	    0.0	    00000000     00000000	   1	[      4]
57    	0     	      5	    NegSmallDark	    118.9492	   2351.56	    0.0	    00000000     00000000	   1	[      2]
58    	0     	     10	 NeutLargeBright	    121.3047	   2355.47	    0.0	    00000000     00000000	   1	[      7]
59    	0     	      7	  NegSmallBright	    123.3789	   2074.22	    0.0	    00000000     00000000	   1	[      4]
60    	0     	     11	 NeutSmallBright	    125.6328	   2253.91	    0.0	    00000000     00000000	   1	[      8]
61    	0     	      5	    NegSmallDark	    127.7969	   2164.06	    0.0	    00000000     00000000	   1	[      2]
62    	0     	      8	   NeutLargeDark	    129.9102	   2113.28	    0.0	    00000000     00000000	   1	[      5]
63    	0     	      7	  NegSmallBright	    132.2344	   2324.22	    0.0	    00000000     00000000	   1	[      4]
64    	0     	      8	   NeutLargeDark	    134.3672	   2132.81	    0.0	    00000000     00000000	   1	[      5]
65    	0     	     11	 NeutSmallBright	    136.6406	   2273.44	    0.0	    00000000     00000000	   1	[      8]
66    	0     	      7	  NegSmallBright	    138.8359	   2195.31	    0.0	    00000000     00000000	   1	[      4]
67    	0     	      8	   NeutLargeDark	    141.1797	   2343.75	    0.0	    00000000     00000000	   1	[      5]
68    	0     	      9	   NeutSmallDark	    143.6719	   2492.19	    0.0	    00000000     00000000	   1	[      6]
69    	0     	     10	 NeutLargeBright	    146.1094	   2437.50	    0.0	    00000000     00000000	   1	[      7]
70    	0     	     10	 NeutLargeBright	    148.1914	   2082.03	    0.0	    00000000     00000000	   1	[      7]
71    	0     	     14	     condition14	    150.4648	   2273.44	    0.0	    00000000     00000000	   1	[       ]
72    	0     	      2	      condition2	    151.3086	    843.75	    0.0	    00000000     00000000	   1	[       ]
73    	0     	      9	   NeutSmallDark	    152.4883	   1179.69	    0.0	    00000000     00000000	   1	[      6]
74    	0     	      7	  NegSmallBright	    154.5234	   2035.16	    0.0	    00000000     00000000	   1	[      4]
75    	0     	      6	  NegLargeBright	    156.9180	   2394.53	    0.0	    00000000     00000000	   1	[      3]
76    	0     	    253	              ""	    159.3281	   2410.16	    0.0	    00000000     00000000	   1	[       ]
77    	0     	     10	 NeutLargeBright	    160.3359	   1007.81	    0.0	    00000000     00000000	   1	[      7]
78    	0     	     15	     condition15	    162.8203	   2484.38	    0.0	    00000000     00000000	   1	[       ]
79    	0     	      2	      condition2	    163.4883	    667.97	    0.0	    00000000     00000000	   1	[       ]
80    	0     	     11	 NeutSmallBright	    165.0625	   1574.22	    0.0	    00000000     00000000	   1	[      8]
81    	0     	     11	 NeutSmallBright	    167.1484	   2085.94	    0.0	    00000000     00000000	   1	[      8]
82    	0     	      7	  NegSmallBright	    169.6602	   2511.72	    0.0	    00000000     00000000	   1	[      4]
83    	0     	      4	    NegLargeDark	    172.0039	   2343.75	    0.0	    00000000     00000000	   1	[      1]
84    	0     	      7	  NegSmallBright	    174.0703	   2066.41	    0.0	    00000000     00000000	   1	[      4]
85    	0     	      6	  NegLargeBright	    176.4922	   2421.88	    0.0	    00000000     00000000	   1	[      3]
86    	0     	      9	   NeutSmallDark	    178.8984	   2406.25	    0.0	    00000000     00000000	   1	[      6]
87    	0     	     13	     condition13	    180.9531	   2054.69	    0.0	    00000000     00000000	   1	[       ]
88    	0     	      2	      condition2	    181.5117	    558.59	    0.0	    00000000     00000000	   1	[       ]
89    	0     	      6	  NegLargeBright	    183.2148	   1703.12	    0.0	    00000000     00000000	   1	[      3]
90    	0     	     12	     condition12	    185.6602	   2445.31	    0.0	    00000000     00000000	   1	[       ]
91    	0     	      2	      condition2	    186.7070	   1046.88	    0.0	    00000000     00000000	   1	[       ]
92    	0     	     10	 NeutLargeBright	    187.7148	   1007.81	    0.0	    00000000     00000000	   1	[      7]
93    	0     	      8	   NeutLargeDark	    190.0273	   2312.50	    0.0	    00000000     00000000	   1	[      5]
94    	0     	      6	  NegLargeBright	    192.5312	   2503.91	    0.0	    00000000     00000000	   1	[      3]
95    	0     	     10	 NeutLargeBright	    194.5859	   2054.69	    0.0	    00000000     00000000	   1	[      7]
96    	0     	     11	 NeutSmallBright	    196.6094	   2023.44	    0.0	    00000000     00000000	   1	[      8]
97    	0     	     15	     condition15	    198.8516	   2242.19	    0.0	    00000000     00000000	   1	[       ]
98    	0     	      2	      condition2	    199.4102	    558.59	    0.0	    00000000     00000000	   1	[       ]
99    	0     	     11	 NeutSmallBright	    201.2188	   1808.59	    0.0	    00000000     00000000	   1	[      8]
100   	0     	      5	    NegSmallDark	    203.7227	   2503.91	    0.0	    00000000     00000000	   1	[      2]
101   	0     	      5	    NegSmallDark	    205.7461	   2023.44	    0.0	    00000000     00000000	   1	[      2]
102   	0     	      6	  NegLargeBright	    207.9375	   2191.41	    0.0	    00000000     00000000	   1	[      3]
103   	0     	     15	     condition15	    210.2422	   2304.69	    0.0	    00000000     00000000	   1	[       ]
104   	0     	      2	      condition2	    210.9219	    679.69	    0.0	    00000000     00000000	   1	[       ]
105   	0     	      5	    NegSmallDark	    212.3047	   1382.81	    0.0	    00000000     00000000	   1	[      2]
106   	0     	     14	     condition14	    214.7305	   2425.78	    0.0	    00000000     00000000	   1	[       ]
107   	0     	      2	      condition2	    215.2656	    535.16	    0.0	    00000000     00000000	   1	[       ]
108   	0     	     12	     condition12	    217.0352	   1769.53	    0.0	    00000000     00000000	   1	[       ]
109   	0     	      2	      condition2	    217.5938	    558.59	    0.0	    00000000     00000000	   1	[       ]
110   	0     	      7	  NegSmallBright	    219.3984	   1804.69	    0.0	    00000000     00000000	   1	[      4]
111   	0     	     12	     condition12	    221.7031	   2304.69	    0.0	    00000000     00000000	   1	[       ]
112   	0     	      2	      condition2	    222.2461	    542.97	    0.0	    00000000     00000000	   1	[       ]
113   	0     	     15	     condition15	    223.8750	   1628.91	    0.0	    00000000     00000000	   1	[       ]
114   	0     	      2	      condition2	    224.9492	   1074.22	    0.0	    00000000     00000000	   1	[       ]
115   	0     	      4	    NegLargeDark	    226.1211	   1171.88	    0.0	    00000000     00000000	   1	[      1]
116   	0     	      7	  NegSmallBright	    228.4961	   2375.00	    0.0	    00000000     00000000	   1	[      4]
117   	0     	      5	    NegSmallDark	    230.7383	   2242.19	    0.0	    00000000     00000000	   1	[      2]
118   	0     	      9	   NeutSmallDark	    233.1445	   2406.25	    0.0	    00000000     00000000	   1	[      6]
119   	0     	      5	    NegSmallDark	    235.2188	   2074.22	    0.0	    00000000     00000000	   1	[      2]
120   	0     	      9	   NeutSmallDark	    237.3398	   2121.09	    0.0	    00000000     00000000	   1	[      6]
121   	0     	      8	   NeutLargeDark	    239.3828	   2042.97	    0.0	    00000000     00000000	   1	[      5]
122   	0     	      7	  NegSmallBright	    241.6484	   2265.62	    0.0	    00000000     00000000	   1	[      4]
123   	0     	      5	    NegSmallDark	    244.0039	   2355.47	    0.0	    00000000     00000000	   1	[      2]
124   	0     	      4	    NegLargeDark	    246.1445	   2140.62	    0.0	    00000000     00000000	   1	[      1]
125   	0     	      5	    NegSmallDark	    248.2578	   2113.28	    0.0	    00000000     00000000	   1	[      2]
126   	0     	      9	   NeutSmallDark	    250.3047	   2046.88	    0.0	    00000000     00000000	   1	[      6]
127   	0     	      8	   NeutLargeDark	    252.8164	   2511.72	    0.0	    00000000     00000000	   1	[      5]
128   	0     	      4	    NegLargeDark	    254.9219	   2105.47	    0.0	    00000000     00000000	   1	[      1]
129   	0     	      4	    NegLargeDark	    257.2266	   2304.69	    0.0	    00000000     00000000	   1	[      1]
130   	0     	      9	   NeutSmallDark	    259.5703	   2343.75	    0.0	    00000000     00000000	   1	[      6]
131   	0     	      4	    NegLargeDark	    261.6523	   2082.03	    0.0	    00000000     00000000	   1	[      1]
132   	0     	      5	    NegSmallDark	    264.1172	   2464.84	    0.0	    00000000     00000000	   1	[      2]
133   	0     	      9	   NeutSmallDark	    266.4219	   2304.69	    0.0	    00000000     00000000	   1	[      6]
134   	0     	      5	    NegSmallDark	    268.6758	   2253.91	    0.0	    00000000     00000000	   1	[      2]
135   	0     	      4	    NegLargeDark	    271.1719	   2496.09	    0.0	    00000000     00000000	   1	[      1]
136   	0     	      5	    NegSmallDark	    273.4336	   2261.72	    0.0	    00000000     00000000	   1	[      2]
137   	0     	      9	   NeutSmallDark	    275.8594	   2425.78	    0.0	    00000000     00000000	   1	[      6]
138   	0     	     15	     condition15	    277.9531	   2093.75	    0.0	    00000000     00000000	   1	[       ]
139   	0     	      2	      condition2	    278.7656	    812.50	    0.0	    00000000     00000000	   1	[       ]
140   	0     	      5	    NegSmallDark	    280.1758	   1410.16	    0.0	    00000000     00000000	   1	[      2]
141   	0     	     10	 NeutLargeBright	    282.5312	   2355.47	    0.0	    00000000     00000000	   1	[      7]
142   	0     	      9	   NeutSmallDark	    284.7539	   2222.66	    0.0	    00000000     00000000	   1	[      6]
143   	0     	     10	 NeutLargeBright	    287.1992	   2445.31	    0.0	    00000000     00000000	   1	[      7]
144   	0     	      2	      condition2	    287.7891	    589.84	    0.0	    00000000     00000000	   1	[       ]
145   	0     	      6	  NegLargeBright	    289.4727	   1683.59	    0.0	    00000000     00000000	   1	[      3]
146   	0     	      5	    NegSmallDark	    291.5664	   2093.75	    0.0	    00000000     00000000	   1	[      2]
147   	0     	      6	  NegLargeBright	    293.6289	   2062.50	    0.0	    00000000     00000000	   1	[      3]
148   	0     	     11	 NeutSmallBright	    295.8828	   2253.91	    0.0	    00000000     00000000	   1	[      8]
149   	0     	      4	    NegLargeDark	    298.0586	   2175.78	    0.0	    00000000     00000000	   1	[      1]
150   	0     	      4	    NegLargeDark	    300.5312	   2472.66	    0.0	    00000000     00000000	   1	[      1]
151   	0     	     10	 NeutLargeBright	    302.9141	   2382.81	    0.0	    00000000     00000000	   1	[      7]
152   	0     	     11	 NeutSmallBright	    305.3711	   2457.03	    0.0	    00000000     00000000	   1	[      8]
153   	0     	      7	  NegSmallBright	    307.7656	   2394.53	    0.0	    00000000     00000000	   1	[      4]
154   	0     	     13	     condition13	    310.2578	   2492.19	    0.0	    00000000     00000000	   1	[       ]
155   	0     	      2	      condition2	    310.7852	    527.34	    0.0	    00000000     00000000	   1	[       ]
156   	0     	      5	    NegSmallDark	    312.6133	   1828.12	    0.0	    00000000     00000000	   1	[      2]
157   	0     	      8	   NeutLargeDark	    314.8555	   2242.19	    0.0	    00000000     00000000	   1	[      5]
158   	0     	      8	   NeutLargeDark	    316.9805	   2125.00	    0.0	    00000000     00000000	   1	[      5]
159   	0     	    253	              ""	    319.6719	   2691.41	    0.0	    00000000     00000000	   1	[       ]
160   	0     	      7	  NegSmallBright	    320.6797	   1007.81	    0.0	    00000000     00000000	   1	[      4]
161   	0     	      7	  NegSmallBright	    322.7422	   2062.50	    0.0	    00000000     00000000	   1	[      4]
162   	0     	     10	 NeutLargeBright	    325.0664	   2324.22	    0.0	    00000000     00000000	   1	[      7]
163   	0     	      2	      condition2	    326.0430	    976.56	    0.0	    00000000     00000000	   1	[       ]
164   	0     	      8	   NeutLargeDark	    327.1211	   1078.12	    0.0	    00000000     00000000	   1	[      5]
165   	0     	      6	  NegLargeBright	    329.2773	   2156.25	    0.0	    00000000     00000000	   1	[      3]
166   	0     	     15	     condition15	    331.7500	   2472.66	    0.0	    00000000     00000000	   1	[       ]
167   	0     	      2	      condition2	    332.3281	    578.12	    0.0	    00000000     00000000	   1	[       ]
168   	0     	      8	   NeutLargeDark	    334.1250	   1796.88	    0.0	    00000000     00000000	   1	[      5]
169   	0     	     10	 NeutLargeBright	    336.3477	   2222.66	    0.0	    00000000     00000000	   1	[      7]
170   	0     	      7	  NegSmallBright	    338.8516	   2503.91	    0.0	    00000000     00000000	   1	[      4]
171   	0     	      5	    NegSmallDark	    341.1562	   2304.69	    0.0	    00000000     00000000	   1	[      2]
172   	0     	      4	    NegLargeDark	    343.6211	   2464.84	    0.0	    00000000     00000000	   1	[      1]
173   	0     	     10	 NeutLargeBright	    345.9766	   2355.47	    0.0	    00000000     00000000	   1	[      7]
174   	0     	     12	     condition12	    348.4688	   2492.19	    0.0	    00000000     00000000	   1	[       ]
175   	0     	      2	      condition2	    349.0703	    601.56	    0.0	    00000000     00000000	   1	[       ]
176   	0     	      5	    NegSmallDark	    350.9727	   1902.34	    0.0	    00000000     00000000	   1	[      2]
177   	0     	      6	  NegLargeBright	    353.4180	   2445.31	    0.0	    00000000     00000000	   1	[      3]
178   	0     	      9	   NeutSmallDark	    355.8203	   2402.34	    0.0	    00000000     00000000	   1	[      6]
179   	0     	      8	   NeutLargeDark	    358.2148	   2394.53	    0.0	    00000000     00000000	   1	[      5]
180   	0     	      8	   NeutLargeDark	    360.6797	   2464.84	    0.0	    00000000     00000000	   1	[      5]
181   	0     	      9	   NeutSmallDark	    363.1758	   2496.09	    0.0	    00000000     00000000	   1	[      6]
182   	0     	      9	   NeutSmallDark	    365.2773	   2101.56	    0.0	    00000000     00000000	   1	[      6]
183   	0     	      9	   NeutSmallDark	    367.6523	   2375.00	    0.0	    00000000     00000000	   1	[      6]
184   	0     	      8	   NeutLargeDark	    369.9883	   2335.94	    0.0	    00000000     00000000	   1	[      5]
185   	0     	      8	   NeutLargeDark	    372.5000	   2511.72	    0.0	    00000000     00000000	   1	[      5]
186   	0     	     13	     condition13	    374.5742	   2074.22	    0.0	    00000000     00000000	   1	[       ]
187   	0     	      2	      condition2	    375.3242	    750.00	    0.0	    00000000     00000000	   1	[       ]
188   	0     	     10	 NeutLargeBright	    376.7773	   1453.12	    0.0	    00000000     00000000	   1	[      7]
189   	0     	      7	  NegSmallBright	    379.2539	   2476.56	    0.0	    00000000     00000000	   1	[      4]
190   	0     	     10	 NeutLargeBright	    381.7188	   2464.84	    0.0	    00000000     00000000	   1	[      7]
191   	0     	      7	  NegSmallBright	    383.8320	   2113.28	    0.0	    00000000     00000000	   1	[      4]
192   	0     	     14	     condition14	    386.1641	   2332.03	    0.0	    00000000     00000000	   1	[       ]
193   	0     	      2	      condition2	    386.9297	    765.62	    0.0	    00000000     00000000	   1	[       ]
194   	0     	     13	     condition13	    388.3477	   1417.97	    0.0	    00000000     00000000	   1	[       ]
195   	0     	      2	      condition2	    388.9531	    605.47	    0.0	    00000000     00000000	   1	[       ]
196   	0     	      5	    NegSmallDark	    390.5547	   1601.56	    0.0	    00000000     00000000	   1	[      2]
197   	0     	     11	 NeutSmallBright	    393.0391	   2484.38	    0.0	    00000000     00000000	   1	[      8]
198   	0     	     11	 NeutSmallBright	    395.2031	   2164.06	    0.0	    00000000     00000000	   1	[      8]
199   	0     	      6	  NegLargeBright	    397.5938	   2390.62	    0.0	    00000000     00000000	   1	[      3]
200   	0     	      9	   NeutSmallDark	    400.0586	   2464.84	    0.0	    00000000     00000000	   1	[      6]
201   	0     	     11	 NeutSmallBright	    402.1836	   2125.00	    0.0	    00000000     00000000	   1	[      8]
202   	0     	     10	 NeutLargeBright	    404.3984	   2214.84	    0.0	    00000000     00000000	   1	[      7]
203   	0     	      9	   NeutSmallDark	    406.5117	   2113.28	    0.0	    00000000     00000000	   1	[      6]
204   	0     	      9	   NeutSmallDark	    408.9766	   2464.84	    0.0	    00000000     00000000	   1	[      6]
205   	0     	      6	  NegLargeBright	    411.0898	   2113.28	    0.0	    00000000     00000000	   1	[      3]
206   	0     	     10	 NeutLargeBright	    413.2031	   2113.28	    0.0	    00000000     00000000	   1	[      7]
207   	0     	      9	   NeutSmallDark	    415.4258	   2222.66	    0.0	    00000000     00000000	   1	[      6]
208   	0     	      7	  NegSmallBright	    417.6797	   2253.91	    0.0	    00000000     00000000	   1	[      4]
209   	0     	      9	   NeutSmallDark	    419.7031	   2023.44	    0.0	    00000000     00000000	   1	[      6]
210   	0     	      9	   NeutSmallDark	    422.1602	   2457.03	    0.0	    00000000     00000000	   1	[      6]
211   	0     	      8	   NeutLargeDark	    424.3945	   2234.38	    0.0	    00000000     00000000	   1	[      5]
212   	0     	      8	   NeutLargeDark	    426.5664	   2171.88	    0.0	    00000000     00000000	   1	[      5]
213   	0     	     11	 NeutSmallBright	    428.6602	   2093.75	    0.0	    00000000     00000000	   1	[      8]
214   	0     	      4	    NegLargeDark	    430.7344	   2074.22	    0.0	    00000000     00000000	   1	[      1]
215   	0     	      7	  NegSmallBright	    433.0078	   2273.44	    0.0	    00000000     00000000	   1	[      4]
216   	0     	     11	 NeutSmallBright	    435.1406	   2132.81	    0.0	    00000000     00000000	   1	[      8]
217   	0     	      5	    NegSmallDark	    437.5664	   2425.78	    0.0	    00000000     00000000	   1	[      2]
218   	0     	      7	  NegSmallBright	    439.9805	   2414.06	    0.0	    00000000     00000000	   1	[      4]
219   	0     	      6	  NegLargeBright	    442.3359	   2355.47	    0.0	    00000000     00000000	   1	[      3]
220   	0     	     15	     condition15	    444.6680	   2332.03	    0.0	    00000000     00000000	   1	[       ]
221   	0     	      2	      condition2	    445.6133	    945.31	    0.0	    00000000     00000000	   1	[       ]
222   	0     	      7	  NegSmallBright	    447.0938	   1480.47	    0.0	    00000000     00000000	   1	[      4]
223   	0     	      5	    NegSmallDark	    449.1445	   2050.78	    0.0	    00000000     00000000	   1	[      2]
224   	0     	      9	   NeutSmallDark	    451.3320	   2187.50	    0.0	    00000000     00000000	   1	[      6]
225   	0     	      4	    NegLargeDark	    453.7656	   2433.59	    0.0	    00000000     00000000	   1	[      1]
226   	0     	     13	     condition13	    456.2188	   2453.12	    0.0	    00000000     00000000	   1	[       ]
227   	0     	      2	      condition2	    457.0781	    859.38	    0.0	    00000000     00000000	   1	[       ]
228   	0     	      9	   NeutSmallDark	    458.6328	   1554.69	    0.0	    00000000     00000000	   1	[      6]
229   	0     	      4	    NegLargeDark	    461.1562	   2523.44	    0.0	    00000000     00000000	   1	[      1]
230   	0     	      5	    NegSmallDark	    463.4023	   2246.09	    0.0	    00000000     00000000	   1	[      2]
231   	0     	      7	  NegSmallBright	    465.8438	   2441.41	    0.0	    00000000     00000000	   1	[      4]
232   	0     	     11	 NeutSmallBright	    467.9297	   2085.94	    0.0	    00000000     00000000	   1	[      8]
233   	0     	     15	     condition15	    470.0625	   2132.81	    0.0	    00000000     00000000	   1	[       ]
234   	0     	      2	      condition2	    470.8008	    738.28	    0.0	    00000000     00000000	   1	[       ]
235   	0     	     12	     condition12	    472.1562	   1355.47	    0.0	    00000000     00000000	   1	[       ]
236   	0     	      2	      condition2	    473.0117	    855.47	    0.0	    00000000     00000000	   1	[       ]
237   	0     	      9	   NeutSmallDark	    474.3398	   1328.12	    0.0	    00000000     00000000	   1	[      6]
238   	0     	      7	  NegSmallBright	    476.4336	   2093.75	    0.0	    00000000     00000000	   1	[      4]
239   	0     	      6	  NegLargeBright	    478.5586	   2125.00	    0.0	    00000000     00000000	   1	[      3]
240   	0     	    253	              ""	    480.7031	   2144.53	    0.0	    00000000     00000000	   1	[       ]
241   	0     	      9	   NeutSmallDark	    481.7109	   1007.81	    0.0	    00000000     00000000	   1	[      6]
242   	0     	      7	  NegSmallBright	    484.0664	   2355.47	    0.0	    00000000     00000000	   1	[      4]
243   	0     	      8	   NeutLargeDark	    486.2578	   2191.41	    0.0	    00000000     00000000	   1	[      5]
244   	0     	      9	   NeutSmallDark	    488.5430	   2285.16	    0.0	    00000000     00000000	   1	[      6]
245   	0     	      4	    NegLargeDark	    490.6875	   2144.53	    0.0	    00000000     00000000	   1	[      1]
246   	0     	     11	 NeutSmallBright	    492.9219	   2234.38	    0.0	    00000000     00000000	   1	[      8]
247   	0     	     11	 NeutSmallBright	    495.2734	   2351.56	    0.0	    00000000     00000000	   1	[      8]
248   	0     	      6	  NegLargeBright	    497.6602	   2386.72	    0.0	    00000000     00000000	   1	[      3]
249   	0     	     11	 NeutSmallBright	    499.9531	   2292.97	    0.0	    00000000     00000000	   1	[      8]
250   	0     	     10	 NeutLargeBright	    502.4453	   2492.19	    0.0	    00000000     00000000	   1	[      7]
251   	0     	      9	   NeutSmallDark	    504.9609	   2515.62	    0.0	    00000000     00000000	   1	[      6]
252   	0     	      5	    NegSmallDark	    507.1367	   2175.78	    0.0	    00000000     00000000	   1	[      2]
253   	0     	     11	 NeutSmallBright	    509.2188	   2082.03	    0.0	    00000000     00000000	   1	[      8]
254   	0     	      5	    NegSmallDark	    511.6719	   2453.12	    0.0	    00000000     00000000	   1	[      2]
255   	0     	     11	 NeutSmallBright	    513.8984	   2226.56	    0.0	    00000000     00000000	   1	[      8]
256   	0     	      7	  NegSmallBright	    515.9609	   2062.50	    0.0	    00000000     00000000	   1	[      4]
257   	0     	     10	 NeutLargeBright	    518.2031	   2242.19	    0.0	    00000000     00000000	   1	[      7]
258   	0     	      7	  NegSmallBright	    520.6289	   2425.78	    0.0	    00000000     00000000	   1	[      4]
259   	0     	     12	     condition12	    522.8516	   2222.66	    0.0	    00000000     00000000	   1	[       ]
260   	0     	      2	      condition2	    523.5117	    660.16	    0.0	    00000000     00000000	   1	[       ]
261   	0     	      6	  NegLargeBright	    525.3281	   1816.41	    0.0	    00000000     00000000	   1	[      3]
262   	0     	     14	     condition14	    527.3906	   2062.50	    0.0	    00000000     00000000	   1	[       ]
263   	0     	      2	      condition2	    528.0469	    656.25	    0.0	    00000000     00000000	   1	[       ]
264   	0     	      9	   NeutSmallDark	    529.5156	   1468.75	    0.0	    00000000     00000000	   1	[      6]
265   	0     	      7	  NegSmallBright	    531.8477	   2332.03	    0.0	    00000000     00000000	   1	[      4]
266   	0     	      6	  NegLargeBright	    534.2539	   2406.25	    0.0	    00000000     00000000	   1	[      3]
267   	0     	      9	   NeutSmallDark	    536.3672	   2113.28	    0.0	    00000000     00000000	   1	[      6]
268   	0     	      8	   NeutLargeDark	    538.9023	   2535.16	    0.0	    00000000     00000000	   1	[      5]
269   	0     	      4	    NegLargeDark	    541.1953	   2292.97	    0.0	    00000000     00000000	   1	[      1]
270   	0     	      9	   NeutSmallDark	    543.2695	   2074.22	    0.0	    00000000     00000000	   1	[      6]
271   	0     	     11	 NeutSmallBright	    545.6211	   2351.56	    0.0	    00000000     00000000	   1	[      8]
272   	0     	      7	  NegSmallBright	    547.6953	   2074.22	    0.0	    00000000     00000000	   1	[      4]
273   	0     	     11	 NeutSmallBright	    550.0703	   2375.00	    0.0	    00000000     00000000	   1	[      8]
274   	0     	     11	 NeutSmallBright	    552.5742	   2503.91	    0.0	    00000000     00000000	   1	[      8]
275   	0     	      7	  NegSmallBright	    554.9180	   2343.75	    0.0	    00000000     00000000	   1	[      4]
276   	0     	      4	    NegLargeDark	    557.4453	   2527.34	    0.0	    00000000     00000000	   1	[      1]
277   	0     	     10	 NeutLargeBright	    559.6875	   2242.19	    0.0	    00000000     00000000	   1	[      7]
278   	0     	     14	     condition14	    561.8828	   2195.31	    0.0	    00000000     00000000	   1	[       ]
279   	0     	      2	      condition2	    562.7070	    824.22	    0.0	    00000000     00000000	   1	[       ]
280   	0     	      4	    NegLargeDark	    564.3047	   1597.66	    0.0	    00000000     00000000	   1	[      1]
281   	0     	      4	    NegLargeDark	    566.5781	   2273.44	    0.0	    00000000     00000000	   1	[      1]
282   	0     	      8	   NeutLargeDark	    569.0547	   2476.56	    0.0	    00000000     00000000	   1	[      5]
283   	0     	      6	  NegLargeBright	    571.2773	   2222.66	    0.0	    00000000     00000000	   1	[      3]
284   	0     	      6	  NegLargeBright	    573.4414	   2164.06	    0.0	    00000000     00000000	   1	[      3]
285   	0     	     12	     condition12	    575.7773	   2335.94	    0.0	    00000000     00000000	   1	[       ]
286   	0     	      2	      condition2	    576.3516	    574.22	    0.0	    00000000     00000000	   1	[       ]
287   	0     	      8	   NeutLargeDark	    578.2188	   1867.19	    0.0	    00000000     00000000	   1	[      5]
288   	0     	      9	   NeutSmallDark	    580.5859	   2367.19	    0.0	    00000000     00000000	   1	[      6]
289   	0     	     12	     condition12	    582.8672	   2281.25	    0.0	    00000000     00000000	   1	[       ]
290   	0     	      2	      condition2	    583.4453	    578.12	    0.0	    00000000     00000000	   1	[       ]
291   	0     	     13	     condition13	    585.3125	   1867.19	    0.0	    00000000     00000000	   1	[       ]
292   	0     	      2	      condition2	    585.8711	    558.59	    0.0	    00000000     00000000	   1	[       ]
293   	0     	      8	   NeutLargeDark	    587.3477	   1476.56	    0.0	    00000000     00000000	   1	[      5]
294   	0     	      7	  NegSmallBright	    589.6094	   2261.72	    0.0	    00000000     00000000	   1	[      4]
295   	0     	     12	     condition12	    592.0938	   2484.38	    0.0	    00000000     00000000	   1	[       ]
296   	0     	      2	      condition2	    592.7109	    617.19	    0.0	    00000000     00000000	   1	[       ]
297   	0     	      4	    NegLargeDark	    594.2266	   1515.62	    0.0	    00000000     00000000	   1	[      1]
298   	0     	     11	 NeutSmallBright	    596.5742	   2347.66	    0.0	    00000000     00000000	   1	[      8]
299   	0     	      5	    NegSmallDark	    598.9258	   2351.56	    0.0	    00000000     00000000	   1	[      2]
300   	0     	      8	   NeutLargeDark	    601.1914	   2265.62	    0.0	    00000000     00000000	   1	[      5]
301   	0     	      5	    NegSmallDark	    603.5547	   2363.28	    0.0	    00000000     00000000	   1	[      2]
302   	0     	     12	     condition12	    605.6289	   2074.22	    0.0	    00000000     00000000	   1	[       ]
303   	0     	      2	      condition2	    606.3086	    679.69	    0.0	    00000000     00000000	   1	[       ]
304   	0     	      6	  NegLargeBright	    607.7617	   1453.12	    0.0	    00000000     00000000	   1	[      3]
305   	0     	     12	     condition12	    609.9258	   2164.06	    0.0	    00000000     00000000	   1	[       ]
306   	0     	      2	      condition2	    610.4414	    515.62	    0.0	    00000000     00000000	   1	[       ]
307   	0     	     11	 NeutSmallBright	    612.4297	   1988.28	    0.0	    00000000     00000000	   1	[      8]
308   	0     	      7	  NegSmallBright	    614.5742	   2144.53	    0.0	    00000000     00000000	   1	[      4]
309   	0     	      7	  NegSmallBright	    616.8594	   2285.16	    0.0	    00000000     00000000	   1	[      4]
310   	0     	      8	   NeutLargeDark	    619.3516	   2492.19	    0.0	    00000000     00000000	   1	[      5]
311   	0     	      8	   NeutLargeDark	    621.7070	   2355.47	    0.0	    00000000     00000000	   1	[      5]
312   	0     	     10	 NeutLargeBright	    624.0000	   2292.97	    0.0	    00000000     00000000	   1	[      7]
313   	0     	      7	  NegSmallBright	    626.3242	   2324.22	    0.0	    00000000     00000000	   1	[      4]
314   	0     	      5	    NegSmallDark	    628.7500	   2425.78	    0.0	    00000000     00000000	   1	[      2]
315   	0     	      9	   NeutSmallDark	    631.1719	   2421.88	    0.0	    00000000     00000000	   1	[      6]
316   	0     	      6	  NegLargeBright	    633.5273	   2355.47	    0.0	    00000000     00000000	   1	[      3]
317   	0     	      4	    NegLargeDark	    635.6211	   2093.75	    0.0	    00000000     00000000	   1	[      1]
318   	0     	     11	 NeutSmallBright	    638.0352	   2414.06	    0.0	    00000000     00000000	   1	[      8]
319   	0     	     10	 NeutLargeBright	    640.3477	   2312.50	    0.0	    00000000     00000000	   1	[      7]
320   	0     	     11	 NeutSmallBright	    643.5898	   3242.19	    0.0	    00000000     00000000	   1	[      8]
321   	0     	     10	 NeutLargeBright	    645.7031	   2113.28	    0.0	    00000000     00000000	   1	[      7]
322   	0     	      9	   NeutSmallDark	    648.1992	   2496.09	    0.0	    00000000     00000000	   1	[      6]
323   	0     	     10	 NeutLargeBright	    650.3242	   2125.00	    0.0	    00000000     00000000	   1	[      7]
324   	0     	     10	 NeutLargeBright	    652.3867	   2062.50	    0.0	    00000000     00000000	   1	[      7]
325   	0     	      4	    NegLargeDark	    654.9102	   2523.44	    0.0	    00000000     00000000	   1	[      1]
326   	0     	     14	     condition14	    657.1445	   2234.38	    0.0	    00000000     00000000	   1	[       ]
327   	0     	      2	      condition2	    658.1484	   1003.91	    0.0	    00000000     00000000	   1	[       ]
328   	0     	     13	     condition13	    659.5508	   1402.34	    0.0	    00000000     00000000	   1	[       ]
329   	0     	      2	      condition2	    660.1406	    589.84	    0.0	    00000000     00000000	   1	[       ]
330   	0     	      7	  NegSmallBright	    661.8047	   1664.06	    0.0	    00000000     00000000	   1	[      4]
331   	0     	     11	 NeutSmallBright	    664.1367	   2332.03	    0.0	    00000000     00000000	   1	[      8]
332   	0     	      6	  NegLargeBright	    666.4922	   2355.47	    0.0	    00000000     00000000	   1	[      3]
333   	0     	      5	    NegSmallDark	    668.8945	   2402.34	    0.0	    00000000     00000000	   1	[      2]
334   	0     	      4	    NegLargeDark	    671.3398	   2445.31	    0.0	    00000000     00000000	   1	[      1]
335   	0     	      8	   NeutLargeDark	    673.5430	   2203.12	    0.0	    00000000     00000000	   1	[      5]
336   	0     	     15	     condition15	    675.9961	   2453.12	    0.0	    00000000     00000000	   1	[       ]
337   	0     	      2	      condition2	    676.6680	    671.88	    0.0	    00000000     00000000	   1	[       ]
338   	0     	      4	    NegLargeDark	    678.4336	   1765.62	    0.0	    00000000     00000000	   1	[      1]
339   	0     	     11	 NeutSmallBright	    680.4961	   2062.50	    0.0	    00000000     00000000	   1	[      8]
340   	0     	     11	 NeutSmallBright	    682.5898	   2093.75	    0.0	    00000000     00000000	   1	[      8]
341   	0     	     15	     condition15	    684.6328	   2042.97	    0.0	    00000000     00000000	   1	[       ]
342   	0     	      2	      condition2	    685.3281	    695.31	    0.0	    00000000     00000000	   1	[       ]
343   	0     	      4	    NegLargeDark	    687.1055	   1777.34	    0.0	    00000000     00000000	   1	[      1]
344   	0     	     10	 NeutLargeBright	    689.2812	   2175.78	    0.0	    00000000     00000000	   1	[      7]
345   	0     	      6	  NegLargeBright	    691.6445	   2363.28	    0.0	    00000000     00000000	   1	[      3]
346   	0     	     11	 NeutSmallBright	    693.9375	   2292.97	    0.0	    00000000     00000000	   1	[      8]
347   	0     	     10	 NeutLargeBright	    696.4023	   2464.84	    0.0	    00000000     00000000	   1	[      7]
348   	0     	     13	     condition13	    698.5469	   2144.53	    0.0	    00000000     00000000	   1	[       ]
349   	0     	      2	      condition2	    699.1445	    597.66	    0.0	    00000000     00000000	   1	[       ]
350   	0     	      7	  NegSmallBright	    700.9922	   1847.66	    0.0	    00000000     00000000	   1	[      4]
351   	0     	      6	  NegLargeBright	    703.2656	   2273.44	    0.0	    00000000     00000000	   1	[      3]
352   	0     	      7	  NegSmallBright	    705.7109	   2445.31	    0.0	    00000000     00000000	   1	[      4]
353   	0     	      5	    NegSmallDark	    707.7930	   2082.03	    0.0	    00000000     00000000	   1	[      2]
354   	0     	     11	 NeutSmallBright	    710.1680	   2375.00	    0.0	    00000000     00000000	   1	[      8]
355   	0     	      5	    NegSmallDark	    712.6523	   2484.38	    0.0	    00000000     00000000	   1	[      2]
356   	0     	      8	   NeutLargeDark	    714.8047	   2152.34	    0.0	    00000000     00000000	   1	[      5]
357   	0     	      4	    NegLargeDark	    717.0586	   2253.91	    0.0	    00000000     00000000	   1	[      1]
358   	0     	      8	   NeutLargeDark	    719.5156	   2457.03	    0.0	    00000000     00000000	   1	[      5]
359   	0     	      4	    NegLargeDark	    721.9375	   2421.88	    0.0	    00000000     00000000	   1	[      1]
360   	0     	      4	    NegLargeDark	    724.1211	   2183.59	    0.0	    00000000     00000000	   1	[      1]
361   	0     	      6	  NegLargeBright	    726.4180	   2296.88	    0.0	    00000000     00000000	   1	[      3]
362   	0     	      6	  NegLargeBright	    728.7305	   2312.50	    0.0	    00000000     00000000	   1	[      3]
363   	0     	      9	   NeutSmallDark	    730.8242	   2093.75	    0.0	    00000000     00000000	   1	[      6]
364   	0     	      5	    NegSmallDark	    733.2500	   2425.78	    0.0	    00000000     00000000	   1	[      2]
365   	0     	      5	    NegSmallDark	    735.4727	   2222.66	    0.0	    00000000     00000000	   1	[      2]
366   	0     	     11	 NeutSmallBright	    737.8984	   2425.78	    0.0	    00000000     00000000	   1	[      8]
367   	0     	     14	     condition14	    740.0312	   2132.81	    0.0	    00000000     00000000	   1	[       ]
368   	0     	      2	      condition2	    740.6875	    656.25	    0.0	    00000000     00000000	   1	[       ]
369   	0     	     11	 NeutSmallBright	    742.2539	   1566.41	    0.0	    00000000     00000000	   1	[      8]
370   	0     	      5	    NegSmallDark	    744.3477	   2093.75	    0.0	    00000000     00000000	   1	[      2]
371   	0     	      9	   NeutSmallDark	    746.5430	   2195.31	    0.0	    00000000     00000000	   1	[      6]
372   	0     	     11	 NeutSmallBright	    749.0273	   2484.38	    0.0	    00000000     00000000	   1	[      8]
373   	0     	      7	  NegSmallBright	    751.2383	   2210.94	    0.0	    00000000     00000000	   1	[      4]
374   	0     	      8	   NeutLargeDark	    753.7148	   2476.56	    0.0	    00000000     00000000	   1	[      5]
375   	0     	      6	  NegLargeBright	    756.1875	   2472.66	    0.0	    00000000     00000000	   1	[      3]
376   	0     	      4	    NegLargeDark	    758.6719	   2484.38	    0.0	    00000000     00000000	   1	[      1]
377   	0     	      9	   NeutSmallDark	    760.9062	   2234.38	    0.0	    00000000     00000000	   1	[      6]
378   	0     	      5	    NegSmallDark	    762.9688	   2062.50	    0.0	    00000000     00000000	   1	[      2]
379   	0     	      9	   NeutSmallDark	    765.3438	   2375.00	    0.0	    00000000     00000000	   1	[      6]
380   	0     	     11	 NeutSmallBright	    767.5781	   2234.38	    0.0	    00000000     00000000	   1	[      8]
381   	0     	      4	    NegLargeDark	    769.6836	   2105.47	    0.0	    00000000     00000000	   1	[      1]
382   	0     	      4	    NegLargeDark	    771.8750	   2191.41	    0.0	    00000000     00000000	   1	[      1]
383   	0     	      7	  NegSmallBright	    773.9609	   2085.94	    0.0	    00000000     00000000	   1	[      4]
384   	0     	     10	 NeutLargeBright	    776.2148	   2253.91	    0.0	    00000000     00000000	   1	[      7]
385   	0     	      4	    NegLargeDark	    778.6289	   2414.06	    0.0	    00000000     00000000	   1	[      1]
386   	0     	     11	 NeutSmallBright	    780.6914	   2062.50	    0.0	    00000000     00000000	   1	[      8]
387   	0     	      7	  NegSmallBright	    782.8945	   2203.12	    0.0	    00000000     00000000	   1	[      4]
388   	0     	     13	     condition13	    785.3281	   2433.59	    0.0	    00000000     00000000	   1	[       ]
389   	0     	      2	      condition2	    786.0469	    718.75	    0.0	    00000000     00000000	   1	[       ]
390   	0     	     15	     condition15	    787.4141	   1367.19	    0.0	    00000000     00000000	   1	[       ]
391   	0     	      2	      condition2	    788.7617	   1347.66	    0.0	    00000000     00000000	   1	[       ]
392   	0     	      6	  NegLargeBright	    789.7773	   1015.62	    0.0	    00000000     00000000	   1	[      3]
393   	0     	     15	     condition15	    792.2422	   2464.84	    0.0	    00000000     00000000	   1	[       ]
394   	0     	      2	      condition2	    792.9336	    691.41	    0.0	    00000000     00000000	   1	[       ]
395   	0     	     10	 NeutLargeBright	    794.6875	   1753.91	    0.0	    00000000     00000000	   1	[      7]
396   	0     	      6	  NegLargeBright	    797.1719	   2484.38	    0.0	    00000000     00000000	   1	[      3]
397   	0     	      7	  NegSmallBright	    799.5234	   2351.56	    0.0	    00000000     00000000	   1	[      4]
398   	0     	      2	      condition2	    800.5820	   1058.59	    0.0	    00000000     00000000	   1	[       ]
399   	0     	     11	 NeutSmallBright	    801.6797	   1097.66	    0.0	    00000000     00000000	   1	[      8]
400   	0     	    253	              ""	    804.3281	   2648.44	    0.0	    00000000     00000000	   1	[       ]
401   	0     	      8	   NeutLargeDark	    805.3477	   1019.53	    0.0	    00000000     00000000	   1	[      5]
402   	0     	      4	    NegLargeDark	    807.4922	   2144.53	    0.0	    00000000     00000000	   1	[      1]
403   	0     	     15	     condition15	    809.9453	   2453.12	    0.0	    00000000     00000000	   1	[       ]
404   	0     	      2	      condition2	    810.5938	    648.44	    0.0	    00000000     00000000	   1	[       ]
405   	0     	      6	  NegLargeBright	    812.0586	   1464.84	    0.0	    00000000     00000000	   1	[      3]
406   	0     	      8	   NeutLargeDark	    814.4727	   2414.06	    0.0	    00000000     00000000	   1	[      5]
407   	0     	      5	    NegSmallDark	    816.9258	   2453.12	    0.0	    00000000     00000000	   1	[      2]
408   	0     	     12	     condition12	    819.3203	   2394.53	    0.0	    00000000     00000000	   1	[       ]
409   	0     	      2	      condition2	    819.8711	    550.78	    0.0	    00000000     00000000	   1	[       ]
410   	0     	     12	     condition12	    821.7070	   1835.94	    0.0	    00000000     00000000	   1	[       ]
411   	0     	      2	      condition2	    822.4570	    750.00	    0.0	    00000000     00000000	   1	[       ]
412   	0     	      5	    NegSmallDark	    824.1289	   1671.88	    0.0	    00000000     00000000	   1	[      2]
413   	0     	     14	     condition14	    826.6250	   2496.09	    0.0	    00000000     00000000	   1	[       ]
414   	0     	      2	      condition2	    827.3008	    675.78	    0.0	    00000000     00000000	   1	[       ]
415   	0     	      7	  NegSmallBright	    828.7695	   1468.75	    0.0	    00000000     00000000	   1	[      4]
416   	0     	      8	   NeutLargeDark	    830.9023	   2132.81	    0.0	    00000000     00000000	   1	[      5]
417   	0     	      4	    NegLargeDark	    833.0938	   2191.41	    0.0	    00000000     00000000	   1	[      1]
418   	0     	     11	 NeutSmallBright	    835.1172	   2023.44	    0.0	    00000000     00000000	   1	[      8]
419   	0     	      6	  NegLargeBright	    837.3711	   2253.91	    0.0	    00000000     00000000	   1	[      3]
420   	0     	      6	  NegLargeBright	    839.8359	   2464.84	    0.0	    00000000     00000000	   1	[      3]
421   	0     	     10	 NeutLargeBright	    841.9609	   2125.00	    0.0	    00000000     00000000	   1	[      7]
422   	0     	      6	  NegLargeBright	    844.4062	   2445.31	    0.0	    00000000     00000000	   1	[      3]
423   	0     	     14	     condition14	    846.5391	   2132.81	    0.0	    00000000     00000000	   1	[       ]
424   	0     	      2	      condition2	    847.3398	    800.78	    0.0	    00000000     00000000	   1	[       ]
425   	0     	      8	   NeutLargeDark	    848.8438	   1503.91	    0.0	    00000000     00000000	   1	[      5]
426   	0     	      5	    NegSmallDark	    850.9688	   2125.00	    0.0	    00000000     00000000	   1	[      2]
427   	0     	     14	     condition14	    853.0898	   2121.09	    0.0	    00000000     00000000	   1	[       ]
428   	0     	      2	      condition2	    853.7461	    656.25	    0.0	    00000000     00000000	   1	[       ]
429   	0     	      8	   NeutLargeDark	    855.3945	   1648.44	    0.0	    00000000     00000000	   1	[      5]
430   	0     	      9	   NeutSmallDark	    857.5781	   2183.59	    0.0	    00000000     00000000	   1	[      6]
431   	0     	      7	  NegSmallBright	    860.0312	   2453.12	    0.0	    00000000     00000000	   1	[      4]
432   	0     	      5	    NegSmallDark	    862.1367	   2105.47	    0.0	    00000000     00000000	   1	[      2]
433   	0     	     11	 NeutSmallBright	    864.4414	   2304.69	    0.0	    00000000     00000000	   1	[      8]
434   	0     	     12	     condition12	    866.7930	   2351.56	    0.0	    00000000     00000000	   1	[       ]
435   	0     	      2	      condition2	    867.4648	    671.88	    0.0	    00000000     00000000	   1	[       ]
436   	0     	     11	 NeutSmallBright	    869.1289	   1664.06	    0.0	    00000000     00000000	   1	[      8]
437   	0     	      4	    NegLargeDark	    871.6250	   2496.09	    0.0	    00000000     00000000	   1	[      1]
438   	0     	      5	    NegSmallDark	    873.6562	   2031.25	    0.0	    00000000     00000000	   1	[      2]
439   	0     	      8	   NeutLargeDark	    875.9805	   2324.22	    0.0	    00000000     00000000	   1	[      5]
440   	0     	     10	 NeutLargeBright	    878.0234	   2042.97	    0.0	    00000000     00000000	   1	[      7]
441   	0     	      2	      condition2	    879.0312	   1007.81	    0.0	    00000000     00000000	   1	[       ]
442   	0     	      6	  NegLargeBright	    880.2773	   1246.09	    0.0	    00000000     00000000	   1	[      3]
443   	0     	      4	    NegLargeDark	    882.6523	   2375.00	    0.0	    00000000     00000000	   1	[      1]
444   	0     	     14	     condition14	    885.0352	   2382.81	    0.0	    00000000     00000000	   1	[       ]
445   	0     	      2	      condition2	    885.7734	    738.28	    0.0	    00000000     00000000	   1	[       ]
446   	0     	      6	  NegLargeBright	    887.5625	   1789.06	    0.0	    00000000     00000000	   1	[      3]
447   	0     	      9	   NeutSmallDark	    889.9648	   2402.34	    0.0	    00000000     00000000	   1	[      6]
448   	0     	      8	   NeutLargeDark	    892.3008	   2335.94	    0.0	    00000000     00000000	   1	[      5]
449   	0     	      4	    NegLargeDark	    894.4531	   2152.34	    0.0	    00000000     00000000	   1	[      1]
450   	0     	      7	  NegSmallBright	    896.6562	   2203.12	    0.0	    00000000     00000000	   1	[      4]
451   	0     	      4	    NegLargeDark	    899.0312	   2375.00	    0.0	    00000000     00000000	   1	[      1]
452   	0     	      8	   NeutLargeDark	    901.5156	   2484.38	    0.0	    00000000     00000000	   1	[      5]
453   	0     	     14	     condition14	    903.5703	   2054.69	    0.0	    00000000     00000000	   1	[       ]
454   	0     	      2	      condition2	    904.2812	    710.94	    0.0	    00000000     00000000	   1	[       ]
455   	0     	     11	 NeutSmallBright	    905.7539	   1472.66	    0.0	    00000000     00000000	   1	[      8]
456   	0     	      7	  NegSmallBright	    907.9570	   2203.12	    0.0	    00000000     00000000	   1	[      4]
457   	0     	      9	   NeutSmallDark	    910.4805	   2523.44	    0.0	    00000000     00000000	   1	[      6]
458   	0     	      6	  NegLargeBright	    912.9141	   2433.59	    0.0	    00000000     00000000	   1	[      3]
459   	0     	     13	     condition13	    915.4102	   2496.09	    0.0	    00000000     00000000	   1	[       ]
460   	0     	      2	      condition2	    916.0078	    597.66	    0.0	    00000000     00000000	   1	[       ]
461   	0     	      5	    NegSmallDark	    917.7539	   1746.09	    0.0	    00000000     00000000	   1	[      2]
462   	0     	      4	    NegLargeDark	    920.2891	   2535.16	    0.0	    00000000     00000000	   1	[      1]
463   	0     	      5	    NegSmallDark	    922.4141	   2125.00	    0.0	    00000000     00000000	   1	[      2]
464   	0     	     10	 NeutLargeBright	    924.8555	   2441.41	    0.0	    00000000     00000000	   1	[      7]
465   	0     	     10	 NeutLargeBright	    926.9219	   2066.41	    0.0	    00000000     00000000	   1	[      7]
466   	0     	     14	     condition14	    929.0742	   2152.34	    0.0	    00000000     00000000	   1	[       ]
467   	0     	      2	      condition2	    929.6133	    539.06	    0.0	    00000000     00000000	   1	[       ]
468   	0     	     10	 NeutLargeBright	    931.4492	   1835.94	    0.0	    00000000     00000000	   1	[      7]
469   	0     	     11	 NeutSmallBright	    933.5000	   2050.78	    0.0	    00000000     00000000	   1	[      8]
470   	0     	      9	   NeutSmallDark	    935.7852	   2285.16	    0.0	    00000000     00000000	   1	[      6]
471   	0     	     10	 NeutLargeBright	    938.3203	   2535.16	    0.0	    00000000     00000000	   1	[      7]
472   	0     	      9	   NeutSmallDark	    940.5859	   2265.62	    0.0	    00000000     00000000	   1	[      6]
473   	0     	      8	   NeutLargeDark	    943.1172	   2531.25	    0.0	    00000000     00000000	   1	[      5]
474   	0     	     15	     condition15	    945.1406	   2023.44	    0.0	    00000000     00000000	   1	[       ]
475   	0     	      2	      condition2	    945.8047	    664.06	    0.0	    00000000     00000000	   1	[       ]
476   	0     	      4	    NegLargeDark	    947.5859	   1781.25	    0.0	    00000000     00000000	   1	[      1]
477   	0     	      5	    NegSmallDark	    949.6914	   2105.47	    0.0	    00000000     00000000	   1	[      2]
478   	0     	      9	   NeutSmallDark	    952.0156	   2324.22	    0.0	    00000000     00000000	   1	[      6]
479   	0     	      5	    NegSmallDark	    954.3281	   2312.50	    0.0	    00000000     00000000	   1	[      2]
480   	0     	      4	    NegLargeDark	    956.6211	   2292.97	    0.0	    00000000     00000000	   1	[      1]
481   	0     	     10	 NeutLargeBright	    958.8555	   2234.38	    0.0	    00000000     00000000	   1	[      7]
482   	0     	     11	 NeutSmallBright	    961.1797	   2324.22	    0.0	    00000000     00000000	   1	[      8]
483   	0     	      7	  NegSmallBright	    963.2656	   2085.94	    0.0	    00000000     00000000	   1	[      4]
484   	0     	      9	   NeutSmallDark	    966.3242	   3058.59	    0.0	    00000000     00000000	   1	[      6]
485   	0     	     15	     condition15	    968.3867	   2062.50	    0.0	    00000000     00000000	   1	[       ]
486   	0     	      2	      condition2	    968.9805	    593.75	    0.0	    00000000     00000000	   1	[       ]
487   	0     	      5	    NegSmallDark	    970.6406	   1660.16	    0.0	    00000000     00000000	   1	[      2]
488   	0     	      8	   NeutLargeDark	    972.8945	   2253.91	    0.0	    00000000     00000000	   1	[      5]
489   	0     	      9	   NeutSmallDark	    975.0781	   2183.59	    0.0	    00000000     00000000	   1	[      6]
490   	0     	      8	   NeutLargeDark	    977.5547	   2476.56	    0.0	    00000000     00000000	   1	[      5]
491   	0     	      8	   NeutLargeDark	    979.6875	   2132.81	    0.0	    00000000     00000000	   1	[      5]
492   	0     	      4	    NegLargeDark	    981.8906	   2203.12	    0.0	    00000000     00000000	   1	[      1]
493   	0     	      5	    NegSmallDark	    984.2539	   2363.28	    0.0	    00000000     00000000	   1	[      2]
494   	0     	     11	 NeutSmallBright	    986.6094	   2355.47	    0.0	    00000000     00000000	   1	[      8]
495   	0     	     13	     condition13	    988.9336	   2324.22	    0.0	    00000000     00000000	   1	[       ]
496   	0     	      2	      condition2	    989.5625	    628.91	    0.0	    00000000     00000000	   1	[       ]
497   	0     	     10	 NeutLargeBright	    991.3164	   1753.91	    0.0	    00000000     00000000	   1	[      7]
498   	0     	     13	     condition13	    993.8242	   2507.81	    0.0	    00000000     00000000	   1	[       ]
499   	0     	      2	      condition2	    994.3281	    503.91	    0.0	    00000000     00000000	   1	[       ]
500   	0     	      5	    NegSmallDark	    996.1562	   1828.12	    0.0	    00000000     00000000	   1	[      2]
501   	0     	      6	  NegLargeBright	    998.6016	   2445.31	    0.0	    00000000     00000000	   1	[      3]
502   	0     	      5	    NegSmallDark	   1000.7852	   2183.59	    0.0	    00000000     00000000	   1	[      2]
503   	0     	      8	   NeutLargeDark	   1002.9297	   2144.53	    0.0	    00000000     00000000	   1	[      5]
504   	0     	      7	  NegSmallBright	   1004.9922	   2062.50	    0.0	    00000000     00000000	   1	[      4]
505   	0     	     12	     condition12	   1007.1562	   2164.06	    0.0	    00000000     00000000	   1	[       ]
506   	0     	      2	      condition2	   1007.7422	    585.94	    0.0	    00000000     00000000	   1	[       ]
507   	0     	      9	   NeutSmallDark	   1009.5586	   1816.41	    0.0	    00000000     00000000	   1	[      6]
508   	0     	      6	  NegLargeBright	   1011.7734	   2214.84	    0.0	    00000000     00000000	   1	[      3]
509   	0     	      8	   NeutLargeDark	   1014.0586	   2285.16	    0.0	    00000000     00000000	   1	[      5]
510   	0     	      9	   NeutSmallDark	   1016.3711	   2312.50	    0.0	    00000000     00000000	   1	[      6]
511   	0     	      8	   NeutLargeDark	   1018.7578	   2386.72	    0.0	    00000000     00000000	   1	[      5]
512   	0     	     10	 NeutLargeBright	   1021.1016	   2343.75	    0.0	    00000000     00000000	   1	[      7]
513   	0     	      7	  NegSmallBright	   1023.3633	   2261.72	    0.0	    00000000     00000000	   1	[      4]
514   	0     	      6	  NegLargeBright	   1025.8281	   2464.84	    0.0	    00000000     00000000	   1	[      3]
515   	0     	      9	   NeutSmallDark	   1028.1328	   2304.69	    0.0	    00000000     00000000	   1	[      6]
516   	0     	     11	 NeutSmallBright	   1030.3984	   2265.62	    0.0	    00000000     00000000	   1	[      8]
517   	0     	      4	    NegLargeDark	   1032.5312	   2132.81	    0.0	    00000000     00000000	   1	[      1]
518   	0     	     13	     condition13	   1034.8750	   2343.75	    0.0	    00000000     00000000	   1	[       ]
519   	0     	      2	      condition2	   1035.5391	    664.06	    0.0	    00000000     00000000	   1	[       ]
520   	0     	     12	     condition12	   1037.2891	   1750.00	    0.0	    00000000     00000000	   1	[       ]
521   	0     	      2	      condition2	   1038.0078	    718.75	    0.0	    00000000     00000000	   1	[       ]
522   	0     	     12	     condition12	   1039.5430	   1535.16	    0.0	    00000000     00000000	   1	[       ]
523   	0     	      2	      condition2	   1040.2656	    722.66	    0.0	    00000000     00000000	   1	[       ]
524   	0     	      5	    NegSmallDark	   1041.5859	   1320.31	    0.0	    00000000     00000000	   1	[      2]
525   	0     	      4	    NegLargeDark	   1043.9492	   2363.28	    0.0	    00000000     00000000	   1	[      1]
526   	0     	     15	     condition15	   1046.0430	   2093.75	    0.0	    00000000     00000000	   1	[       ]
527   	0     	      2	      condition2	   1046.7656	    722.66	    0.0	    00000000     00000000	   1	[       ]
528   	0     	      8	   NeutLargeDark	   1048.5078	   1742.19	    0.0	    00000000     00000000	   1	[      5]
529   	0     	     10	 NeutLargeBright	   1050.6328	   2125.00	    0.0	    00000000     00000000	   1	[      7]
530   	0     	      9	   NeutSmallDark	   1052.8867	   2253.91	    0.0	    00000000     00000000	   1	[      6]
531   	0     	      4	    NegLargeDark	   1055.1484	   2261.72	    0.0	    00000000     00000000	   1	[      1]
532   	0     	     10	 NeutLargeBright	   1057.5742	   2425.78	    0.0	    00000000     00000000	   1	[      7]
533   	0     	      5	    NegSmallDark	   1059.6094	   2035.16	    0.0	    00000000     00000000	   1	[      2]
534   	0     	      7	  NegSmallBright	   1061.7930	   2183.59	    0.0	    00000000     00000000	   1	[      4]
535   	0     	     11	 NeutSmallBright	   1063.9375	   2144.53	    0.0	    00000000     00000000	   1	[      8]
536   	0     	      9	   NeutSmallDark	   1066.4219	   2484.38	    0.0	    00000000     00000000	   1	[      6]
537   	0     	      6	  NegLargeBright	   1068.5547	   2132.81	    0.0	    00000000     00000000	   1	[      3]
538   	0     	      6	  NegLargeBright	   1071.0469	   2492.19	    0.0	    00000000     00000000	   1	[      3]
539   	0     	     11	 NeutSmallBright	   1073.4219	   2375.00	    0.0	    00000000     00000000	   1	[      8]
540   	0     	      4	    NegLargeDark	   1075.8281	   2406.25	    0.0	    00000000     00000000	   1	[      1]
541   	0     	      9	   NeutSmallDark	   1078.3320	   2503.91	    0.0	    00000000     00000000	   1	[      6]
542   	0     	     13	     condition13	   1080.5742	   2242.19	    0.0	    00000000     00000000	   1	[       ]
543   	0     	      2	      condition2	   1081.4258	    851.56	    0.0	    00000000     00000000	   1	[       ]
544   	0     	     14	     condition14	   1082.9609	   1535.16	    0.0	    00000000     00000000	   1	[       ]
545   	0     	      2	      condition2	   1083.6562	    695.31	    0.0	    00000000     00000000	   1	[       ]
546   	0     	     13	     condition13	   1085.1914	   1535.16	    0.0	    00000000     00000000	   1	[       ]
547   	0     	      2	      condition2	   1085.9844	    792.97	    0.0	    00000000     00000000	   1	[       ]
548   	0     	      8	   NeutLargeDark	   1087.6055	   1621.09	    0.0	    00000000     00000000	   1	[      5]
549   	0     	     12	     condition12	   1089.7109	   2105.47	    0.0	    00000000     00000000	   1	[       ]
550   	0     	      2	      condition2	   1090.4727	    761.72	    0.0	    00000000     00000000	   1	[       ]
551   	0     	      9	   NeutSmallDark	   1092.0039	   1531.25	    0.0	    00000000     00000000	   1	[      6]
552   	0     	      4	    NegLargeDark	   1094.1406	   2136.72	    0.0	    00000000     00000000	   1	[      1]
553   	0     	      6	  NegLargeBright	   1096.1836	   2042.97	    0.0	    00000000     00000000	   1	[      3]
554   	0     	      7	  NegSmallBright	   1098.6484	   2464.84	    0.0	    00000000     00000000	   1	[      4]
555   	0     	      5	    NegSmallDark	   1100.7109	   2062.50	    0.0	    00000000     00000000	   1	[      2]
556   	0     	      8	   NeutLargeDark	   1103.1562	   2445.31	    0.0	    00000000     00000000	   1	[      5]
557   	0     	     13	     condition13	   1105.4180	   2261.72	    0.0	    00000000     00000000	   1	[       ]
558   	0     	      2	      condition2	   1106.0938	    675.78	    0.0	    00000000     00000000	   1	[       ]
559   	0     	      4	    NegLargeDark	   1107.5742	   1480.47	    0.0	    00000000     00000000	   1	[      1]
560   	0     	     14	     condition14	   1109.6445	   2070.31	    0.0	    00000000     00000000	   1	[       ]
561   	0     	      2	      condition2	   1110.3633	    718.75	    0.0	    00000000     00000000	   1	[       ]
562   	0     	     12	     condition12	   1111.8906	   1527.34	    0.0	    00000000     00000000	   1	[       ]
563   	0     	      2	      condition2	   1112.6445	    753.91	    0.0	    00000000     00000000	   1	[       ]
564   	0     	     15	     condition15	   1114.2734	   1628.91	    0.0	    00000000     00000000	   1	[       ]
565   	0     	      2	      condition2	   1115.0352	    761.72	    0.0	    00000000     00000000	   1	[       ]
566   	0     	      7	  NegSmallBright	   1116.6484	   1613.28	    0.0	    00000000     00000000	   1	[      4]
567   	0     	     10	 NeutLargeBright	   1119.1016	   2453.12	    0.0	    00000000     00000000	   1	[      7]
568   	0     	     14	     condition14	   1121.4453	   2343.75	    0.0	    00000000     00000000	   1	[       ]
569   	0     	      2	      condition2	   1122.3320	    886.72	    0.0	    00000000     00000000	   1	[       ]
570   	0     	     10	 NeutLargeBright	   1123.8398	   1507.81	    0.0	    00000000     00000000	   1	[      7]
571   	0     	      5	    NegSmallDark	   1127.3789	   3539.06	    0.0	    00000000     00000000	   1	[      2]
572   	0     	      9	   NeutSmallDark	   1129.8438	   2464.84	    0.0	    00000000     00000000	   1	[      6]
573   	0     	      9	   NeutSmallDark	   1132.0469	   2203.12	    0.0	    00000000     00000000	   1	[      6]
574   	0     	     14	     condition14	   1134.0898	   2042.97	    0.0	    00000000     00000000	   1	[       ]
575   	0     	      2	      condition2	   1134.9648	    875.00	    0.0	    00000000     00000000	   1	[       ]
576   	0     	     14	     condition14	   1136.5234	   1558.59	    0.0	    00000000     00000000	   1	[       ]
577   	0     	      2	      condition2	   1137.2461	    722.66	    0.0	    00000000     00000000	   1	[       ]
578   	0     	      7	  NegSmallBright	   1139.0391	   1792.97	    0.0	    00000000     00000000	   1	[      4]
579   	0     	      8	   NeutLargeDark	   1141.4922	   2453.12	    0.0	    00000000     00000000	   1	[      5]
580   	0     	      6	  NegLargeBright	   1143.6484	   2156.25	    0.0	    00000000     00000000	   1	[      3]
581   	0     	     11	 NeutSmallBright	   1146.0820	   2433.59	    0.0	    00000000     00000000	   1	[      8]
582   	0     	     13	     condition13	   1148.2852	   2203.12	    0.0	    00000000     00000000	   1	[       ]
583   	0     	      2	      condition2	   1149.2617	    976.56	    0.0	    00000000     00000000	   1	[       ]
584   	0     	      9	   NeutSmallDark	   1150.7812	   1519.53	    0.0	    00000000     00000000	   1	[      6]
585   	0     	      6	  NegLargeBright	   1152.9922	   2210.94	    0.0	    00000000     00000000	   1	[      3]
586   	0     	      6	  NegLargeBright	   1155.3789	   2386.72	    0.0	    00000000     00000000	   1	[      3]
587   	0     	      8	   NeutLargeDark	   1157.4414	   2062.50	    0.0	    00000000     00000000	   1	[      5]
588   	0     	      6	  NegLargeBright	   1159.6367	   2195.31	    0.0	    00000000     00000000	   1	[      3]
589   	0     	      5	    NegSmallDark	   1161.7695	   2132.81	    0.0	    00000000     00000000	   1	[      2]
590   	0     	      7	  NegSmallBright	   1163.9414	   2171.88	    0.0	    00000000     00000000	   1	[      4]
591   	0     	      5	    NegSmallDark	   1166.0664	   2125.00	    0.0	    00000000     00000000	   1	[      2]
592   	0     	     14	     condition14	   1168.5391	   2472.66	    0.0	    00000000     00000000	   1	[       ]
593   	0     	      2	      condition2	   1169.2969	    757.81	    0.0	    00000000     00000000	   1	[       ]
594   	0     	      4	    NegLargeDark	   1171.0234	   1726.56	    0.0	    00000000     00000000	   1	[      1]
595   	0     	     11	 NeutSmallBright	   1173.5391	   2515.62	    0.0	    00000000     00000000	   1	[      8]
596   	0     	      9	   NeutSmallDark	   1175.8047	   2265.62	    0.0	    00000000     00000000	   1	[      6]
597   	0     	     10	 NeutLargeBright	   1178.0859	   2281.25	    0.0	    00000000     00000000	   1	[      7]
598   	0     	      7	  NegSmallBright	   1180.4805	   2394.53	    0.0	    00000000     00000000	   1	[      4]
599   	0     	     10	 NeutLargeBright	   1182.7852	   2304.69	    0.0	    00000000     00000000	   1	[      7]
600   	0     	     10	 NeutLargeBright	   1184.9180	   2132.81	    0.0	    00000000     00000000	   1	[      7]
601   	0     	      8	   NeutLargeDark	   1187.4219	   2503.91	    0.0	    00000000     00000000	   1	[      5]
602   	0     	     10	 NeutLargeBright	   1189.6289	   2207.03	    0.0	    00000000     00000000	   1	[      7]
603   	0     	     11	 NeutSmallBright	   1191.8711	   2242.19	    0.0	    00000000     00000000	   1	[      8]
604   	0     	      9	   NeutSmallDark	   1194.1250	   2253.91	    0.0	    00000000     00000000	   1	[      6]
605   	0     	     11	 NeutSmallBright	   1196.3711	   2246.09	    0.0	    00000000     00000000	   1	[      8]
606   	0     	     13	     condition13	   1198.5938	   2222.66	    0.0	    00000000     00000000	   1	[       ]
607   	0     	      2	      condition2	   1199.3008	    707.03	    0.0	    00000000     00000000	   1	[       ]
608   	0     	      8	   NeutLargeDark	   1200.6562	   1355.47	    0.0	    00000000     00000000	   1	[      5]
609   	0     	     11	 NeutSmallBright	   1202.7188	   2062.50	    0.0	    00000000     00000000	   1	[      8]
610   	0     	      6	  NegLargeBright	   1204.7656	   2046.88	    0.0	    00000000     00000000	   1	[      3]
611   	0     	      9	   NeutSmallDark	   1207.2383	   2472.66	    0.0	    00000000     00000000	   1	[      6]
612   	0     	      8	   NeutLargeDark	   1209.5234	   2285.16	    0.0	    00000000     00000000	   1	[      5]
613   	0     	      4	    NegLargeDark	   1211.7578	   2234.38	    0.0	    00000000     00000000	   1	[      1]
614   	0     	      5	    NegSmallDark	   1214.2500	   2492.19	    0.0	    00000000     00000000	   1	[      2]
615   	0     	      5	    NegSmallDark	   1216.5859	   2335.94	    0.0	    00000000     00000000	   1	[      2]
616   	0     	      4	    NegLargeDark	   1218.9180	   2332.03	    0.0	    00000000     00000000	   1	[      1]
617   	0     	     10	 NeutLargeBright	   1221.1914	   2273.44	    0.0	    00000000     00000000	   1	[      7]
618   	0     	      6	  NegLargeBright	   1223.7070	   2515.62	    0.0	    00000000     00000000	   1	[      3]
619   	0     	      4	    NegLargeDark	   1225.8906	   2183.59	    0.0	    00000000     00000000	   1	[      1]
620   	0     	     13	     condition13	   1228.1055	   2214.84	    0.0	    00000000     00000000	   1	[       ]
621   	0     	      2	      condition2	   1228.6875	    582.03	    0.0	    00000000     00000000	   1	[       ]
622   	0     	     10	 NeutLargeBright	   1230.5078	   1820.31	    0.0	    00000000     00000000	   1	[      7]
623   	0     	      8	   NeutLargeDark	   1232.8555	   2347.66	    0.0	    00000000     00000000	   1	[      5]
624   	0     	     10	 NeutLargeBright	   1235.3477	   2492.19	    0.0	    00000000     00000000	   1	[      7]
625   	0     	      6	  NegLargeBright	   1237.6914	   2343.75	    0.0	    00000000     00000000	   1	[      3]
626   	0     	      8	   NeutLargeDark	   1239.8047	   2113.28	    0.0	    00000000     00000000	   1	[      5]
627   	0     	      6	  NegLargeBright	   1241.9688	   2164.06	    0.0	    00000000     00000000	   1	[      3]
628   	0     	      4	    NegLargeDark	   1244.1250	   2156.25	    0.0	    00000000     00000000	   1	[      1]
629   	0     	      6	  NegLargeBright	   1246.3672	   2242.19	    0.0	    00000000     00000000	   1	[      3]
630   	0     	      7	  NegSmallBright	   1248.4414	   2074.22	    0.0	    00000000     00000000	   1	[      4]
631   	0     	      4	    NegLargeDark	   1250.7656	   2324.22	    0.0	    00000000     00000000	   1	[      1]
632   	0     	      6	  NegLargeBright	   1252.9375	   2171.88	    0.0	    00000000     00000000	   1	[      3]
633   	0     	      5	    NegSmallDark	   1255.0938	   2156.25	    0.0	    00000000     00000000	   1	[      2]
634   	0     	     14	     condition14	   1257.3867	   2292.97	    0.0	    00000000     00000000	   1	[       ]
635   	0     	      2	      condition2	   1258.0742	    687.50	    0.0	    00000000     00000000	   1	[       ]
636   	0     	      6	  NegLargeBright	   1259.4805	   1406.25	    0.0	    00000000     00000000	   1	[      3]
637   	0     	      4	    NegLargeDark	   1261.8555	   2375.00	    0.0	    00000000     00000000	   1	[      1]
638   	0     	     11	 NeutSmallBright	   1264.3594	   2503.91	    0.0	    00000000     00000000	   1	[      8]
639   	0     	     10	 NeutLargeBright	   1266.5039	   2144.53	    0.0	    00000000     00000000	   1	[      7]
640   	0     	      7	  NegSmallBright	   1268.8750	   2371.09	    0.0	    00000000     00000000	   1	[      4]
641   	0     	      5	    NegSmallDark	   1271.3203	   2445.31	    0.0	    00000000     00000000	   1	[      2]
642   	0     	      6	  NegLargeBright	   1273.4258	   2105.47	    0.0	    00000000     00000000	   1	[      3]
643   	0     	     10	 NeutLargeBright	   1275.5977	   2171.88	    0.0	    00000000     00000000	   1	[      7]
644   	0     	     15	     condition15	   1278.1133	   2515.62	    0.0	    00000000     00000000	   1	[       ]
645   	0     	      2	      condition2	   1279.2227	   1109.38	    0.0	    00000000     00000000	   1	[       ]
646   	0     	      7	  NegSmallBright	   1280.3477	   1125.00	    0.0	    00000000     00000000	   1	[      4]
647   	0     	      8	   NeutLargeDark	   1282.8711	   2523.44	    0.0	    00000000     00000000	   1	[      5]
648   	0     	      4	    NegLargeDark	   1284.9961	   2125.00	    0.0	    00000000     00000000	   1	[      1]
