#  Non-editable header begin --------------------------------------------------------------------------------
# 
#  data format...............: continuous
#  setname...................: BDF file
#  filename..................: none_specified
#  filepath..................: none_specified
#  nchan.....................: 64
#  pnts......................: 327936
#  srate.....................: 256
#  nevents...................: 647
#  generated by (bdf)........: 
#  generated by (set)........: BDF file
#  reported in ..............: 
#  prog Version..............: 8.02
#  creation date.............: 16-Nov-2020 15:13:51
#  user Account..............: 
# 
#  Non-editable header end --------------------------------------------------------------------------------

	bin 1,	# 60,	NegLargeDark
	bin 2,	# 60,	NegSmallDark
	bin 3,	# 60,	NegLargeBright
	bin 4,	# 60,	NegSmallBright
	bin 5,	# 60,	NeutLargeDark
	bin 6,	# 60,	NeutSmallDark
	bin 7,	# 60,	NeutLargeBright
	bin 8,	# 60,	NeutSmallBright



# item	 bepoch	  ecode	            label	      onset	          diff	     dura	b_flags	   a_flags	  enable	    bin
#                                                 (sec)           (msec)     (msec)    (binary)   (binary)


1     	0     	    253	              ""	      0.8594	      0.00	    0.0	    00000000     00000000	   1	[       ]
2     	0     	     10	 NeutLargeBright	      1.8594	   1000.00	    0.0	    00000000     00000000	   1	[      7]
3     	0     	      4	    NegLargeDark	      4.1836	   2324.22	    0.0	    00000000     00000000	   1	[      1]
4     	0     	      8	   NeutLargeDark	      6.5781	   2394.53	    0.0	    00000000     00000000	   1	[      5]
5     	0     	      8	   NeutLargeDark	      9.0117	   2433.59	    0.0	    00000000     00000000	   1	[      5]
6     	0     	     15	     condition15	     11.3555	   2343.75	    0.0	    00000000     00000000	   1	[       ]
7     	0     	      7	  NegSmallBright	     13.5000	   2144.53	    0.0	    00000000     00000000	   1	[      4]
8     	0     	      5	    NegSmallDark	     15.6367	   2136.72	    0.0	    00000000     00000000	   1	[      2]
9     	0     	      7	  NegSmallBright	     17.7891	   2152.34	    0.0	    00000000     00000000	   1	[      4]
10    	0     	      6	  NegLargeBright	     19.9922	   2203.12	    0.0	    00000000     00000000	   1	[      3]
11    	0     	     11	 NeutSmallBright	     22.0547	   2062.50	    0.0	    00000000     00000000	   1	[      8]
12    	0     	      7	  NegSmallBright	     24.3594	   2304.69	    0.0	    00000000     00000000	   1	[      4]
13    	0     	     10	 NeutLargeBright	     26.5430	   2183.59	    0.0	    00000000     00000000	   1	[      7]
14    	0     	      4	    NegLargeDark	     28.9062	   2363.28	    0.0	    00000000     00000000	   1	[      1]
15    	0     	      6	  NegLargeBright	     31.4609	   2554.69	    0.0	    00000000     00000000	   1	[      3]
16    	0     	      8	   NeutLargeDark	     33.8750	   2414.06	    0.0	    00000000     00000000	   1	[      5]
17    	0     	     15	     condition15	     36.2500	   2375.00	    0.0	    00000000     00000000	   1	[       ]
18    	0     	      2	      condition2	     37.0859	    835.94	    0.0	    00000000     00000000	   1	[       ]
19    	0     	      7	  NegSmallBright	     38.4453	   1359.38	    0.0	    00000000     00000000	   1	[      4]
20    	0     	      9	   NeutSmallDark	     40.5977	   2152.34	    0.0	    00000000     00000000	   1	[      6]
21    	0     	      9	   NeutSmallDark	     42.9531	   2355.47	    0.0	    00000000     00000000	   1	[      6]
22    	0     	      8	   NeutLargeDark	     45.2852	   2332.03	    0.0	    00000000     00000000	   1	[      5]
23    	0     	      7	  NegSmallBright	     47.7930	   2507.81	    0.0	    00000000     00000000	   1	[      4]
24    	0     	      4	    NegLargeDark	     49.9961	   2203.12	    0.0	    00000000     00000000	   1	[      1]
25    	0     	     10	 NeutLargeBright	     52.1094	   2113.28	    0.0	    00000000     00000000	   1	[      7]
26    	0     	      8	   NeutLargeDark	     54.5938	   2484.38	    0.0	    00000000     00000000	   1	[      5]
27    	0     	      5	    NegSmallDark	     56.7383	   2144.53	    0.0	    00000000     00000000	   1	[      2]
28    	0     	     10	 NeutLargeBright	     59.2500	   2511.72	    0.0	    00000000     00000000	   1	[      7]
29    	0     	      5	    NegSmallDark	     61.5156	   2265.62	    0.0	    00000000     00000000	   1	[      2]
30    	0     	      4	    NegLargeDark	     63.9688	   2453.12	    0.0	    00000000     00000000	   1	[      1]
31    	0     	     15	     condition15	     66.0039	   2035.16	    0.0	    00000000     00000000	   1	[       ]
32    	0     	      2	      condition2	     67.0625	   1058.59	    0.0	    00000000     00000000	   1	[       ]
33    	0     	      8	   NeutLargeDark	     68.3281	   1265.62	    0.0	    00000000     00000000	   1	[      5]
34    	0     	     11	 NeutSmallBright	     70.7109	   2382.81	    0.0	    00000000     00000000	   1	[      8]
35    	0     	      6	  NegLargeBright	     73.1172	   2406.25	    0.0	    00000000     00000000	   1	[      3]
36    	0     	     12	     condition12	     75.2891	   2171.88	    0.0	    00000000     00000000	   1	[       ]
37    	0     	      2	      condition2	     75.8711	    582.03	    0.0	    00000000     00000000	   1	[       ]
38    	0     	     10	 NeutLargeBright	     77.4922	   1621.09	    0.0	    00000000     00000000	   1	[      7]
39    	0     	      8	   NeutLargeDark	     79.8867	   2394.53	    0.0	    00000000     00000000	   1	[      5]
40    	0     	      5	    NegSmallDark	     82.3320	   2445.31	    0.0	    00000000     00000000	   1	[      2]
41    	0     	      7	  NegSmallBright	     84.4766	   2144.53	    0.0	    00000000     00000000	   1	[      4]
42    	0     	      7	  NegSmallBright	     86.5078	   2031.25	    0.0	    00000000     00000000	   1	[      4]
43    	0     	     10	 NeutLargeBright	     88.6719	   2164.06	    0.0	    00000000     00000000	   1	[      7]
44    	0     	      7	  NegSmallBright	     91.1367	   2464.84	    0.0	    00000000     00000000	   1	[      4]
45    	0     	      6	  NegLargeBright	     93.5000	   2363.28	    0.0	    00000000     00000000	   1	[      3]
46    	0     	     14	     condition14	     95.8750	   2375.00	    0.0	    00000000     00000000	   1	[       ]
47    	0     	      2	      condition2	     96.5234	    648.44	    0.0	    00000000     00000000	   1	[       ]
48    	0     	      7	  NegSmallBright	     98.2188	   1695.31	    0.0	    00000000     00000000	   1	[      4]
49    	0     	      7	  NegSmallBright	    100.4141	   2195.31	    0.0	    00000000     00000000	   1	[      4]
50    	0     	      8	   NeutLargeDark	    102.8984	   2484.38	    0.0	    00000000     00000000	   1	[      5]
51    	0     	     11	 NeutSmallBright	    104.9805	   2082.03	    0.0	    00000000     00000000	   1	[      8]
52    	0     	     10	 NeutLargeBright	    107.4883	   2507.81	    0.0	    00000000     00000000	   1	[      7]
53    	0     	     12	     condition12	    110.0195	   2531.25	    0.0	    00000000     00000000	   1	[       ]
54    	0     	      2	      condition2	    110.6250	    605.47	    0.0	    00000000     00000000	   1	[       ]
55    	0     	     11	 NeutSmallBright	    112.3359	   1710.94	    0.0	    00000000     00000000	   1	[      8]
56    	0     	     15	     condition15	    114.4688	   2132.81	    0.0	    00000000     00000000	   1	[       ]
57    	0     	      2	      condition2	    115.1602	    691.41	    0.0	    00000000     00000000	   1	[       ]
58    	0     	      9	   NeutSmallDark	    116.7930	   1632.81	    0.0	    00000000     00000000	   1	[      6]
59    	0     	      7	  NegSmallBright	    119.2461	   2453.12	    0.0	    00000000     00000000	   1	[      4]
60    	0     	      6	  NegLargeBright	    121.2891	   2042.97	    0.0	    00000000     00000000	   1	[      3]
61    	0     	      5	    NegSmallDark	    123.6250	   2335.94	    0.0	    00000000     00000000	   1	[      2]
62    	0     	      5	    NegSmallDark	    125.7578	   2132.81	    0.0	    00000000     00000000	   1	[      2]
63    	0     	      5	    NegSmallDark	    127.9805	   2222.66	    0.0	    00000000     00000000	   1	[      2]
64    	0     	     11	 NeutSmallBright	    130.0469	   2066.41	    0.0	    00000000     00000000	   1	[      8]
65    	0     	      8	   NeutLargeDark	    132.1797	   2132.81	    0.0	    00000000     00000000	   1	[      5]
66    	0     	      4	    NegLargeDark	    134.2422	   2062.50	    0.0	    00000000     00000000	   1	[      1]
67    	0     	      8	   NeutLargeDark	    136.2852	   2042.97	    0.0	    00000000     00000000	   1	[      5]
68    	0     	     11	 NeutSmallBright	    138.5703	   2285.16	    0.0	    00000000     00000000	   1	[      8]
69    	0     	     13	     condition13	    140.7734	   2203.12	    0.0	    00000000     00000000	   1	[       ]
70    	0     	      2	      condition2	    141.4102	    636.72	    0.0	    00000000     00000000	   1	[       ]
71    	0     	     11	 NeutSmallBright	    143.1406	   1730.47	    0.0	    00000000     00000000	   1	[      8]
72    	0     	      7	  NegSmallBright	    145.3438	   2203.12	    0.0	    00000000     00000000	   1	[      4]
73    	0     	      5	    NegSmallDark	    147.4766	   2132.81	    0.0	    00000000     00000000	   1	[      2]
74    	0     	     10	 NeutLargeBright	    149.9102	   2433.59	    0.0	    00000000     00000000	   1	[      7]
75    	0     	      9	   NeutSmallDark	    152.1641	   2253.91	    0.0	    00000000     00000000	   1	[      6]
76    	0     	     15	     condition15	    154.3789	   2214.84	    0.0	    00000000     00000000	   1	[       ]
77    	0     	      2	      condition2	    155.1523	    773.44	    0.0	    00000000     00000000	   1	[       ]
78    	0     	     12	     condition12	    156.4727	   1320.31	    0.0	    00000000     00000000	   1	[       ]
79    	0     	      2	      condition2	    157.2734	    800.78	    0.0	    00000000     00000000	   1	[       ]
80    	0     	      8	   NeutLargeDark	    158.7266	   1453.12	    0.0	    00000000     00000000	   1	[      5]
81    	0     	    253	              ""	    161.5469	   2820.31	    0.0	    00000000     00000000	   1	[       ]
82    	0     	      8	   NeutLargeDark	    162.5586	   1011.72	    0.0	    00000000     00000000	   1	[      5]
83    	0     	     13	     condition13	    164.6953	   2136.72	    0.0	    00000000     00000000	   1	[       ]
84    	0     	      2	      condition2	    165.2734	    578.12	    0.0	    00000000     00000000	   1	[       ]
85    	0     	     15	     condition15	    166.8164	   1542.97	    0.0	    00000000     00000000	   1	[       ]
86    	0     	      6	  NegLargeBright	    168.8828	   2066.41	    0.0	    00000000     00000000	   1	[      3]
87    	0     	      8	   NeutLargeDark	    171.2656	   2382.81	    0.0	    00000000     00000000	   1	[      5]
88    	0     	      4	    NegLargeDark	    173.5977	   2332.03	    0.0	    00000000     00000000	   1	[      1]
89    	0     	     10	 NeutLargeBright	    175.9922	   2394.53	    0.0	    00000000     00000000	   1	[      7]
90    	0     	      5	    NegSmallDark	    178.0273	   2035.16	    0.0	    00000000     00000000	   1	[      2]
91    	0     	     14	     condition14	    180.5117	   2484.38	    0.0	    00000000     00000000	   1	[       ]
92    	0     	      2	      condition2	    181.0625	    550.78	    0.0	    00000000     00000000	   1	[       ]
93    	0     	     11	 NeutSmallBright	    182.9570	   1894.53	    0.0	    00000000     00000000	   1	[      8]
94    	0     	     13	     condition13	    184.9883	   2031.25	    0.0	    00000000     00000000	   1	[       ]
95    	0     	      2	      condition2	    185.5234	    535.16	    0.0	    00000000     00000000	   1	[       ]
96    	0     	      8	   NeutLargeDark	    187.3555	   1832.03	    0.0	    00000000     00000000	   1	[      5]
97    	0     	      9	   NeutSmallDark	    189.7188	   2363.28	    0.0	    00000000     00000000	   1	[      6]
98    	0     	      7	  NegSmallBright	    192.1602	   2441.41	    0.0	    00000000     00000000	   1	[      4]
99    	0     	      5	    NegSmallDark	    194.3672	   2207.03	    0.0	    00000000     00000000	   1	[      2]
100   	0     	     11	 NeutSmallBright	    196.8398	   2472.66	    0.0	    00000000     00000000	   1	[      8]
101   	0     	      7	  NegSmallBright	    199.2930	   2453.12	    0.0	    00000000     00000000	   1	[      4]
102   	0     	      8	   NeutLargeDark	    201.7305	   2437.50	    0.0	    00000000     00000000	   1	[      5]
103   	0     	      4	    NegLargeDark	    204.0742	   2343.75	    0.0	    00000000     00000000	   1	[      1]
104   	0     	     12	     condition12	    206.2461	   2171.88	    0.0	    00000000     00000000	   1	[       ]
105   	0     	      2	      condition2	    206.7930	    546.88	    0.0	    00000000     00000000	   1	[       ]
106   	0     	     11	 NeutSmallBright	    208.3789	   1585.94	    0.0	    00000000     00000000	   1	[      8]
107   	0     	      9	   NeutSmallDark	    210.5547	   2175.78	    0.0	    00000000     00000000	   1	[      6]
108   	0     	      6	  NegLargeBright	    213.0391	   2484.38	    0.0	    00000000     00000000	   1	[      3]
109   	0     	      9	   NeutSmallDark	    215.3945	   2355.47	    0.0	    00000000     00000000	   1	[      6]
110   	0     	      9	   NeutSmallDark	    217.4961	   2101.56	    0.0	    00000000     00000000	   1	[      6]
111   	0     	      6	  NegLargeBright	    219.7109	   2214.84	    0.0	    00000000     00000000	   1	[      3]
112   	0     	      8	   NeutLargeDark	    222.0938	   2382.81	    0.0	    00000000     00000000	   1	[      5]
113   	0     	     10	 NeutLargeBright	    224.5977	   2503.91	    0.0	    00000000     00000000	   1	[      7]
114   	0     	     10	 NeutLargeBright	    226.9727	   2375.00	    0.0	    00000000     00000000	   1	[      7]
115   	0     	      8	   NeutLargeDark	    229.2461	   2273.44	    0.0	    00000000     00000000	   1	[      5]
116   	0     	      4	    NegLargeDark	    231.3398	   2093.75	    0.0	    00000000     00000000	   1	[      1]
117   	0     	      4	    NegLargeDark	    233.6055	   2265.62	    0.0	    00000000     00000000	   1	[      1]
118   	0     	      5	    NegSmallDark	    235.7500	   2144.53	    0.0	    00000000     00000000	   1	[      2]
119   	0     	      4	    NegLargeDark	    237.8711	   2121.09	    0.0	    00000000     00000000	   1	[      1]
120   	0     	      5	    NegSmallDark	    240.2266	   2355.47	    0.0	    00000000     00000000	   1	[      2]
121   	0     	      4	    NegLargeDark	    242.3711	   2144.53	    0.0	    00000000     00000000	   1	[      1]
122   	0     	      8	   NeutLargeDark	    244.4844	   2113.28	    0.0	    00000000     00000000	   1	[      5]
123   	0     	      8	   NeutLargeDark	    246.5391	   2054.69	    0.0	    00000000     00000000	   1	[      5]
124   	0     	      8	   NeutLargeDark	    248.7109	   2171.88	    0.0	    00000000     00000000	   1	[      5]
125   	0     	      5	    NegSmallDark	    250.8242	   2113.28	    0.0	    00000000     00000000	   1	[      2]
126   	0     	     14	     condition14	    253.0898	   2265.62	    0.0	    00000000     00000000	   1	[       ]
127   	0     	      2	      condition2	    253.7930	    703.12	    0.0	    00000000     00000000	   1	[       ]
128   	0     	     14	     condition14	    255.2422	   1449.22	    0.0	    00000000     00000000	   1	[       ]
129   	0     	      2	      condition2	    255.8828	    640.62	    0.0	    00000000     00000000	   1	[       ]
130   	0     	     14	     condition14	    257.7188	   1835.94	    0.0	    00000000     00000000	   1	[       ]
131   	0     	      2	      condition2	    258.3047	    585.94	    0.0	    00000000     00000000	   1	[       ]
132   	0     	      4	    NegLargeDark	    259.8516	   1546.88	    0.0	    00000000     00000000	   1	[      1]
133   	0     	      9	   NeutSmallDark	    261.8828	   2031.25	    0.0	    00000000     00000000	   1	[      6]
134   	0     	      8	   NeutLargeDark	    264.0898	   2207.03	    0.0	    00000000     00000000	   1	[      5]
135   	0     	     13	     condition13	    266.4336	   2343.75	    0.0	    00000000     00000000	   1	[       ]
136   	0     	      2	      condition2	    266.9922	    558.59	    0.0	    00000000     00000000	   1	[       ]
137   	0     	      5	    NegSmallDark	    268.8555	   1863.28	    0.0	    00000000     00000000	   1	[      2]
138   	0     	     11	 NeutSmallBright	    271.0312	   2175.78	    0.0	    00000000     00000000	   1	[      8]
139   	0     	      5	    NegSmallDark	    273.2852	   2253.91	    0.0	    00000000     00000000	   1	[      2]
140   	0     	      6	  NegLargeBright	    275.7500	   2464.84	    0.0	    00000000     00000000	   1	[      3]
141   	0     	      6	  NegLargeBright	    278.0117	   2261.72	    0.0	    00000000     00000000	   1	[      3]
142   	0     	      5	    NegSmallDark	    280.5078	   2496.09	    0.0	    00000000     00000000	   1	[      2]
143   	0     	     13	     condition13	    282.8711	   2363.28	    0.0	    00000000     00000000	   1	[       ]
144   	0     	      2	      condition2	    283.4844	    613.28	    0.0	    00000000     00000000	   1	[       ]
145   	0     	     11	 NeutSmallBright	    285.3750	   1890.62	    0.0	    00000000     00000000	   1	[      8]
146   	0     	     11	 NeutSmallBright	    287.4883	   2113.28	    0.0	    00000000     00000000	   1	[      8]
147   	0     	      5	    NegSmallDark	    289.6836	   2195.31	    0.0	    00000000     00000000	   1	[      2]
148   	0     	      6	  NegLargeBright	    291.7891	   2105.47	    0.0	    00000000     00000000	   1	[      3]
149   	0     	     10	 NeutLargeBright	    294.2930	   2503.91	    0.0	    00000000     00000000	   1	[      7]
150   	0     	     15	     condition15	    296.4062	   2113.28	    0.0	    00000000     00000000	   1	[       ]
151   	0     	      2	      condition2	    297.1641	    757.81	    0.0	    00000000     00000000	   1	[       ]
152   	0     	      5	    NegSmallDark	    298.7305	   1566.41	    0.0	    00000000     00000000	   1	[      2]
153   	0     	      4	    NegLargeDark	    301.0039	   2273.44	    0.0	    00000000     00000000	   1	[      1]
154   	0     	      8	   NeutLargeDark	    303.1289	   2125.00	    0.0	    00000000     00000000	   1	[      5]
155   	0     	     10	 NeutLargeBright	    305.3398	   2210.94	    0.0	    00000000     00000000	   1	[      7]
156   	0     	      9	   NeutSmallDark	    307.7656	   2425.78	    0.0	    00000000     00000000	   1	[      6]
157   	0     	      6	  NegLargeBright	    309.9180	   2152.34	    0.0	    00000000     00000000	   1	[      3]
158   	0     	      2	      condition2	    310.4570	    539.06	    0.0	    00000000     00000000	   1	[       ]
159   	0     	     10	 NeutLargeBright	    312.2344	   1777.34	    0.0	    00000000     00000000	   1	[      7]
160   	0     	      9	   NeutSmallDark	    314.3477	   2113.28	    0.0	    00000000     00000000	   1	[      6]
161   	0     	     11	 NeutSmallBright	    316.6602	   2312.50	    0.0	    00000000     00000000	   1	[      8]
162   	0     	     15	     condition15	    319.1250	   2464.84	    0.0	    00000000     00000000	   1	[       ]
163   	0     	      2	      condition2	    319.8086	    683.59	    0.0	    00000000     00000000	   1	[       ]
164   	0     	      9	   NeutSmallDark	    322.1836	   2375.00	    0.0	    00000000     00000000	   1	[      6]
165   	0     	      7	  NegSmallBright	    324.2500	   2066.41	    0.0	    00000000     00000000	   1	[      4]
166   	0     	      7	  NegSmallBright	    326.5234	   2273.44	    0.0	    00000000     00000000	   1	[      4]
167   	0     	      4	    NegLargeDark	    328.9961	   2472.66	    0.0	    00000000     00000000	   1	[      1]
168   	0     	      4	    NegLargeDark	    331.2812	   2285.16	    0.0	    00000000     00000000	   1	[      1]
169   	0     	      9	   NeutSmallDark	    333.7344	   2453.12	    0.0	    00000000     00000000	   1	[      6]
170   	0     	      6	  NegLargeBright	    335.9375	   2203.12	    0.0	    00000000     00000000	   1	[      3]
171   	0     	     14	     condition14	    338.0234	   2085.94	    0.0	    00000000     00000000	   1	[       ]
172   	0     	      2	      condition2	    338.6445	    621.09	    0.0	    00000000     00000000	   1	[       ]
173   	0     	      5	    NegSmallDark	    340.5273	   1882.81	    0.0	    00000000     00000000	   1	[      2]
174   	0     	      4	    NegLargeDark	    342.8594	   2332.03	    0.0	    00000000     00000000	   1	[      1]
175   	0     	     13	     condition13	    344.9531	   2093.75	    0.0	    00000000     00000000	   1	[       ]
176   	0     	      2	      condition2	    345.8203	    867.19	    0.0	    00000000     00000000	   1	[       ]
177   	0     	      7	  NegSmallBright	    347.3672	   1546.88	    0.0	    00000000     00000000	   1	[      4]
178   	0     	     13	     condition13	    349.8047	   2437.50	    0.0	    00000000     00000000	   1	[       ]
179   	0     	      2	      condition2	    350.4180	    613.28	    0.0	    00000000     00000000	   1	[       ]
180   	0     	      8	   NeutLargeDark	    351.9258	   1507.81	    0.0	    00000000     00000000	   1	[      5]
181   	0     	      7	  NegSmallBright	    354.0820	   2156.25	    0.0	    00000000     00000000	   1	[      4]
182   	0     	      8	   NeutLargeDark	    356.2227	   2140.62	    0.0	    00000000     00000000	   1	[      5]
183   	0     	      7	  NegSmallBright	    358.7070	   2484.38	    0.0	    00000000     00000000	   1	[      4]
184   	0     	     10	 NeutLargeBright	    361.2148	   2507.81	    0.0	    00000000     00000000	   1	[      7]
185   	0     	      9	   NeutSmallDark	    363.3086	   2093.75	    0.0	    00000000     00000000	   1	[      6]
186   	0     	      6	  NegLargeBright	    365.5312	   2222.66	    0.0	    00000000     00000000	   1	[      3]
187   	0     	     12	     condition12	    368.0156	   2484.38	    0.0	    00000000     00000000	   1	[       ]
188   	0     	      2	      condition2	    368.5117	    496.09	    0.0	    00000000     00000000	   1	[       ]
189   	0     	      9	   NeutSmallDark	    370.3398	   1828.12	    0.0	    00000000     00000000	   1	[      6]
190   	0     	      9	   NeutSmallDark	    372.4336	   2093.75	    0.0	    00000000     00000000	   1	[      6]
191   	0     	     10	 NeutLargeBright	    374.5781	   2144.53	    0.0	    00000000     00000000	   1	[      7]
192   	0     	      7	  NegSmallBright	    376.7812	   2203.12	    0.0	    00000000     00000000	   1	[      4]
193   	0     	     11	 NeutSmallBright	    378.8125	   2031.25	    0.0	    00000000     00000000	   1	[      8]
194   	0     	      6	  NegLargeBright	    381.0664	   2253.91	    0.0	    00000000     00000000	   1	[      3]
195   	0     	      9	   NeutSmallDark	    383.2031	   2136.72	    0.0	    00000000     00000000	   1	[      6]
196   	0     	      8	   NeutLargeDark	    385.4453	   2242.19	    0.0	    00000000     00000000	   1	[      5]
197   	0     	      9	   NeutSmallDark	    387.8203	   2375.00	    0.0	    00000000     00000000	   1	[      6]
198   	0     	      4	    NegLargeDark	    390.0625	   2242.19	    0.0	    00000000     00000000	   1	[      1]
199   	0     	     13	     condition13	    392.1289	   2066.41	    0.0	    00000000     00000000	   1	[       ]
200   	0     	      2	      condition2	    392.9648	    835.94	    0.0	    00000000     00000000	   1	[       ]
201   	0     	      6	  NegLargeBright	    394.5430	   1578.12	    0.0	    00000000     00000000	   1	[      3]
202   	0     	     12	     condition12	    396.6953	   2152.34	    0.0	    00000000     00000000	   1	[       ]
203   	0     	      2	      condition2	    397.3320	    636.72	    0.0	    00000000     00000000	   1	[       ]
204   	0     	      7	  NegSmallBright	    398.8594	   1527.34	    0.0	    00000000     00000000	   1	[      4]
205   	0     	     12	     condition12	    400.9648	   2105.47	    0.0	    00000000     00000000	   1	[       ]
206   	0     	      2	      condition2	    401.4805	    515.62	    0.0	    00000000     00000000	   1	[       ]
207   	0     	      8	   NeutLargeDark	    403.3086	   1828.12	    0.0	    00000000     00000000	   1	[      5]
208   	0     	     12	     condition12	    405.4609	   2152.34	    0.0	    00000000     00000000	   1	[       ]
209   	0     	      2	      condition2	    406.0156	    554.69	    0.0	    00000000     00000000	   1	[       ]
210   	0     	      9	   NeutSmallDark	    407.7461	   1730.47	    0.0	    00000000     00000000	   1	[      6]
211   	0     	      4	    NegLargeDark	    409.8672	   2121.09	    0.0	    00000000     00000000	   1	[      1]
212   	0     	     13	     condition13	    412.0625	   2195.31	    0.0	    00000000     00000000	   1	[       ]
213   	0     	      2	      condition2	    412.5938	    531.25	    0.0	    00000000     00000000	   1	[       ]
214   	0     	     13	     condition13	    414.1875	   1593.75	    0.0	    00000000     00000000	   1	[       ]
215   	0     	      2	      condition2	    414.7773	    589.84	    0.0	    00000000     00000000	   1	[       ]
216   	0     	      6	  NegLargeBright	    416.4805	   1703.12	    0.0	    00000000     00000000	   1	[      3]
217   	0     	      5	    NegSmallDark	    418.7656	   2285.16	    0.0	    00000000     00000000	   1	[      2]
218   	0     	     11	 NeutSmallBright	    420.8867	   2121.09	    0.0	    00000000     00000000	   1	[      8]
219   	0     	     13	     condition13	    423.0430	   2156.25	    0.0	    00000000     00000000	   1	[       ]
220   	0     	      2	      condition2	    423.5820	    539.06	    0.0	    00000000     00000000	   1	[       ]
221   	0     	      8	   NeutLargeDark	    425.4258	   1843.75	    0.0	    00000000     00000000	   1	[      5]
222   	0     	      6	  NegLargeBright	    427.6094	   2183.59	    0.0	    00000000     00000000	   1	[      3]
223   	0     	     11	 NeutSmallBright	    429.6836	   2074.22	    0.0	    00000000     00000000	   1	[      8]
224   	0     	     14	     condition14	    432.1172	   2433.59	    0.0	    00000000     00000000	   1	[       ]
225   	0     	      2	      condition2	    432.6992	    582.03	    0.0	    00000000     00000000	   1	[       ]
226   	0     	      8	   NeutLargeDark	    434.6328	   1933.59	    0.0	    00000000     00000000	   1	[      5]
227   	0     	      5	    NegSmallDark	    436.6875	   2054.69	    0.0	    00000000     00000000	   1	[      2]
228   	0     	     11	 NeutSmallBright	    438.7578	   2070.31	    0.0	    00000000     00000000	   1	[      8]
229   	0     	      4	    NegLargeDark	    440.9141	   2156.25	    0.0	    00000000     00000000	   1	[      1]
230   	0     	      8	   NeutLargeDark	    443.0273	   2113.28	    0.0	    00000000     00000000	   1	[      5]
231   	0     	      4	    NegLargeDark	    445.3320	   2304.69	    0.0	    00000000     00000000	   1	[      1]
232   	0     	     10	 NeutLargeBright	    447.5664	   2234.38	    0.0	    00000000     00000000	   1	[      7]
233   	0     	      7	  NegSmallBright	    449.8789	   2312.50	    0.0	    00000000     00000000	   1	[      4]
234   	0     	     14	     condition14	    452.3828	   2503.91	    0.0	    00000000     00000000	   1	[       ]
235   	0     	      2	      condition2	    452.9453	    562.50	    0.0	    00000000     00000000	   1	[       ]
236   	0     	      7	  NegSmallBright	    454.8477	   1902.34	    0.0	    00000000     00000000	   1	[      4]
237   	0     	      9	   NeutSmallDark	    456.8828	   2035.16	    0.0	    00000000     00000000	   1	[      6]
238   	0     	      5	    NegSmallDark	    459.3438	   2460.94	    0.0	    00000000     00000000	   1	[      2]
239   	0     	      4	    NegLargeDark	    461.7383	   2394.53	    0.0	    00000000     00000000	   1	[      1]
240   	0     	      8	   NeutLargeDark	    464.2148	   2476.56	    0.0	    00000000     00000000	   1	[      5]
241   	0     	      4	    NegLargeDark	    466.5781	   2363.28	    0.0	    00000000     00000000	   1	[      1]
242   	0     	      4	    NegLargeDark	    468.7734	   2195.31	    0.0	    00000000     00000000	   1	[      1]
243   	0     	      6	  NegLargeBright	    471.2461	   2472.66	    0.0	    00000000     00000000	   1	[      3]
244   	0     	      6	  NegLargeBright	    473.5000	   2253.91	    0.0	    00000000     00000000	   1	[      3]
245   	0     	     12	     condition12	    475.9336	   2433.59	    0.0	    00000000     00000000	   1	[       ]
246   	0     	      2	      condition2	    476.4688	    535.16	    0.0	    00000000     00000000	   1	[       ]
247   	0     	      4	    NegLargeDark	    478.4375	   1968.75	    0.0	    00000000     00000000	   1	[      1]
248   	0     	    253	              ""	    480.2344	   1796.88	    0.0	    00000000     00000000	   1	[       ]
249   	0     	      6	  NegLargeBright	    481.2422	   1007.81	    0.0	    00000000     00000000	   1	[      3]
250   	0     	     11	 NeutSmallBright	    483.2969	   2054.69	    0.0	    00000000     00000000	   1	[      8]
251   	0     	     15	     condition15	    485.6914	   2394.53	    0.0	    00000000     00000000	   1	[       ]
252   	0     	      2	      condition2	    486.4102	    718.75	    0.0	    00000000     00000000	   1	[       ]
253   	0     	      9	   NeutSmallDark	    487.8867	   1476.56	    0.0	    00000000     00000000	   1	[      6]
254   	0     	      6	  NegLargeBright	    489.9375	   2050.78	    0.0	    00000000     00000000	   1	[      3]
255   	0     	      6	  NegLargeBright	    492.4023	   2464.84	    0.0	    00000000     00000000	   1	[      3]
256   	0     	      9	   NeutSmallDark	    494.9062	   2503.91	    0.0	    00000000     00000000	   1	[      6]
257   	0     	     15	     condition15	    497.2812	   2375.00	    0.0	    00000000     00000000	   1	[       ]
258   	0     	      2	      condition2	    498.1172	    835.94	    0.0	    00000000     00000000	   1	[       ]
259   	0     	     14	     condition14	    499.7148	   1597.66	    0.0	    00000000     00000000	   1	[       ]
260   	0     	      2	      condition2	    500.3672	    652.34	    0.0	    00000000     00000000	   1	[       ]
261   	0     	     11	 NeutSmallBright	    501.7891	   1421.88	    0.0	    00000000     00000000	   1	[      8]
262   	0     	      6	  NegLargeBright	    503.8945	   2105.47	    0.0	    00000000     00000000	   1	[      3]
263   	0     	      8	   NeutLargeDark	    506.1289	   2234.38	    0.0	    00000000     00000000	   1	[      5]
264   	0     	      5	    NegSmallDark	    508.4023	   2273.44	    0.0	    00000000     00000000	   1	[      2]
265   	0     	      8	   NeutLargeDark	    510.6055	   2203.12	    0.0	    00000000     00000000	   1	[      5]
266   	0     	      7	  NegSmallBright	    513.0703	   2464.84	    0.0	    00000000     00000000	   1	[      4]
267   	0     	     10	 NeutLargeBright	    515.3555	   2285.16	    0.0	    00000000     00000000	   1	[      7]
268   	0     	     11	 NeutSmallBright	    517.4375	   2082.03	    0.0	    00000000     00000000	   1	[      8]
269   	0     	      7	  NegSmallBright	    519.8320	   2394.53	    0.0	    00000000     00000000	   1	[      4]
270   	0     	      6	  NegLargeBright	    521.9648	   2132.81	    0.0	    00000000     00000000	   1	[      3]
271   	0     	      8	   NeutLargeDark	    524.2109	   2246.09	    0.0	    00000000     00000000	   1	[      5]
272   	0     	     14	     condition14	    526.6641	   2453.12	    0.0	    00000000     00000000	   1	[       ]
273   	0     	      2	      condition2	    527.6680	   1003.91	    0.0	    00000000     00000000	   1	[       ]
274   	0     	     14	     condition14	    528.9375	   1269.53	    0.0	    00000000     00000000	   1	[       ]
275   	0     	      2	      condition2	    529.4961	    558.59	    0.0	    00000000     00000000	   1	[       ]
276   	0     	      9	   NeutSmallDark	    531.1016	   1605.47	    0.0	    00000000     00000000	   1	[      6]
277   	0     	      5	    NegSmallDark	    533.2656	   2164.06	    0.0	    00000000     00000000	   1	[      2]
278   	0     	      7	  NegSmallBright	    535.3281	   2062.50	    0.0	    00000000     00000000	   1	[      4]
279   	0     	      4	    NegLargeDark	    537.3828	   2054.69	    0.0	    00000000     00000000	   1	[      1]
280   	0     	      7	  NegSmallBright	    539.6055	   2222.66	    0.0	    00000000     00000000	   1	[      4]
281   	0     	     11	 NeutSmallBright	    541.9492	   2343.75	    0.0	    00000000     00000000	   1	[      8]
282   	0     	      5	    NegSmallDark	    544.1055	   2156.25	    0.0	    00000000     00000000	   1	[      2]
283   	0     	     12	     condition12	    546.3086	   2203.12	    0.0	    00000000     00000000	   1	[       ]
284   	0     	      2	      condition2	    547.0156	    707.03	    0.0	    00000000     00000000	   1	[       ]
285   	0     	      4	    NegLargeDark	    548.5312	   1515.62	    0.0	    00000000     00000000	   1	[      1]
286   	0     	      6	  NegLargeBright	    550.9180	   2386.72	    0.0	    00000000     00000000	   1	[      3]
287   	0     	     11	 NeutSmallBright	    553.3203	   2402.34	    0.0	    00000000     00000000	   1	[      8]
288   	0     	      7	  NegSmallBright	    555.7344	   2414.06	    0.0	    00000000     00000000	   1	[      4]
289   	0     	     11	 NeutSmallBright	    558.0703	   2335.94	    0.0	    00000000     00000000	   1	[      8]
290   	0     	      8	   NeutLargeDark	    560.3047	   2234.38	    0.0	    00000000     00000000	   1	[      5]
291   	0     	     10	 NeutLargeBright	    562.7773	   2472.66	    0.0	    00000000     00000000	   1	[      7]
292   	0     	      4	    NegLargeDark	    565.1914	   2414.06	    0.0	    00000000     00000000	   1	[      1]
293   	0     	     10	 NeutLargeBright	    567.6055	   2414.06	    0.0	    00000000     00000000	   1	[      7]
294   	0     	     12	     condition12	    569.8984	   2292.97	    0.0	    00000000     00000000	   1	[       ]
295   	0     	      2	      condition2	    570.4414	    542.97	    0.0	    00000000     00000000	   1	[       ]
296   	0     	      6	  NegLargeBright	    571.9922	   1550.78	    0.0	    00000000     00000000	   1	[      3]
297   	0     	      5	    NegSmallDark	    574.3477	   2355.47	    0.0	    00000000     00000000	   1	[      2]
298   	0     	     11	 NeutSmallBright	    576.5703	   2222.66	    0.0	    00000000     00000000	   1	[      8]
299   	0     	      5	    NegSmallDark	    578.7969	   2226.56	    0.0	    00000000     00000000	   1	[      2]
300   	0     	      7	  NegSmallBright	    580.8672	   2070.31	    0.0	    00000000     00000000	   1	[      4]
301   	0     	      5	    NegSmallDark	    583.3320	   2464.84	    0.0	    00000000     00000000	   1	[      2]
302   	0     	      9	   NeutSmallDark	    585.7461	   2414.06	    0.0	    00000000     00000000	   1	[      6]
303   	0     	     11	 NeutSmallBright	    588.2500	   2503.91	    0.0	    00000000     00000000	   1	[      8]
304   	0     	      9	   NeutSmallDark	    590.6562	   2406.25	    0.0	    00000000     00000000	   1	[      6]
305   	0     	      4	    NegLargeDark	    593.0898	   2433.59	    0.0	    00000000     00000000	   1	[      1]
306   	0     	      8	   NeutLargeDark	    595.5156	   2425.78	    0.0	    00000000     00000000	   1	[      5]
307   	0     	      8	   NeutLargeDark	    597.7891	   2273.44	    0.0	    00000000     00000000	   1	[      5]
308   	0     	      7	  NegSmallBright	    599.9141	   2125.00	    0.0	    00000000     00000000	   1	[      4]
309   	0     	     15	     condition15	    601.9766	   2062.50	    0.0	    00000000     00000000	   1	[       ]
310   	0     	      2	      condition2	    602.7734	    796.88	    0.0	    00000000     00000000	   1	[       ]
311   	0     	     14	     condition14	    604.3203	   1546.88	    0.0	    00000000     00000000	   1	[       ]
312   	0     	      2	      condition2	    605.0781	    757.81	    0.0	    00000000     00000000	   1	[       ]
313   	0     	      9	   NeutSmallDark	    606.4648	   1386.72	    0.0	    00000000     00000000	   1	[      6]
314   	0     	     10	 NeutLargeBright	    608.6172	   2152.34	    0.0	    00000000     00000000	   1	[      7]
315   	0     	      6	  NegLargeBright	    611.0430	   2425.78	    0.0	    00000000     00000000	   1	[      3]
316   	0     	     13	     condition13	    613.4062	   2363.28	    0.0	    00000000     00000000	   1	[       ]
317   	0     	      2	      condition2	    613.9805	    574.22	    0.0	    00000000     00000000	   1	[       ]
318   	0     	      8	   NeutLargeDark	    615.6016	   1621.09	    0.0	    00000000     00000000	   1	[      5]
319   	0     	      4	    NegLargeDark	    617.8633	   2261.72	    0.0	    00000000     00000000	   1	[      1]
320   	0     	      4	    NegLargeDark	    620.2188	   2355.47	    0.0	    00000000     00000000	   1	[      1]
321   	0     	      9	   NeutSmallDark	    622.2930	   2074.22	    0.0	    00000000     00000000	   1	[      6]
322   	0     	      7	  NegSmallBright	    624.4336	   2140.62	    0.0	    00000000     00000000	   1	[      4]
323   	0     	      5	    NegSmallDark	    626.6992	   2265.62	    0.0	    00000000     00000000	   1	[      2]
324   	0     	     11	 NeutSmallBright	    629.0039	   2304.69	    0.0	    00000000     00000000	   1	[      8]
325   	0     	      9	   NeutSmallDark	    631.3789	   2375.00	    0.0	    00000000     00000000	   1	[      6]
326   	0     	     10	 NeutLargeBright	    633.8516	   2472.66	    0.0	    00000000     00000000	   1	[      7]
327   	0     	     14	     condition14	    635.9766	   2125.00	    0.0	    00000000     00000000	   1	[       ]
328   	0     	      2	      condition2	    637.6016	   1625.00	    0.0	    00000000     00000000	   1	[       ]
329   	0     	      9	   NeutSmallDark	    638.0312	    429.69	    0.0	    00000000     00000000	   1	[      6]
330   	0     	    253	              ""	    640.2344	   2203.12	    0.0	    00000000     00000000	   1	[       ]
331   	0     	      5	    NegSmallDark	    641.2305	    996.09	    0.0	    00000000     00000000	   1	[      2]
332   	0     	      8	   NeutLargeDark	    643.6953	   2464.84	    0.0	    00000000     00000000	   1	[      5]
333   	0     	      5	    NegSmallDark	    645.8594	   2164.06	    0.0	    00000000     00000000	   1	[      2]
334   	0     	     14	     condition14	    648.2930	   2433.59	    0.0	    00000000     00000000	   1	[       ]
335   	0     	      2	      condition2	    648.8555	    562.50	    0.0	    00000000     00000000	   1	[       ]
336   	0     	     10	 NeutLargeBright	    650.7969	   1941.41	    0.0	    00000000     00000000	   1	[      7]
337   	0     	      6	  NegLargeBright	    653.1914	   2394.53	    0.0	    00000000     00000000	   1	[      3]
338   	0     	      6	  NegLargeBright	    655.6133	   2421.88	    0.0	    00000000     00000000	   1	[      3]
339   	0     	      9	   NeutSmallDark	    657.7266	   2113.28	    0.0	    00000000     00000000	   1	[      6]
340   	0     	      5	    NegSmallDark	    659.8125	   2085.94	    0.0	    00000000     00000000	   1	[      2]
341   	0     	     13	     condition13	    662.2969	   2484.38	    0.0	    00000000     00000000	   1	[       ]
342   	0     	      2	      condition2	    662.8125	    515.62	    0.0	    00000000     00000000	   1	[       ]
343   	0     	      6	  NegLargeBright	    664.4805	   1667.97	    0.0	    00000000     00000000	   1	[      3]
344   	0     	      7	  NegSmallBright	    666.6953	   2214.84	    0.0	    00000000     00000000	   1	[      4]
345   	0     	     14	     condition14	    669.1797	   2484.38	    0.0	    00000000     00000000	   1	[       ]
346   	0     	      2	      condition2	    669.7383	    558.59	    0.0	    00000000     00000000	   1	[       ]
347   	0     	      9	   NeutSmallDark	    671.5312	   1792.97	    0.0	    00000000     00000000	   1	[      6]
348   	0     	     10	 NeutLargeBright	    673.6875	   2156.25	    0.0	    00000000     00000000	   1	[      7]
349   	0     	      9	   NeutSmallDark	    675.9102	   2222.66	    0.0	    00000000     00000000	   1	[      6]
350   	0     	      5	    NegSmallDark	    677.9336	   2023.44	    0.0	    00000000     00000000	   1	[      2]
351   	0     	     15	     condition15	    680.0156	   2082.03	    0.0	    00000000     00000000	   1	[       ]
352   	0     	      2	      condition2	    680.6094	    593.75	    0.0	    00000000     00000000	   1	[       ]
353   	0     	      5	    NegSmallDark	    682.4102	   1800.78	    0.0	    00000000     00000000	   1	[      2]
354   	0     	      4	    NegLargeDark	    684.8945	   2484.38	    0.0	    00000000     00000000	   1	[      1]
355   	0     	     11	 NeutSmallBright	    687.1602	   2265.62	    0.0	    00000000     00000000	   1	[      8]
356   	0     	      5	    NegSmallDark	    689.1953	   2035.16	    0.0	    00000000     00000000	   1	[      2]
357   	0     	      7	  NegSmallBright	    691.3164	   2121.09	    0.0	    00000000     00000000	   1	[      4]
358   	0     	      9	   NeutSmallDark	    693.7500	   2433.59	    0.0	    00000000     00000000	   1	[      6]
359   	0     	     11	 NeutSmallBright	    696.1445	   2394.53	    0.0	    00000000     00000000	   1	[      8]
360   	0     	     12	     condition12	    698.5195	   2375.00	    0.0	    00000000     00000000	   1	[       ]
361   	0     	      2	      condition2	    699.1250	    605.47	    0.0	    00000000     00000000	   1	[       ]
362   	0     	     11	 NeutSmallBright	    700.8945	   1769.53	    0.0	    00000000     00000000	   1	[      8]
363   	0     	      4	    NegLargeDark	    703.0391	   2144.53	    0.0	    00000000     00000000	   1	[      1]
364   	0     	      5	    NegSmallDark	    705.1016	   2062.50	    0.0	    00000000     00000000	   1	[      2]
365   	0     	     12	     condition12	    707.5352	   2433.59	    0.0	    00000000     00000000	   1	[       ]
366   	0     	      2	      condition2	    708.0742	    539.06	    0.0	    00000000     00000000	   1	[       ]
367   	0     	      5	    NegSmallDark	    709.9219	   1847.66	    0.0	    00000000     00000000	   1	[      2]
368   	0     	      7	  NegSmallBright	    712.0352	   2113.28	    0.0	    00000000     00000000	   1	[      4]
369   	0     	      9	   NeutSmallDark	    714.1289	   2093.75	    0.0	    00000000     00000000	   1	[      6]
370   	0     	      9	   NeutSmallDark	    716.5312	   2402.34	    0.0	    00000000     00000000	   1	[      6]
371   	0     	      5	    NegSmallDark	    718.9062	   2375.00	    0.0	    00000000     00000000	   1	[      2]
372   	0     	     10	 NeutLargeBright	    721.1406	   2234.38	    0.0	    00000000     00000000	   1	[      7]
373   	0     	      8	   NeutLargeDark	    723.4531	   2312.50	    0.0	    00000000     00000000	   1	[      5]
374   	0     	      9	   NeutSmallDark	    725.9688	   2515.62	    0.0	    00000000     00000000	   1	[      6]
375   	0     	     11	 NeutSmallBright	    728.1328	   2164.06	    0.0	    00000000     00000000	   1	[      8]
376   	0     	     13	     condition13	    730.3164	   2183.59	    0.0	    00000000     00000000	   1	[       ]
377   	0     	      2	      condition2	    730.9375	    621.09	    0.0	    00000000     00000000	   1	[       ]
378   	0     	      8	   NeutLargeDark	    732.8086	   1871.09	    0.0	    00000000     00000000	   1	[      5]
379   	0     	     10	 NeutLargeBright	    734.8945	   2085.94	    0.0	    00000000     00000000	   1	[      7]
380   	0     	      8	   NeutLargeDark	    737.2266	   2332.03	    0.0	    00000000     00000000	   1	[      5]
381   	0     	     14	     condition14	    739.2734	   2046.88	    0.0	    00000000     00000000	   1	[       ]
382   	0     	      2	      condition2	    739.7656	    492.19	    0.0	    00000000     00000000	   1	[       ]
383   	0     	     11	 NeutSmallBright	    741.6445	   1878.91	    0.0	    00000000     00000000	   1	[      8]
384   	0     	      5	    NegSmallDark	    743.8086	   2164.06	    0.0	    00000000     00000000	   1	[      2]
385   	0     	     11	 NeutSmallBright	    745.9414	   2132.81	    0.0	    00000000     00000000	   1	[      8]
386   	0     	     14	     condition14	    748.1172	   2175.78	    0.0	    00000000     00000000	   1	[       ]
387   	0     	      2	      condition2	    748.6914	    574.22	    0.0	    00000000     00000000	   1	[       ]
388   	0     	      9	   NeutSmallDark	    750.4414	   1750.00	    0.0	    00000000     00000000	   1	[      6]
389   	0     	      8	   NeutLargeDark	    752.7344	   2292.97	    0.0	    00000000     00000000	   1	[      5]
390   	0     	      4	    NegLargeDark	    755.0000	   2265.62	    0.0	    00000000     00000000	   1	[      1]
391   	0     	      7	  NegSmallBright	    757.3945	   2394.53	    0.0	    00000000     00000000	   1	[      4]
392   	0     	      5	    NegSmallDark	    759.6758	   2281.25	    0.0	    00000000     00000000	   1	[      2]
393   	0     	      7	  NegSmallBright	    761.9023	   2226.56	    0.0	    00000000     00000000	   1	[      4]
394   	0     	     12	     condition12	    764.3438	   2441.41	    0.0	    00000000     00000000	   1	[       ]
395   	0     	      2	      condition2	    764.8594	    515.62	    0.0	    00000000     00000000	   1	[       ]
396   	0     	      7	  NegSmallBright	    766.4297	   1570.31	    0.0	    00000000     00000000	   1	[      4]
397   	0     	     12	     condition12	    768.7852	   2355.47	    0.0	    00000000     00000000	   1	[       ]
398   	0     	      2	      condition2	    769.3711	    585.94	    0.0	    00000000     00000000	   1	[       ]
399   	0     	      8	   NeutLargeDark	    771.1562	   1785.16	    0.0	    00000000     00000000	   1	[      5]
400   	0     	     11	 NeutSmallBright	    773.3398	   2183.59	    0.0	    00000000     00000000	   1	[      8]
401   	0     	      9	   NeutSmallDark	    775.6367	   2296.88	    0.0	    00000000     00000000	   1	[      6]
402   	0     	     15	     condition15	    777.9492	   2312.50	    0.0	    00000000     00000000	   1	[       ]
403   	0     	      2	      condition2	    778.6250	    675.78	    0.0	    00000000     00000000	   1	[       ]
404   	0     	     11	 NeutSmallBright	    780.2148	   1589.84	    0.0	    00000000     00000000	   1	[      8]
405   	0     	     10	 NeutLargeBright	    782.3477	   2132.81	    0.0	    00000000     00000000	   1	[      7]
406   	0     	      8	   NeutLargeDark	    784.7812	   2433.59	    0.0	    00000000     00000000	   1	[      5]
407   	0     	      6	  NegLargeBright	    787.2344	   2453.12	    0.0	    00000000     00000000	   1	[      3]
408   	0     	     12	     condition12	    789.5117	   2277.34	    0.0	    00000000     00000000	   1	[       ]
409   	0     	      2	      condition2	    790.0703	    558.59	    0.0	    00000000     00000000	   1	[       ]
410   	0     	     10	 NeutLargeBright	    791.8945	   1824.22	    0.0	    00000000     00000000	   1	[      7]
411   	0     	      6	  NegLargeBright	    794.2578	   2363.28	    0.0	    00000000     00000000	   1	[      3]
412   	0     	      4	    NegLargeDark	    796.6719	   2414.06	    0.0	    00000000     00000000	   1	[      1]
413   	0     	      9	   NeutSmallDark	    798.9453	   2273.44	    0.0	    00000000     00000000	   1	[      6]
414   	0     	    253	              ""	    800.7500	   1804.69	    0.0	    00000000     00000000	   1	[       ]
415   	0     	      8	   NeutLargeDark	    801.7617	   1011.72	    0.0	    00000000     00000000	   1	[      5]
416   	0     	      4	    NegLargeDark	    804.2461	   2484.38	    0.0	    00000000     00000000	   1	[      1]
417   	0     	      6	  NegLargeBright	    806.3711	   2125.00	    0.0	    00000000     00000000	   1	[      3]
418   	0     	      6	  NegLargeBright	    808.7852	   2414.06	    0.0	    00000000     00000000	   1	[      3]
419   	0     	      4	    NegLargeDark	    811.1562	   2371.09	    0.0	    00000000     00000000	   1	[      1]
420   	0     	      4	    NegLargeDark	    813.6719	   2515.62	    0.0	    00000000     00000000	   1	[      1]
421   	0     	      7	  NegSmallBright	    815.6953	   2023.44	    0.0	    00000000     00000000	   1	[      4]
422   	0     	      2	      condition2	    816.6211	    925.78	    0.0	    00000000     00000000	   1	[       ]
423   	0     	      8	   NeutLargeDark	    818.0078	   1386.72	    0.0	    00000000     00000000	   1	[      5]
424   	0     	     15	     condition15	    820.2930	   2285.16	    0.0	    00000000     00000000	   1	[       ]
425   	0     	      2	      condition2	    821.0117	    718.75	    0.0	    00000000     00000000	   1	[       ]
426   	0     	      4	    NegLargeDark	    822.7266	   1714.84	    0.0	    00000000     00000000	   1	[      1]
427   	0     	      5	    NegSmallDark	    824.8906	   2164.06	    0.0	    00000000     00000000	   1	[      2]
428   	0     	      6	  NegLargeBright	    827.2461	   2355.47	    0.0	    00000000     00000000	   1	[      3]
429   	0     	     12	     condition12	    829.3516	   2105.47	    0.0	    00000000     00000000	   1	[       ]
430   	0     	      2	      condition2	    829.9375	    585.94	    0.0	    00000000     00000000	   1	[       ]
431   	0     	      8	   NeutLargeDark	    831.4922	   1554.69	    0.0	    00000000     00000000	   1	[      5]
432   	0     	      5	    NegSmallDark	    833.5156	   2023.44	    0.0	    00000000     00000000	   1	[      2]
433   	0     	      6	  NegLargeBright	    835.8594	   2343.75	    0.0	    00000000     00000000	   1	[      3]
434   	0     	      5	    NegSmallDark	    838.3242	   2464.84	    0.0	    00000000     00000000	   1	[      2]
435   	0     	      7	  NegSmallBright	    840.8086	   2484.38	    0.0	    00000000     00000000	   1	[      4]
436   	0     	      4	    NegLargeDark	    843.1953	   2386.72	    0.0	    00000000     00000000	   1	[      1]
437   	0     	      6	  NegLargeBright	    845.6875	   2492.19	    0.0	    00000000     00000000	   1	[      3]
438   	0     	     11	 NeutSmallBright	    847.9805	   2292.97	    0.0	    00000000     00000000	   1	[      8]
439   	0     	     12	     condition12	    850.0742	   2093.75	    0.0	    00000000     00000000	   1	[       ]
440   	0     	      2	      condition2	    850.7812	    707.03	    0.0	    00000000     00000000	   1	[       ]
441   	0     	      4	    NegLargeDark	    852.5820	   1800.78	    0.0	    00000000     00000000	   1	[      1]
442   	0     	     14	     condition14	    855.1055	   2523.44	    0.0	    00000000     00000000	   1	[       ]
443   	0     	      2	      condition2	    855.6680	    562.50	    0.0	    00000000     00000000	   1	[       ]
444   	0     	      8	   NeutLargeDark	    857.5977	   1929.69	    0.0	    00000000     00000000	   1	[      5]
445   	0     	      7	  NegSmallBright	    860.1133	   2515.62	    0.0	    00000000     00000000	   1	[      4]
446   	0     	     11	 NeutSmallBright	    862.3594	   2246.09	    0.0	    00000000     00000000	   1	[      8]
447   	0     	      7	  NegSmallBright	    864.7422	   2382.81	    0.0	    00000000     00000000	   1	[      4]
448   	0     	      8	   NeutLargeDark	    866.8672	   2125.00	    0.0	    00000000     00000000	   1	[      5]
449   	0     	     10	 NeutLargeBright	    869.1211	   2253.91	    0.0	    00000000     00000000	   1	[      7]
450   	0     	     10	 NeutLargeBright	    871.5352	   2414.06	    0.0	    00000000     00000000	   1	[      7]
451   	0     	      9	   NeutSmallDark	    873.7578	   2222.66	    0.0	    00000000     00000000	   1	[      6]
452   	0     	     11	 NeutSmallBright	    876.2617	   2503.91	    0.0	    00000000     00000000	   1	[      8]
453   	0     	      7	  NegSmallBright	    878.7852	   2523.44	    0.0	    00000000     00000000	   1	[      4]
454   	0     	      5	    NegSmallDark	    881.2891	   2503.91	    0.0	    00000000     00000000	   1	[      2]
455   	0     	     11	 NeutSmallBright	    883.4336	   2144.53	    0.0	    00000000     00000000	   1	[      8]
456   	0     	      6	  NegLargeBright	    885.6992	   2265.62	    0.0	    00000000     00000000	   1	[      3]
457   	0     	     11	 NeutSmallBright	    888.0234	   2324.22	    0.0	    00000000     00000000	   1	[      8]
458   	0     	      7	  NegSmallBright	    890.5078	   2484.38	    0.0	    00000000     00000000	   1	[      4]
459   	0     	     11	 NeutSmallBright	    892.6406	   2132.81	    0.0	    00000000     00000000	   1	[      8]
460   	0     	     10	 NeutLargeBright	    894.7148	   2074.22	    0.0	    00000000     00000000	   1	[      7]
461   	0     	      7	  NegSmallBright	    897.1992	   2484.38	    0.0	    00000000     00000000	   1	[      4]
462   	0     	      5	    NegSmallDark	    899.4336	   2234.38	    0.0	    00000000     00000000	   1	[      2]
463   	0     	      7	  NegSmallBright	    901.5977	   2164.06	    0.0	    00000000     00000000	   1	[      4]
464   	0     	      6	  NegLargeBright	    903.8086	   2210.94	    0.0	    00000000     00000000	   1	[      3]
465   	0     	     11	 NeutSmallBright	    905.8438	   2035.16	    0.0	    00000000     00000000	   1	[      8]
466   	0     	     10	 NeutLargeBright	    908.1094	   2265.62	    0.0	    00000000     00000000	   1	[      7]
467   	0     	      7	  NegSmallBright	    910.3516	   2242.19	    0.0	    00000000     00000000	   1	[      4]
468   	0     	      4	    NegLargeDark	    912.4648	   2113.28	    0.0	    00000000     00000000	   1	[      1]
469   	0     	      5	    NegSmallDark	    914.9219	   2457.03	    0.0	    00000000     00000000	   1	[      2]
470   	0     	      4	    NegLargeDark	    917.2656	   2343.75	    0.0	    00000000     00000000	   1	[      1]
471   	0     	      8	   NeutLargeDark	    919.7969	   2531.25	    0.0	    00000000     00000000	   1	[      5]
472   	0     	      8	   NeutLargeDark	    922.0039	   2207.03	    0.0	    00000000     00000000	   1	[      5]
473   	0     	      5	    NegSmallDark	    924.3477	   2343.75	    0.0	    00000000     00000000	   1	[      2]
474   	0     	      6	  NegLargeBright	    926.4414	   2093.75	    0.0	    00000000     00000000	   1	[      3]
475   	0     	      4	    NegLargeDark	    928.9648	   2523.44	    0.0	    00000000     00000000	   1	[      1]
476   	0     	      8	   NeutLargeDark	    931.0664	   2101.56	    0.0	    00000000     00000000	   1	[      5]
477   	0     	      6	  NegLargeBright	    933.1602	   2093.75	    0.0	    00000000     00000000	   1	[      3]
478   	0     	      6	  NegLargeBright	    935.6172	   2457.03	    0.0	    00000000     00000000	   1	[      3]
479   	0     	      5	    NegSmallDark	    937.9922	   2375.00	    0.0	    00000000     00000000	   1	[      2]
480   	0     	      4	    NegLargeDark	    940.4531	   2460.94	    0.0	    00000000     00000000	   1	[      1]
481   	0     	      5	    NegSmallDark	    942.7578	   2304.69	    0.0	    00000000     00000000	   1	[      2]
482   	0     	      9	   NeutSmallDark	    945.0820	   2324.22	    0.0	    00000000     00000000	   1	[      6]
483   	0     	      7	  NegSmallBright	    947.2148	   2132.81	    0.0	    00000000     00000000	   1	[      4]
484   	0     	     10	 NeutLargeBright	    949.4609	   2246.09	    0.0	    00000000     00000000	   1	[      7]
485   	0     	      5	    NegSmallDark	    951.5742	   2113.28	    0.0	    00000000     00000000	   1	[      2]
486   	0     	      4	    NegLargeDark	    953.7891	   2214.84	    0.0	    00000000     00000000	   1	[      1]
487   	0     	      5	    NegSmallDark	    956.2227	   2433.59	    0.0	    00000000     00000000	   1	[      2]
488   	0     	      9	   NeutSmallDark	    958.3672	   2144.53	    0.0	    00000000     00000000	   1	[      6]
489   	0     	     13	     condition13	    960.5195	   2152.34	    0.0	    00000000     00000000	   1	[       ]
490   	0     	      2	      condition2	    961.4688	    949.22	    0.0	    00000000     00000000	   1	[       ]
491   	0     	    253	              ""	    962.1250	    656.25	    0.0	    00000000     00000000	   1	[       ]
492   	0     	      8	   NeutLargeDark	    963.1445	   1019.53	    0.0	    00000000     00000000	   1	[      5]
493   	0     	     11	 NeutSmallBright	    965.2773	   2132.81	    0.0	    00000000     00000000	   1	[      8]
494   	0     	     10	 NeutLargeBright	    967.5508	   2273.44	    0.0	    00000000     00000000	   1	[      7]
495   	0     	      4	    NegLargeDark	    970.0352	   2484.38	    0.0	    00000000     00000000	   1	[      1]
496   	0     	      9	   NeutSmallDark	    972.1211	   2085.94	    0.0	    00000000     00000000	   1	[      6]
497   	0     	      8	   NeutLargeDark	    974.5156	   2394.53	    0.0	    00000000     00000000	   1	[      5]
498   	0     	     10	 NeutLargeBright	    976.6875	   2171.88	    0.0	    00000000     00000000	   1	[      7]
499   	0     	     10	 NeutLargeBright	    979.0234	   2335.94	    0.0	    00000000     00000000	   1	[      7]
500   	0     	      6	  NegLargeBright	    981.5352	   2511.72	    0.0	    00000000     00000000	   1	[      3]
501   	0     	      5	    NegSmallDark	    984.0000	   2464.84	    0.0	    00000000     00000000	   1	[      2]
502   	0     	      4	    NegLargeDark	    986.2031	   2203.12	    0.0	    00000000     00000000	   1	[      1]
503   	0     	      9	   NeutSmallDark	    988.5078	   2304.69	    0.0	    00000000     00000000	   1	[      6]
504   	0     	     11	 NeutSmallBright	    990.7812	   2273.44	    0.0	    00000000     00000000	   1	[      8]
505   	0     	      6	  NegLargeBright	    992.9375	   2156.25	    0.0	    00000000     00000000	   1	[      3]
506   	0     	      5	    NegSmallDark	    995.1602	   2222.66	    0.0	    00000000     00000000	   1	[      2]
507   	0     	      9	   NeutSmallDark	    997.3828	   2222.66	    0.0	    00000000     00000000	   1	[      6]
508   	0     	      7	  NegSmallBright	    999.7383	   2355.47	    0.0	    00000000     00000000	   1	[      4]
509   	0     	     11	 NeutSmallBright	   1002.1641	   2425.78	    0.0	    00000000     00000000	   1	[      8]
510   	0     	      9	   NeutSmallDark	   1004.5781	   2414.06	    0.0	    00000000     00000000	   1	[      6]
511   	0     	     10	 NeutLargeBright	   1006.9023	   2324.22	    0.0	    00000000     00000000	   1	[      7]
512   	0     	      5	    NegSmallDark	   1009.2461	   2343.75	    0.0	    00000000     00000000	   1	[      2]
513   	0     	      4	    NegLargeDark	   1011.6797	   2433.59	    0.0	    00000000     00000000	   1	[      1]
514   	0     	     10	 NeutLargeBright	   1014.0820	   2402.34	    0.0	    00000000     00000000	   1	[      7]
515   	0     	      5	    NegSmallDark	   1016.2070	   2125.00	    0.0	    00000000     00000000	   1	[      2]
516   	0     	      8	   NeutLargeDark	   1018.5898	   2382.81	    0.0	    00000000     00000000	   1	[      5]
517   	0     	      4	    NegLargeDark	   1020.7461	   2156.25	    0.0	    00000000     00000000	   1	[      1]
518   	0     	      4	    NegLargeDark	   1022.9102	   2164.06	    0.0	    00000000     00000000	   1	[      1]
519   	0     	      4	    NegLargeDark	   1025.2617	   2351.56	    0.0	    00000000     00000000	   1	[      1]
520   	0     	      7	  NegSmallBright	   1027.3555	   2093.75	    0.0	    00000000     00000000	   1	[      4]
521   	0     	     11	 NeutSmallBright	   1029.8125	   2457.03	    0.0	    00000000     00000000	   1	[      8]
522   	0     	     10	 NeutLargeBright	   1032.3359	   2523.44	    0.0	    00000000     00000000	   1	[      7]
523   	0     	      5	    NegSmallDark	   1034.8516	   2515.62	    0.0	    00000000     00000000	   1	[      2]
524   	0     	     11	 NeutSmallBright	   1037.1445	   2292.97	    0.0	    00000000     00000000	   1	[      8]
525   	0     	     12	     condition12	   1039.5977	   2453.12	    0.0	    00000000     00000000	   1	[       ]
526   	0     	      2	      condition2	   1040.3125	    714.84	    0.0	    00000000     00000000	   1	[       ]
527   	0     	      6	  NegLargeBright	   1041.8203	   1507.81	    0.0	    00000000     00000000	   1	[      3]
528   	0     	      6	  NegLargeBright	   1044.3477	   2527.34	    0.0	    00000000     00000000	   1	[      3]
529   	0     	     11	 NeutSmallBright	   1046.4102	   2062.50	    0.0	    00000000     00000000	   1	[      8]
530   	0     	      6	  NegLargeBright	   1048.7031	   2292.97	    0.0	    00000000     00000000	   1	[      3]
531   	0     	     10	 NeutLargeBright	   1051.1094	   2406.25	    0.0	    00000000     00000000	   1	[      7]
532   	0     	      7	  NegSmallBright	   1053.1719	   2062.50	    0.0	    00000000     00000000	   1	[      4]
533   	0     	     15	     condition15	   1055.5352	   2363.28	    0.0	    00000000     00000000	   1	[       ]
534   	0     	      2	      condition2	   1056.2109	    675.78	    0.0	    00000000     00000000	   1	[       ]
535   	0     	      7	  NegSmallBright	   1057.9219	   1710.94	    0.0	    00000000     00000000	   1	[      4]
536   	0     	     10	 NeutLargeBright	   1059.9727	   2050.78	    0.0	    00000000     00000000	   1	[      7]
537   	0     	     10	 NeutLargeBright	   1062.0273	   2054.69	    0.0	    00000000     00000000	   1	[      7]
538   	0     	     13	     condition13	   1064.1523	   2125.00	    0.0	    00000000     00000000	   1	[       ]
539   	0     	      2	      condition2	   1064.7852	    632.81	    0.0	    00000000     00000000	   1	[       ]
540   	0     	     10	 NeutLargeBright	   1066.4141	   1628.91	    0.0	    00000000     00000000	   1	[      7]
541   	0     	     11	 NeutSmallBright	   1068.8477	   2433.59	    0.0	    00000000     00000000	   1	[      8]
542   	0     	      6	  NegLargeBright	   1070.9727	   2125.00	    0.0	    00000000     00000000	   1	[      3]
543   	0     	      4	    NegLargeDark	   1073.1680	   2195.31	    0.0	    00000000     00000000	   1	[      1]
544   	0     	     13	     condition13	   1075.5000	   2332.03	    0.0	    00000000     00000000	   1	[       ]
545   	0     	      2	      condition2	   1076.2500	    750.00	    0.0	    00000000     00000000	   1	[       ]
546   	0     	     10	 NeutLargeBright	   1077.6133	   1363.28	    0.0	    00000000     00000000	   1	[      7]
547   	0     	      9	   NeutSmallDark	   1080.1211	   2507.81	    0.0	    00000000     00000000	   1	[      6]
548   	0     	      9	   NeutSmallDark	   1082.1523	   2031.25	    0.0	    00000000     00000000	   1	[      6]
549   	0     	     15	     condition15	   1084.5859	   2433.59	    0.0	    00000000     00000000	   1	[       ]
550   	0     	      2	      condition2	   1085.4883	    902.34	    0.0	    00000000     00000000	   1	[       ]
551   	0     	     15	     condition15	   1086.6719	   1183.59	    0.0	    00000000     00000000	   1	[       ]
552   	0     	      2	      condition2	   1087.3359	    664.06	    0.0	    00000000     00000000	   1	[       ]
553   	0     	      6	  NegLargeBright	   1088.8750	   1539.06	    0.0	    00000000     00000000	   1	[      3]
554   	0     	     10	 NeutLargeBright	   1091.0781	   2203.12	    0.0	    00000000     00000000	   1	[      7]
555   	0     	      9	   NeutSmallDark	   1093.4609	   2382.81	    0.0	    00000000     00000000	   1	[      6]
556   	0     	      6	  NegLargeBright	   1095.5078	   2046.88	    0.0	    00000000     00000000	   1	[      3]
557   	0     	      4	    NegLargeDark	   1097.9414	   2433.59	    0.0	    00000000     00000000	   1	[      1]
558   	0     	      7	  NegSmallBright	   1100.1641	   2222.66	    0.0	    00000000     00000000	   1	[      4]
559   	0     	      5	    NegSmallDark	   1102.2383	   2074.22	    0.0	    00000000     00000000	   1	[      2]
560   	0     	      9	   NeutSmallDark	   1104.3125	   2074.22	    0.0	    00000000     00000000	   1	[      6]
561   	0     	     11	 NeutSmallBright	   1106.4062	   2093.75	    0.0	    00000000     00000000	   1	[      8]
562   	0     	     11	 NeutSmallBright	   1108.4492	   2042.97	    0.0	    00000000     00000000	   1	[      8]
563   	0     	      4	    NegLargeDark	   1110.5234	   2074.22	    0.0	    00000000     00000000	   1	[      1]
564   	0     	      9	   NeutSmallDark	   1112.6055	   2082.03	    0.0	    00000000     00000000	   1	[      6]
565   	0     	      4	    NegLargeDark	   1114.8086	   2203.12	    0.0	    00000000     00000000	   1	[      1]
566   	0     	      9	   NeutSmallDark	   1117.1250	   2316.41	    0.0	    00000000     00000000	   1	[      6]
567   	0     	     11	 NeutSmallBright	   1119.5391	   2414.06	    0.0	    00000000     00000000	   1	[      8]
568   	0     	    253	              ""	   1121.7812	   2242.19	    0.0	    00000000     00000000	   1	[       ]
569   	0     	      9	   NeutSmallDark	   1122.7773	    996.09	    0.0	    00000000     00000000	   1	[      6]
570   	0     	      7	  NegSmallBright	   1124.8281	   2050.78	    0.0	    00000000     00000000	   1	[      4]
571   	0     	      4	    NegLargeDark	   1127.0820	   2253.91	    0.0	    00000000     00000000	   1	[      1]
572   	0     	     13	     condition13	   1129.4492	   2367.19	    0.0	    00000000     00000000	   1	[       ]
573   	0     	      2	      condition2	   1130.1094	    660.16	    0.0	    00000000     00000000	   1	[       ]
574   	0     	      6	  NegLargeBright	   1131.5430	   1433.59	    0.0	    00000000     00000000	   1	[      3]
575   	0     	      7	  NegSmallBright	   1133.7539	   2210.94	    0.0	    00000000     00000000	   1	[      4]
576   	0     	      9	   NeutSmallDark	   1136.2305	   2476.56	    0.0	    00000000     00000000	   1	[      6]
577   	0     	      5	    NegSmallDark	   1138.3516	   2121.09	    0.0	    00000000     00000000	   1	[      2]
578   	0     	      9	   NeutSmallDark	   1140.6055	   2253.91	    0.0	    00000000     00000000	   1	[      6]
579   	0     	     10	 NeutLargeBright	   1142.6797	   2074.22	    0.0	    00000000     00000000	   1	[      7]
580   	0     	     10	 NeutLargeBright	   1144.7539	   2074.22	    0.0	    00000000     00000000	   1	[      7]
581   	0     	      9	   NeutSmallDark	   1146.8984	   2144.53	    0.0	    00000000     00000000	   1	[      6]
582   	0     	      6	  NegLargeBright	   1149.0234	   2125.00	    0.0	    00000000     00000000	   1	[      3]
583   	0     	      4	    NegLargeDark	   1151.3945	   2371.09	    0.0	    00000000     00000000	   1	[      1]
584   	0     	     13	     condition13	   1153.4883	   2093.75	    0.0	    00000000     00000000	   1	[       ]
585   	0     	      2	      condition2	   1154.0312	    542.97	    0.0	    00000000     00000000	   1	[       ]
586   	0     	     11	 NeutSmallBright	   1155.9961	   1964.84	    0.0	    00000000     00000000	   1	[      8]
587   	0     	     11	 NeutSmallBright	   1158.1992	   2203.12	    0.0	    00000000     00000000	   1	[      8]
588   	0     	     10	 NeutLargeBright	   1160.3828	   2183.59	    0.0	    00000000     00000000	   1	[      7]
589   	0     	      8	   NeutLargeDark	   1162.4336	   2050.78	    0.0	    00000000     00000000	   1	[      5]
590   	0     	     10	 NeutLargeBright	   1164.9297	   2496.09	    0.0	    00000000     00000000	   1	[      7]
591   	0     	     10	 NeutLargeBright	   1167.0234	   2093.75	    0.0	    00000000     00000000	   1	[      7]
592   	0     	      9	   NeutSmallDark	   1169.4062	   2382.81	    0.0	    00000000     00000000	   1	[      6]
593   	0     	      6	  NegLargeBright	   1171.6016	   2195.31	    0.0	    00000000     00000000	   1	[      3]
594   	0     	      7	  NegSmallBright	   1174.0469	   2445.31	    0.0	    00000000     00000000	   1	[      4]
595   	0     	      7	  NegSmallBright	   1176.3594	   2312.50	    0.0	    00000000     00000000	   1	[      4]
596   	0     	      4	    NegLargeDark	   1178.7734	   2414.06	    0.0	    00000000     00000000	   1	[      1]
597   	0     	      9	   NeutSmallDark	   1181.2891	   2515.62	    0.0	    00000000     00000000	   1	[      6]
598   	0     	      5	    NegSmallDark	   1183.3828	   2093.75	    0.0	    00000000     00000000	   1	[      2]
599   	0     	     15	     condition15	   1185.8867	   2503.91	    0.0	    00000000     00000000	   1	[       ]
600   	0     	      2	      condition2	   1186.6992	    812.50	    0.0	    00000000     00000000	   1	[       ]
601   	0     	     11	 NeutSmallBright	   1187.9219	   1222.66	    0.0	    00000000     00000000	   1	[      8]
602   	0     	     11	 NeutSmallBright	   1190.0938	   2171.88	    0.0	    00000000     00000000	   1	[      8]
603   	0     	      9	   NeutSmallDark	   1192.3867	   2292.97	    0.0	    00000000     00000000	   1	[      6]
604   	0     	     10	 NeutLargeBright	   1194.6328	   2246.09	    0.0	    00000000     00000000	   1	[      7]
605   	0     	     10	 NeutLargeBright	   1196.8047	   2171.88	    0.0	    00000000     00000000	   1	[      7]
606   	0     	      6	  NegLargeBright	   1199.0898	   2285.16	    0.0	    00000000     00000000	   1	[      3]
607   	0     	     11	 NeutSmallBright	   1201.4023	   2312.50	    0.0	    00000000     00000000	   1	[      8]
608   	0     	      9	   NeutSmallDark	   1203.7266	   2324.22	    0.0	    00000000     00000000	   1	[      6]
609   	0     	     12	     condition12	   1206.0820	   2355.47	    0.0	    00000000     00000000	   1	[       ]
610   	0     	      2	      condition2	   1206.6562	    574.22	    0.0	    00000000     00000000	   1	[       ]
611   	0     	      6	  NegLargeBright	   1208.5273	   1871.09	    0.0	    00000000     00000000	   1	[      3]
612   	0     	     13	     condition13	   1210.6797	   2152.34	    0.0	    00000000     00000000	   1	[       ]
613   	0     	      2	      condition2	   1211.2891	    609.38	    0.0	    00000000     00000000	   1	[       ]
614   	0     	      7	  NegSmallBright	   1212.7852	   1496.09	    0.0	    00000000     00000000	   1	[      4]
615   	0     	      7	  NegSmallBright	   1214.9297	   2144.53	    0.0	    00000000     00000000	   1	[      4]
616   	0     	      7	  NegSmallBright	   1217.1211	   2191.41	    0.0	    00000000     00000000	   1	[      4]
617   	0     	     10	 NeutLargeBright	   1219.2461	   2125.00	    0.0	    00000000     00000000	   1	[      7]
618   	0     	     10	 NeutLargeBright	   1221.6484	   2402.34	    0.0	    00000000     00000000	   1	[      7]
619   	0     	      6	  NegLargeBright	   1223.7852	   2136.72	    0.0	    00000000     00000000	   1	[      3]
620   	0     	     11	 NeutSmallBright	   1226.2188	   2433.59	    0.0	    00000000     00000000	   1	[      8]
621   	0     	      4	    NegLargeDark	   1228.4297	   2210.94	    0.0	    00000000     00000000	   1	[      1]
622   	0     	     14	     condition14	   1230.6562	   2226.56	    0.0	    00000000     00000000	   1	[       ]
623   	0     	      2	      condition2	   1231.3477	    691.41	    0.0	    00000000     00000000	   1	[       ]
624   	0     	      7	  NegSmallBright	   1232.9883	   1640.62	    0.0	    00000000     00000000	   1	[      4]
625   	0     	     11	 NeutSmallBright	   1235.4023	   2414.06	    0.0	    00000000     00000000	   1	[      8]
626   	0     	     10	 NeutLargeBright	   1237.5586	   2156.25	    0.0	    00000000     00000000	   1	[      7]
627   	0     	     15	     condition15	   1240.0625	   2503.91	    0.0	    00000000     00000000	   1	[       ]
628   	0     	      2	      condition2	   1240.7461	    683.59	    0.0	    00000000     00000000	   1	[       ]
629   	0     	      6	  NegLargeBright	   1242.5664	   1820.31	    0.0	    00000000     00000000	   1	[      3]
630   	0     	     10	 NeutLargeBright	   1245.0625	   2496.09	    0.0	    00000000     00000000	   1	[      7]
631   	0     	     10	 NeutLargeBright	   1247.5039	   2441.41	    0.0	    00000000     00000000	   1	[      7]
632   	0     	      4	    NegLargeDark	   1249.9883	   2484.38	    0.0	    00000000     00000000	   1	[      1]
633   	0     	     15	     condition15	   1252.2344	   2246.09	    0.0	    00000000     00000000	   1	[       ]
634   	0     	      2	      condition2	   1252.9531	    718.75	    0.0	    00000000     00000000	   1	[       ]
635   	0     	      8	   NeutLargeDark	   1254.7695	   1816.41	    0.0	    00000000     00000000	   1	[      5]
636   	0     	      8	   NeutLargeDark	   1257.2422	   2472.66	    0.0	    00000000     00000000	   1	[      5]
637   	0     	     11	 NeutSmallBright	   1259.5352	   2292.97	    0.0	    00000000     00000000	   1	[      8]
638   	0     	      6	  NegLargeBright	   1261.7695	   2234.38	    0.0	    00000000     00000000	   1	[      3]
639   	0     	      8	   NeutLargeDark	   1263.8438	   2074.22	    0.0	    00000000     00000000	   1	[      5]
640   	0     	     10	 NeutLargeBright	   1265.8984	   2054.69	    0.0	    00000000     00000000	   1	[      7]
641   	0     	      8	   NeutLargeDark	   1267.9492	   2050.78	    0.0	    00000000     00000000	   1	[      5]
642   	0     	     10	 NeutLargeBright	   1270.3164	   2367.19	    0.0	    00000000     00000000	   1	[      7]
643   	0     	     14	     condition14	   1272.3789	   2062.50	    0.0	    00000000     00000000	   1	[       ]
644   	0     	      2	      condition2	   1273.0039	    625.00	    0.0	    00000000     00000000	   1	[       ]
645   	0     	     10	 NeutLargeBright	   1274.8125	   1808.59	    0.0	    00000000     00000000	   1	[      7]
646   	0     	      5	    NegSmallDark	   1277.2188	   2406.25	    0.0	    00000000     00000000	   1	[      2]
647   	0     	      6	  NegLargeBright	   1279.3125	   2093.75	    0.0	    00000000     00000000	   1	[      3]
