#  Non-editable header begin --------------------------------------------------------------------------------
# 
#  data format...............: continuous
#  setname...................: BDF file
#  filename..................: none_specified
#  filepath..................: none_specified
#  nchan.....................: 64
#  pnts......................: 329728
#  srate.....................: 256
#  nevents...................: 643
#  generated by (bdf)........: 
#  generated by (set)........: BDF file
#  reported in ..............: 
#  prog Version..............: 8.02
#  creation date.............: 16-Nov-2020 15:15:26
#  user Account..............: 
# 
#  Non-editable header end --------------------------------------------------------------------------------

	bin 1,	# 60,	NegLargeDark
	bin 2,	# 60,	NegSmallDark
	bin 3,	# 60,	NegLargeBright
	bin 4,	# 60,	NegSmallBright
	bin 5,	# 60,	NeutLargeDark
	bin 6,	# 60,	NeutSmallDark
	bin 7,	# 60,	NeutLargeBright
	bin 8,	# 60,	NeutSmallBright



# item	 bepoch	  ecode	            label	      onset	          diff	     dura	b_flags	   a_flags	  enable	    bin
#                                                 (sec)           (msec)     (msec)    (binary)   (binary)


1     	0     	    253	              ""	      0.3594	      0.00	    0.0	    00000000     00000000	   1	[       ]
2     	0     	      4	    NegLargeDark	      1.3594	   1000.00	    0.0	    00000000     00000000	   1	[      1]
3     	0     	      5	    NegSmallDark	      3.5039	   2144.53	    0.0	    00000000     00000000	   1	[      2]
4     	0     	      8	   NeutLargeDark	      5.8984	   2394.53	    0.0	    00000000     00000000	   1	[      5]
5     	0     	      7	  NegSmallBright	      8.3008	   2402.34	    0.0	    00000000     00000000	   1	[      4]
6     	0     	      5	    NegSmallDark	     10.8047	   2503.91	    0.0	    00000000     00000000	   1	[      2]
7     	0     	     10	 NeutLargeBright	     13.0000	   2195.31	    0.0	    00000000     00000000	   1	[      7]
8     	0     	      9	   NeutSmallDark	     15.0938	   2093.75	    0.0	    00000000     00000000	   1	[      6]
9     	0     	      6	  NegLargeBright	     17.4180	   2324.22	    0.0	    00000000     00000000	   1	[      3]
10    	0     	     11	 NeutSmallBright	     19.8438	   2425.78	    0.0	    00000000     00000000	   1	[      8]
11    	0     	     10	 NeutLargeBright	     22.3086	   2464.84	    0.0	    00000000     00000000	   1	[      7]
12    	0     	      7	  NegSmallBright	     24.3398	   2031.25	    0.0	    00000000     00000000	   1	[      4]
13    	0     	      6	  NegLargeBright	     26.8555	   2515.62	    0.0	    00000000     00000000	   1	[      3]
14    	0     	     15	     condition15	     29.0391	   2183.59	    0.0	    00000000     00000000	   1	[       ]
15    	0     	      2	      condition2	     29.8672	    828.12	    0.0	    00000000     00000000	   1	[       ]
16    	0     	      7	  NegSmallBright	     31.4531	   1585.94	    0.0	    00000000     00000000	   1	[      4]
17    	0     	      5	    NegSmallDark	     33.8672	   2414.06	    0.0	    00000000     00000000	   1	[      2]
18    	0     	      9	   NeutSmallDark	     35.9414	   2074.22	    0.0	    00000000     00000000	   1	[      6]
19    	0     	     10	 NeutLargeBright	     37.9727	   2031.25	    0.0	    00000000     00000000	   1	[      7]
20    	0     	     10	 NeutLargeBright	     40.1797	   2207.03	    0.0	    00000000     00000000	   1	[      7]
21    	0     	      4	    NegLargeDark	     42.3711	   2191.41	    0.0	    00000000     00000000	   1	[      1]
22    	0     	     11	 NeutSmallBright	     44.4141	   2042.97	    0.0	    00000000     00000000	   1	[      8]
23    	0     	      6	  NegLargeBright	     46.9297	   2515.62	    0.0	    00000000     00000000	   1	[      3]
24    	0     	      8	   NeutLargeDark	     49.0547	   2125.00	    0.0	    00000000     00000000	   1	[      5]
25    	0     	      9	   NeutSmallDark	     51.5078	   2453.12	    0.0	    00000000     00000000	   1	[      6]
26    	0     	      7	  NegSmallBright	     53.8438	   2335.94	    0.0	    00000000     00000000	   1	[      4]
27    	0     	     11	 NeutSmallBright	     56.3359	   2492.19	    0.0	    00000000     00000000	   1	[      8]
28    	0     	     11	 NeutSmallBright	     58.7227	   2386.72	    0.0	    00000000     00000000	   1	[      8]
29    	0     	      5	    NegSmallDark	     60.8945	   2171.88	    0.0	    00000000     00000000	   1	[      2]
30    	0     	      8	   NeutLargeDark	     63.2500	   2355.47	    0.0	    00000000     00000000	   1	[      5]
31    	0     	      9	   NeutSmallDark	     65.5820	   2332.03	    0.0	    00000000     00000000	   1	[      6]
32    	0     	      6	  NegLargeBright	     67.6953	   2113.28	    0.0	    00000000     00000000	   1	[      3]
33    	0     	     14	     condition14	     70.1211	   2425.78	    0.0	    00000000     00000000	   1	[       ]
34    	0     	      2	      condition2	     70.8672	    746.09	    0.0	    00000000     00000000	   1	[       ]
35    	0     	      8	   NeutLargeDark	     72.6055	   1738.28	    0.0	    00000000     00000000	   1	[      5]
36    	0     	      4	    NegLargeDark	     74.6875	   2082.03	    0.0	    00000000     00000000	   1	[      1]
37    	0     	      9	   NeutSmallDark	     76.8125	   2125.00	    0.0	    00000000     00000000	   1	[      6]
38    	0     	      9	   NeutSmallDark	     79.1367	   2324.22	    0.0	    00000000     00000000	   1	[      6]
39    	0     	     12	     condition12	     81.5117	   2375.00	    0.0	    00000000     00000000	   1	[       ]
40    	0     	      2	      condition2	     82.0664	    554.69	    0.0	    00000000     00000000	   1	[       ]
41    	0     	      9	   NeutSmallDark	     83.6953	   1628.91	    0.0	    00000000     00000000	   1	[      6]
42    	0     	      4	    NegLargeDark	     85.9492	   2253.91	    0.0	    00000000     00000000	   1	[      1]
43    	0     	      5	    NegSmallDark	     88.0938	   2144.53	    0.0	    00000000     00000000	   1	[      2]
44    	0     	      4	    NegLargeDark	     90.4570	   2363.28	    0.0	    00000000     00000000	   1	[      1]
45    	0     	      7	  NegSmallBright	     92.6992	   2242.19	    0.0	    00000000     00000000	   1	[      4]
46    	0     	      7	  NegSmallBright	     94.7344	   2035.16	    0.0	    00000000     00000000	   1	[      4]
47    	0     	      9	   NeutSmallDark	     97.2383	   2503.91	    0.0	    00000000     00000000	   1	[      6]
48    	0     	     10	 NeutLargeBright	     99.2930	   2054.69	    0.0	    00000000     00000000	   1	[      7]
49    	0     	     10	 NeutLargeBright	    101.5859	   2292.97	    0.0	    00000000     00000000	   1	[      7]
50    	0     	     10	 NeutLargeBright	    103.6992	   2113.28	    0.0	    00000000     00000000	   1	[      7]
51    	0     	      8	   NeutLargeDark	    105.9023	   2203.12	    0.0	    00000000     00000000	   1	[      5]
52    	0     	     14	     condition14	    108.0273	   2125.00	    0.0	    00000000     00000000	   1	[       ]
53    	0     	      2	      condition2	    108.7266	    699.22	    0.0	    00000000     00000000	   1	[       ]
54    	0     	     13	     condition13	    110.4219	   1695.31	    0.0	    00000000     00000000	   1	[       ]
55    	0     	      2	      condition2	    111.0312	    609.38	    0.0	    00000000     00000000	   1	[       ]
56    	0     	     11	 NeutSmallBright	    112.5039	   1472.66	    0.0	    00000000     00000000	   1	[      8]
57    	0     	      7	  NegSmallBright	    114.7305	   2226.56	    0.0	    00000000     00000000	   1	[      4]
58    	0     	      6	  NegLargeBright	    117.0547	   2324.22	    0.0	    00000000     00000000	   1	[      3]
59    	0     	     10	 NeutLargeBright	    119.3477	   2292.97	    0.0	    00000000     00000000	   1	[      7]
60    	0     	      9	   NeutSmallDark	    121.5508	   2203.12	    0.0	    00000000     00000000	   1	[      6]
61    	0     	     13	     condition13	    123.6562	   2105.47	    0.0	    00000000     00000000	   1	[       ]
62    	0     	      2	      condition2	    124.1797	    523.44	    0.0	    00000000     00000000	   1	[       ]
63    	0     	     13	     condition13	    126.1289	   1949.22	    0.0	    00000000     00000000	   1	[       ]
64    	0     	      2	      condition2	    126.7227	    593.75	    0.0	    00000000     00000000	   1	[       ]
65    	0     	      5	    NegSmallDark	    128.6445	   1921.88	    0.0	    00000000     00000000	   1	[      2]
66    	0     	      7	  NegSmallBright	    130.7383	   2093.75	    0.0	    00000000     00000000	   1	[      4]
67    	0     	      6	  NegLargeBright	    132.8711	   2132.81	    0.0	    00000000     00000000	   1	[      3]
68    	0     	      9	   NeutSmallDark	    135.3047	   2433.59	    0.0	    00000000     00000000	   1	[      6]
69    	0     	      9	   NeutSmallDark	    137.6797	   2375.00	    0.0	    00000000     00000000	   1	[      6]
70    	0     	      4	    NegLargeDark	    140.1836	   2503.91	    0.0	    00000000     00000000	   1	[      1]
71    	0     	      6	  NegLargeBright	    142.3477	   2164.06	    0.0	    00000000     00000000	   1	[      3]
72    	0     	      9	   NeutSmallDark	    144.5430	   2195.31	    0.0	    00000000     00000000	   1	[      6]
73    	0     	      6	  NegLargeBright	    146.9375	   2394.53	    0.0	    00000000     00000000	   1	[      3]
74    	0     	      9	   NeutSmallDark	    149.2383	   2300.78	    0.0	    00000000     00000000	   1	[      6]
75    	0     	     11	 NeutSmallBright	    151.6758	   2437.50	    0.0	    00000000     00000000	   1	[      8]
76    	0     	     10	 NeutLargeBright	    154.1680	   2492.19	    0.0	    00000000     00000000	   1	[      7]
77    	0     	      8	   NeutLargeDark	    156.2305	   2062.50	    0.0	    00000000     00000000	   1	[      5]
78    	0     	     11	 NeutSmallBright	    158.6172	   2386.72	    0.0	    00000000     00000000	   1	[      8]
79    	0     	      8	   NeutLargeDark	    161.1562	   2539.06	    0.0	    00000000     00000000	   1	[      5]
80    	0     	      6	  NegLargeBright	    163.3320	   2175.78	    0.0	    00000000     00000000	   1	[      3]
81    	0     	     10	 NeutLargeBright	    165.3750	   2042.97	    0.0	    00000000     00000000	   1	[      7]
82    	0     	     10	 NeutLargeBright	    167.7500	   2375.00	    0.0	    00000000     00000000	   1	[      7]
83    	0     	      7	  NegSmallBright	    170.1328	   2382.81	    0.0	    00000000     00000000	   1	[      4]
84    	0     	      4	    NegLargeDark	    172.5586	   2425.78	    0.0	    00000000     00000000	   1	[      1]
85    	0     	     11	 NeutSmallBright	    174.9219	   2363.28	    0.0	    00000000     00000000	   1	[      8]
86    	0     	     10	 NeutLargeBright	    177.0039	   2082.03	    0.0	    00000000     00000000	   1	[      7]
87    	0     	      8	   NeutLargeDark	    179.2969	   2292.97	    0.0	    00000000     00000000	   1	[      5]
88    	0     	      5	    NegSmallDark	    181.7617	   2464.84	    0.0	    00000000     00000000	   1	[      2]
89    	0     	      5	    NegSmallDark	    184.2266	   2464.84	    0.0	    00000000     00000000	   1	[      2]
90    	0     	      9	   NeutSmallDark	    186.6523	   2425.78	    0.0	    00000000     00000000	   1	[      6]
91    	0     	      7	  NegSmallBright	    188.8750	   2222.66	    0.0	    00000000     00000000	   1	[      4]
92    	0     	      5	    NegSmallDark	    190.9297	   2054.69	    0.0	    00000000     00000000	   1	[      2]
93    	0     	     15	     condition15	    192.9922	   2062.50	    0.0	    00000000     00000000	   1	[       ]
94    	0     	      2	      condition2	    193.6562	    664.06	    0.0	    00000000     00000000	   1	[       ]
95    	0     	      7	  NegSmallBright	    195.0977	   1441.41	    0.0	    00000000     00000000	   1	[      4]
96    	0     	     10	 NeutLargeBright	    197.5820	   2484.38	    0.0	    00000000     00000000	   1	[      7]
97    	0     	      9	   NeutSmallDark	    199.6055	   2023.44	    0.0	    00000000     00000000	   1	[      6]
98    	0     	      9	   NeutSmallDark	    201.7383	   2132.81	    0.0	    00000000     00000000	   1	[      6]
99    	0     	      5	    NegSmallDark	    203.8711	   2132.81	    0.0	    00000000     00000000	   1	[      2]
100   	0     	      7	  NegSmallBright	    206.2148	   2343.75	    0.0	    00000000     00000000	   1	[      4]
101   	0     	     10	 NeutLargeBright	    208.7422	   2527.34	    0.0	    00000000     00000000	   1	[      7]
102   	0     	     11	 NeutSmallBright	    210.8242	   2082.03	    0.0	    00000000     00000000	   1	[      8]
103   	0     	      9	   NeutSmallDark	    213.0898	   2265.62	    0.0	    00000000     00000000	   1	[      6]
104   	0     	      6	  NegLargeBright	    215.5039	   2414.06	    0.0	    00000000     00000000	   1	[      3]
105   	0     	      6	  NegLargeBright	    218.0078	   2503.91	    0.0	    00000000     00000000	   1	[      3]
106   	0     	      7	  NegSmallBright	    220.3594	   2351.56	    0.0	    00000000     00000000	   1	[      4]
107   	0     	      9	   NeutSmallDark	    222.5234	   2164.06	    0.0	    00000000     00000000	   1	[      6]
108   	0     	     10	 NeutLargeBright	    224.6484	   2125.00	    0.0	    00000000     00000000	   1	[      7]
109   	0     	     15	     condition15	    226.8633	   2214.84	    0.0	    00000000     00000000	   1	[       ]
110   	0     	      2	      condition2	    227.5781	    714.84	    0.0	    00000000     00000000	   1	[       ]
111   	0     	      7	  NegSmallBright	    228.8945	   1316.41	    0.0	    00000000     00000000	   1	[      4]
112   	0     	     14	     condition14	    231.2383	   2343.75	    0.0	    00000000     00000000	   1	[       ]
113   	0     	      2	      condition2	    231.8008	    562.50	    0.0	    00000000     00000000	   1	[       ]
114   	0     	      5	    NegSmallDark	    233.5234	   1722.66	    0.0	    00000000     00000000	   1	[      2]
115   	0     	      4	    NegLargeDark	    235.8867	   2363.28	    0.0	    00000000     00000000	   1	[      1]
116   	0     	      7	  NegSmallBright	    238.1836	   2296.88	    0.0	    00000000     00000000	   1	[      4]
117   	0     	     14	     condition14	    240.4844	   2300.78	    0.0	    00000000     00000000	   1	[       ]
118   	0     	      2	      condition2	    241.0156	    531.25	    0.0	    00000000     00000000	   1	[       ]
119   	0     	      4	    NegLargeDark	    242.8984	   1882.81	    0.0	    00000000     00000000	   1	[      1]
120   	0     	     14	     condition14	    245.1055	   2207.03	    0.0	    00000000     00000000	   1	[       ]
121   	0     	      2	      condition2	    245.7109	    605.47	    0.0	    00000000     00000000	   1	[       ]
122   	0     	     10	 NeutLargeBright	    247.3398	   1628.91	    0.0	    00000000     00000000	   1	[      7]
123   	0     	     10	 NeutLargeBright	    249.5938	   2253.91	    0.0	    00000000     00000000	   1	[      7]
124   	0     	      5	    NegSmallDark	    251.9766	   2382.81	    0.0	    00000000     00000000	   1	[      2]
125   	0     	      8	   NeutLargeDark	    254.3906	   2414.06	    0.0	    00000000     00000000	   1	[      5]
126   	0     	     10	 NeutLargeBright	    256.5938	   2203.12	    0.0	    00000000     00000000	   1	[      7]
127   	0     	     11	 NeutSmallBright	    258.9102	   2316.41	    0.0	    00000000     00000000	   1	[      8]
128   	0     	      4	    NegLargeDark	    261.0117	   2101.56	    0.0	    00000000     00000000	   1	[      1]
129   	0     	      9	   NeutSmallDark	    263.4258	   2414.06	    0.0	    00000000     00000000	   1	[      6]
130   	0     	      7	  NegSmallBright	    265.4805	   2054.69	    0.0	    00000000     00000000	   1	[      4]
131   	0     	      5	    NegSmallDark	    267.9531	   2472.66	    0.0	    00000000     00000000	   1	[      2]
132   	0     	      9	   NeutSmallDark	    270.4180	   2464.84	    0.0	    00000000     00000000	   1	[      6]
133   	0     	     12	     condition12	    272.8320	   2414.06	    0.0	    00000000     00000000	   1	[       ]
134   	0     	      2	      condition2	    273.4180	    585.94	    0.0	    00000000     00000000	   1	[       ]
135   	0     	      4	    NegLargeDark	    275.1953	   1777.34	    0.0	    00000000     00000000	   1	[      1]
136   	0     	      5	    NegSmallDark	    277.2695	   2074.22	    0.0	    00000000     00000000	   1	[      2]
137   	0     	     11	 NeutSmallBright	    279.5234	   2253.91	    0.0	    00000000     00000000	   1	[      8]
138   	0     	      7	  NegSmallBright	    281.8086	   2285.16	    0.0	    00000000     00000000	   1	[      4]
139   	0     	     13	     condition13	    284.0938	   2285.16	    0.0	    00000000     00000000	   1	[       ]
140   	0     	      2	      condition2	    284.7852	    691.41	    0.0	    00000000     00000000	   1	[       ]
141   	0     	      9	   NeutSmallDark	    286.3672	   1582.03	    0.0	    00000000     00000000	   1	[      6]
142   	0     	      4	    NegLargeDark	    288.8711	   2503.91	    0.0	    00000000     00000000	   1	[      1]
143   	0     	     11	 NeutSmallBright	    291.1562	   2285.16	    0.0	    00000000     00000000	   1	[      8]
144   	0     	     10	 NeutLargeBright	    293.5898	   2433.59	    0.0	    00000000     00000000	   1	[      7]
145   	0     	      7	  NegSmallBright	    295.6914	   2101.56	    0.0	    00000000     00000000	   1	[      4]
146   	0     	      7	  NegSmallBright	    298.0586	   2367.19	    0.0	    00000000     00000000	   1	[      4]
147   	0     	     10	 NeutLargeBright	    300.4219	   2363.28	    0.0	    00000000     00000000	   1	[      7]
148   	0     	      7	  NegSmallBright	    302.5156	   2093.75	    0.0	    00000000     00000000	   1	[      4]
149   	0     	     11	 NeutSmallBright	    304.5703	   2054.69	    0.0	    00000000     00000000	   1	[      8]
150   	0     	     15	     condition15	    306.9336	   2363.28	    0.0	    00000000     00000000	   1	[       ]
151   	0     	      2	      condition2	    307.5469	    613.28	    0.0	    00000000     00000000	   1	[       ]
152   	0     	      5	    NegSmallDark	    309.2070	   1660.16	    0.0	    00000000     00000000	   1	[      2]
153   	0     	     13	     condition13	    311.3203	   2113.28	    0.0	    00000000     00000000	   1	[       ]
154   	0     	      2	      condition2	    311.9375	    617.19	    0.0	    00000000     00000000	   1	[       ]
155   	0     	      8	   NeutLargeDark	    313.4453	   1507.81	    0.0	    00000000     00000000	   1	[      5]
156   	0     	      4	    NegLargeDark	    315.5195	   2074.22	    0.0	    00000000     00000000	   1	[      1]
157   	0     	      7	  NegSmallBright	    317.9922	   2472.66	    0.0	    00000000     00000000	   1	[      4]
158   	0     	    253	              ""	    320.6406	   2648.44	    0.0	    00000000     00000000	   1	[       ]
159   	0     	      4	    NegLargeDark	    321.6328	    992.19	    0.0	    00000000     00000000	   1	[      1]
160   	0     	      8	   NeutLargeDark	    324.1602	   2527.34	    0.0	    00000000     00000000	   1	[      5]
161   	0     	      8	   NeutLargeDark	    326.2734	   2113.28	    0.0	    00000000     00000000	   1	[      5]
162   	0     	      7	  NegSmallBright	    328.7266	   2453.12	    0.0	    00000000     00000000	   1	[      4]
163   	0     	      6	  NegLargeBright	    331.1211	   2394.53	    0.0	    00000000     00000000	   1	[      3]
164   	0     	      4	    NegLargeDark	    333.2148	   2093.75	    0.0	    00000000     00000000	   1	[      1]
165   	0     	      6	  NegLargeBright	    335.6602	   2445.31	    0.0	    00000000     00000000	   1	[      3]
166   	0     	      7	  NegSmallBright	    338.0352	   2375.00	    0.0	    00000000     00000000	   1	[      4]
167   	0     	     10	 NeutLargeBright	    340.1484	   2113.28	    0.0	    00000000     00000000	   1	[      7]
168   	0     	      7	  NegSmallBright	    342.5430	   2394.53	    0.0	    00000000     00000000	   1	[      4]
169   	0     	      7	  NegSmallBright	    344.8750	   2332.03	    0.0	    00000000     00000000	   1	[      4]
170   	0     	      6	  NegLargeBright	    347.2188	   2343.75	    0.0	    00000000     00000000	   1	[      3]
171   	0     	      7	  NegSmallBright	    349.2812	   2062.50	    0.0	    00000000     00000000	   1	[      4]
172   	0     	      4	    NegLargeDark	    351.7383	   2457.03	    0.0	    00000000     00000000	   1	[      1]
173   	0     	      5	    NegSmallDark	    353.8008	   2062.50	    0.0	    00000000     00000000	   1	[      2]
174   	0     	      7	  NegSmallBright	    356.0469	   2246.09	    0.0	    00000000     00000000	   1	[      4]
175   	0     	     11	 NeutSmallBright	    358.0977	   2050.78	    0.0	    00000000     00000000	   1	[      8]
176   	0     	      5	    NegSmallDark	    360.2930	   2195.31	    0.0	    00000000     00000000	   1	[      2]
177   	0     	      7	  NegSmallBright	    362.5781	   2285.16	    0.0	    00000000     00000000	   1	[      4]
178   	0     	     11	 NeutSmallBright	    364.9023	   2324.22	    0.0	    00000000     00000000	   1	[      8]
179   	0     	     11	 NeutSmallBright	    367.0039	   2101.56	    0.0	    00000000     00000000	   1	[      8]
180   	0     	     11	 NeutSmallBright	    369.1680	   2164.06	    0.0	    00000000     00000000	   1	[      8]
181   	0     	      6	  NegLargeBright	    371.3008	   2132.81	    0.0	    00000000     00000000	   1	[      3]
182   	0     	      9	   NeutSmallDark	    373.7773	   2476.56	    0.0	    00000000     00000000	   1	[      6]
183   	0     	      6	  NegLargeBright	    375.9883	   2210.94	    0.0	    00000000     00000000	   1	[      3]
184   	0     	     10	 NeutLargeBright	    378.1445	   2156.25	    0.0	    00000000     00000000	   1	[      7]
185   	0     	     11	 NeutSmallBright	    380.3789	   2234.38	    0.0	    00000000     00000000	   1	[      8]
186   	0     	      5	    NegSmallDark	    382.7734	   2394.53	    0.0	    00000000     00000000	   1	[      2]
187   	0     	      5	    NegSmallDark	    385.2773	   2503.91	    0.0	    00000000     00000000	   1	[      2]
188   	0     	      6	  NegLargeBright	    387.6406	   2363.28	    0.0	    00000000     00000000	   1	[      3]
189   	0     	      6	  NegLargeBright	    389.7930	   2152.34	    0.0	    00000000     00000000	   1	[      3]
190   	0     	      6	  NegLargeBright	    392.2305	   2437.50	    0.0	    00000000     00000000	   1	[      3]
191   	0     	      6	  NegLargeBright	    394.6836	   2453.12	    0.0	    00000000     00000000	   1	[      3]
192   	0     	      9	   NeutSmallDark	    396.8867	   2203.12	    0.0	    00000000     00000000	   1	[      6]
193   	0     	      4	    NegLargeDark	    399.0703	   2183.59	    0.0	    00000000     00000000	   1	[      1]
194   	0     	     11	 NeutSmallBright	    401.3750	   2304.69	    0.0	    00000000     00000000	   1	[      8]
195   	0     	      9	   NeutSmallDark	    403.8281	   2453.12	    0.0	    00000000     00000000	   1	[      6]
196   	0     	      5	    NegSmallDark	    406.3438	   2515.62	    0.0	    00000000     00000000	   1	[      2]
197   	0     	      8	   NeutLargeDark	    408.5469	   2203.12	    0.0	    00000000     00000000	   1	[      5]
198   	0     	     11	 NeutSmallBright	    410.7227	   2175.78	    0.0	    00000000     00000000	   1	[      8]
199   	0     	     15	     condition15	    412.7539	   2031.25	    0.0	    00000000     00000000	   1	[       ]
200   	0     	      2	      condition2	    413.4414	    687.50	    0.0	    00000000     00000000	   1	[       ]
201   	0     	      8	   NeutLargeDark	    415.0078	   1566.41	    0.0	    00000000     00000000	   1	[      5]
202   	0     	      8	   NeutLargeDark	    417.2031	   2195.31	    0.0	    00000000     00000000	   1	[      5]
203   	0     	      6	  NegLargeBright	    419.5273	   2324.22	    0.0	    00000000     00000000	   1	[      3]
204   	0     	     12	     condition12	    421.8516	   2324.22	    0.0	    00000000     00000000	   1	[       ]
205   	0     	      2	      condition2	    422.4570	    605.47	    0.0	    00000000     00000000	   1	[       ]
206   	0     	     11	 NeutSmallBright	    423.9336	   1476.56	    0.0	    00000000     00000000	   1	[      8]
207   	0     	      6	  NegLargeBright	    425.9961	   2062.50	    0.0	    00000000     00000000	   1	[      3]
208   	0     	     15	     condition15	    428.3203	   2324.22	    0.0	    00000000     00000000	   1	[       ]
209   	0     	      2	      condition2	    428.9414	    621.09	    0.0	    00000000     00000000	   1	[       ]
210   	0     	     14	     condition14	    430.3945	   1453.12	    0.0	    00000000     00000000	   1	[       ]
211   	0     	      2	      condition2	    431.0039	    609.38	    0.0	    00000000     00000000	   1	[       ]
212   	0     	     11	 NeutSmallBright	    432.8984	   1894.53	    0.0	    00000000     00000000	   1	[      8]
213   	0     	     11	 NeutSmallBright	    435.2344	   2335.94	    0.0	    00000000     00000000	   1	[      8]
214   	0     	      9	   NeutSmallDark	    437.6875	   2453.12	    0.0	    00000000     00000000	   1	[      6]
215   	0     	      8	   NeutLargeDark	    440.1719	   2484.38	    0.0	    00000000     00000000	   1	[      5]
216   	0     	      6	  NegLargeBright	    442.3867	   2214.84	    0.0	    00000000     00000000	   1	[      3]
217   	0     	      9	   NeutSmallDark	    444.4609	   2074.22	    0.0	    00000000     00000000	   1	[      6]
218   	0     	      5	    NegSmallDark	    446.9531	   2492.19	    0.0	    00000000     00000000	   1	[      2]
219   	0     	      9	   NeutSmallDark	    449.2305	   2277.34	    0.0	    00000000     00000000	   1	[      6]
220   	0     	     12	     condition12	    451.7539	   2523.44	    0.0	    00000000     00000000	   1	[       ]
221   	0     	      2	      condition2	    452.2734	    519.53	    0.0	    00000000     00000000	   1	[       ]
222   	0     	      5	    NegSmallDark	    454.0977	   1824.22	    0.0	    00000000     00000000	   1	[      2]
223   	0     	      4	    NegLargeDark	    456.3828	   2285.16	    0.0	    00000000     00000000	   1	[      1]
224   	0     	      8	   NeutLargeDark	    458.5234	   2140.62	    0.0	    00000000     00000000	   1	[      5]
225   	0     	      5	    NegSmallDark	    461.0000	   2476.56	    0.0	    00000000     00000000	   1	[      2]
226   	0     	     10	 NeutLargeBright	    463.3633	   2363.28	    0.0	    00000000     00000000	   1	[      7]
227   	0     	      5	    NegSmallDark	    465.7070	   2343.75	    0.0	    00000000     00000000	   1	[      2]
228   	0     	      9	   NeutSmallDark	    468.0625	   2355.47	    0.0	    00000000     00000000	   1	[      6]
229   	0     	     14	     condition14	    470.2539	   2191.41	    0.0	    00000000     00000000	   1	[       ]
230   	0     	      2	      condition2	    470.7930	    539.06	    0.0	    00000000     00000000	   1	[       ]
231   	0     	      5	    NegSmallDark	    472.6992	   1906.25	    0.0	    00000000     00000000	   1	[      2]
232   	0     	      8	   NeutLargeDark	    474.9141	   2214.84	    0.0	    00000000     00000000	   1	[      5]
233   	0     	     10	 NeutLargeBright	    477.1797	   2265.62	    0.0	    00000000     00000000	   1	[      7]
234   	0     	      4	    NegLargeDark	    479.7031	   2523.44	    0.0	    00000000     00000000	   1	[      1]
235   	0     	     13	     condition13	    483.6914	   3988.28	    0.0	    00000000     00000000	   1	[       ]
236   	0     	      2	      condition2	    484.1719	    480.47	    0.0	    00000000     00000000	   1	[       ]
237   	0     	      5	    NegSmallDark	    485.9258	   1753.91	    0.0	    00000000     00000000	   1	[      2]
238   	0     	     11	 NeutSmallBright	    488.1094	   2183.59	    0.0	    00000000     00000000	   1	[      8]
239   	0     	      6	  NegLargeBright	    490.3047	   2195.31	    0.0	    00000000     00000000	   1	[      3]
240   	0     	      4	    NegLargeDark	    492.3984	   2093.75	    0.0	    00000000     00000000	   1	[      1]
241   	0     	     10	 NeutLargeBright	    494.5117	   2113.28	    0.0	    00000000     00000000	   1	[      7]
242   	0     	      7	  NegSmallBright	    496.9062	   2394.53	    0.0	    00000000     00000000	   1	[      4]
243   	0     	      6	  NegLargeBright	    499.1797	   2273.44	    0.0	    00000000     00000000	   1	[      3]
244   	0     	     11	 NeutSmallBright	    501.4844	   2304.69	    0.0	    00000000     00000000	   1	[      8]
245   	0     	      6	  NegLargeBright	    503.6797	   2195.31	    0.0	    00000000     00000000	   1	[      3]
246   	0     	      6	  NegLargeBright	    505.8125	   2132.81	    0.0	    00000000     00000000	   1	[      3]
247   	0     	     11	 NeutSmallBright	    507.9375	   2125.00	    0.0	    00000000     00000000	   1	[      8]
248   	0     	      9	   NeutSmallDark	    510.1680	   2230.47	    0.0	    00000000     00000000	   1	[      6]
249   	0     	     12	     condition12	    512.6445	   2476.56	    0.0	    00000000     00000000	   1	[       ]
250   	0     	      2	      condition2	    513.2305	    585.94	    0.0	    00000000     00000000	   1	[       ]
251   	0     	     11	 NeutSmallBright	    515.0195	   1789.06	    0.0	    00000000     00000000	   1	[      8]
252   	0     	     14	     condition14	    517.5312	   2511.72	    0.0	    00000000     00000000	   1	[       ]
253   	0     	      2	      condition2	    518.0938	    562.50	    0.0	    00000000     00000000	   1	[       ]
254   	0     	      9	   NeutSmallDark	    519.7266	   1632.81	    0.0	    00000000     00000000	   1	[      6]
255   	0     	      5	    NegSmallDark	    522.2422	   2515.62	    0.0	    00000000     00000000	   1	[      2]
256   	0     	      4	    NegLargeDark	    524.6953	   2453.12	    0.0	    00000000     00000000	   1	[      1]
257   	0     	      7	  NegSmallBright	    527.0000	   2304.69	    0.0	    00000000     00000000	   1	[      4]
258   	0     	      7	  NegSmallBright	    529.2617	   2261.72	    0.0	    00000000     00000000	   1	[      4]
259   	0     	      8	   NeutLargeDark	    531.7773	   2515.62	    0.0	    00000000     00000000	   1	[      5]
260   	0     	     10	 NeutLargeBright	    534.1836	   2406.25	    0.0	    00000000     00000000	   1	[      7]
261   	0     	      5	    NegSmallDark	    536.3164	   2132.81	    0.0	    00000000     00000000	   1	[      2]
262   	0     	      9	   NeutSmallDark	    538.5781	   2261.72	    0.0	    00000000     00000000	   1	[      6]
263   	0     	      5	    NegSmallDark	    540.6836	   2105.47	    0.0	    00000000     00000000	   1	[      2]
264   	0     	      9	   NeutSmallDark	    542.9570	   2273.44	    0.0	    00000000     00000000	   1	[      6]
265   	0     	      6	  NegLargeBright	    545.1016	   2144.53	    0.0	    00000000     00000000	   1	[      3]
266   	0     	     11	 NeutSmallBright	    547.5352	   2433.59	    0.0	    00000000     00000000	   1	[      8]
267   	0     	      4	    NegLargeDark	    549.8789	   2343.75	    0.0	    00000000     00000000	   1	[      1]
268   	0     	      8	   NeutLargeDark	    552.2031	   2324.22	    0.0	    00000000     00000000	   1	[      5]
269   	0     	      8	   NeutLargeDark	    554.7070	   2503.91	    0.0	    00000000     00000000	   1	[      5]
270   	0     	     13	     condition13	    556.9414	   2234.38	    0.0	    00000000     00000000	   1	[       ]
271   	0     	      2	      condition2	    557.5039	    562.50	    0.0	    00000000     00000000	   1	[       ]
272   	0     	     11	 NeutSmallBright	    559.3672	   1863.28	    0.0	    00000000     00000000	   1	[      8]
273   	0     	     13	     condition13	    561.5703	   2203.12	    0.0	    00000000     00000000	   1	[       ]
274   	0     	      2	      condition2	    562.1523	    582.03	    0.0	    00000000     00000000	   1	[       ]
275   	0     	      6	  NegLargeBright	    563.7734	   1621.09	    0.0	    00000000     00000000	   1	[      3]
276   	0     	      7	  NegSmallBright	    565.8867	   2113.28	    0.0	    00000000     00000000	   1	[      4]
277   	0     	     12	     condition12	    567.9727	   2085.94	    0.0	    00000000     00000000	   1	[       ]
278   	0     	      2	      condition2	    568.5156	    542.97	    0.0	    00000000     00000000	   1	[       ]
279   	0     	      7	  NegSmallBright	    570.1250	   1609.38	    0.0	    00000000     00000000	   1	[      4]
280   	0     	      8	   NeutLargeDark	    572.4297	   2304.69	    0.0	    00000000     00000000	   1	[      5]
281   	0     	      6	  NegLargeBright	    574.9531	   2523.44	    0.0	    00000000     00000000	   1	[      3]
282   	0     	      4	    NegLargeDark	    577.1758	   2222.66	    0.0	    00000000     00000000	   1	[      1]
283   	0     	      9	   NeutSmallDark	    579.3633	   2187.50	    0.0	    00000000     00000000	   1	[      6]
284   	0     	     14	     condition14	    581.6367	   2273.44	    0.0	    00000000     00000000	   1	[       ]
285   	0     	      2	      condition2	    582.2812	    644.53	    0.0	    00000000     00000000	   1	[       ]
286   	0     	     11	 NeutSmallBright	    583.7578	   1476.56	    0.0	    00000000     00000000	   1	[      8]
287   	0     	      5	    NegSmallDark	    585.9922	   2234.38	    0.0	    00000000     00000000	   1	[      2]
288   	0     	      8	   NeutLargeDark	    588.3359	   2343.75	    0.0	    00000000     00000000	   1	[      5]
289   	0     	      7	  NegSmallBright	    590.7109	   2375.00	    0.0	    00000000     00000000	   1	[      4]
290   	0     	     14	     condition14	    593.0664	   2355.47	    0.0	    00000000     00000000	   1	[       ]
291   	0     	      2	      condition2	    593.6719	    605.47	    0.0	    00000000     00000000	   1	[       ]
292   	0     	      4	    NegLargeDark	    595.2109	   1539.06	    0.0	    00000000     00000000	   1	[      1]
293   	0     	      6	  NegLargeBright	    597.6328	   2421.88	    0.0	    00000000     00000000	   1	[      3]
294   	0     	      9	   NeutSmallDark	    600.1094	   2476.56	    0.0	    00000000     00000000	   1	[      6]
295   	0     	      5	    NegSmallDark	    602.4727	   2363.28	    0.0	    00000000     00000000	   1	[      2]
296   	0     	      9	   NeutSmallDark	    604.8359	   2363.28	    0.0	    00000000     00000000	   1	[      6]
297   	0     	     11	 NeutSmallBright	    607.3008	   2464.84	    0.0	    00000000     00000000	   1	[      8]
298   	0     	      4	    NegLargeDark	    609.4727	   2171.88	    0.0	    00000000     00000000	   1	[      1]
299   	0     	     10	 NeutLargeBright	    611.7070	   2234.38	    0.0	    00000000     00000000	   1	[      7]
300   	0     	     15	     condition15	    614.0508	   2343.75	    0.0	    00000000     00000000	   1	[       ]
301   	0     	      2	      condition2	    614.7344	    683.59	    0.0	    00000000     00000000	   1	[       ]
302   	0     	      6	  NegLargeBright	    616.1445	   1410.16	    0.0	    00000000     00000000	   1	[      3]
303   	0     	     11	 NeutSmallBright	    618.3398	   2195.31	    0.0	    00000000     00000000	   1	[      8]
304   	0     	      5	    NegSmallDark	    620.5352	   2195.31	    0.0	    00000000     00000000	   1	[      2]
305   	0     	     10	 NeutLargeBright	    622.9883	   2453.12	    0.0	    00000000     00000000	   1	[      7]
306   	0     	      8	   NeutLargeDark	    625.0430	   2054.69	    0.0	    00000000     00000000	   1	[      5]
307   	0     	     12	     condition12	    627.5664	   2523.44	    0.0	    00000000     00000000	   1	[       ]
308   	0     	      2	      condition2	    628.3320	    765.62	    0.0	    00000000     00000000	   1	[       ]
309   	0     	      6	  NegLargeBright	    630.0820	   1750.00	    0.0	    00000000     00000000	   1	[      3]
310   	0     	     10	 NeutLargeBright	    632.1250	   2042.97	    0.0	    00000000     00000000	   1	[      7]
311   	0     	      7	  NegSmallBright	    634.2188	   2093.75	    0.0	    00000000     00000000	   1	[      4]
312   	0     	     10	 NeutLargeBright	    636.5430	   2324.22	    0.0	    00000000     00000000	   1	[      7]
313   	0     	      6	  NegLargeBright	    639.0352	   2492.19	    0.0	    00000000     00000000	   1	[      3]
314   	0     	      9	   NeutSmallDark	    641.4609	   2425.78	    0.0	    00000000     00000000	   1	[      6]
315   	0     	    253	              ""	    643.8438	   2382.81	    0.0	    00000000     00000000	   1	[       ]
316   	0     	      5	    NegSmallDark	    644.8398	    996.09	    0.0	    00000000     00000000	   1	[      2]
317   	0     	     13	     condition13	    647.0430	   2203.12	    0.0	    00000000     00000000	   1	[       ]
318   	0     	      2	      condition2	    647.5586	    515.62	    0.0	    00000000     00000000	   1	[       ]
319   	0     	      5	    NegSmallDark	    649.3477	   1789.06	    0.0	    00000000     00000000	   1	[      2]
320   	0     	     11	 NeutSmallBright	    651.7695	   2421.88	    0.0	    00000000     00000000	   1	[      8]
321   	0     	      4	    NegLargeDark	    653.9258	   2156.25	    0.0	    00000000     00000000	   1	[      1]
322   	0     	     15	     condition15	    656.4297	   2503.91	    0.0	    00000000     00000000	   1	[       ]
323   	0     	      2	      condition2	    657.1016	    671.88	    0.0	    00000000     00000000	   1	[       ]
324   	0     	      7	  NegSmallBright	    658.6211	   1519.53	    0.0	    00000000     00000000	   1	[      4]
325   	0     	      4	    NegLargeDark	    660.6758	   2054.69	    0.0	    00000000     00000000	   1	[      1]
326   	0     	      9	   NeutSmallDark	    663.1016	   2425.78	    0.0	    00000000     00000000	   1	[      6]
327   	0     	     10	 NeutLargeBright	    665.4258	   2324.22	    0.0	    00000000     00000000	   1	[      7]
328   	0     	     11	 NeutSmallBright	    667.7500	   2324.22	    0.0	    00000000     00000000	   1	[      8]
329   	0     	      9	   NeutSmallDark	    670.1641	   2414.06	    0.0	    00000000     00000000	   1	[      6]
330   	0     	     10	 NeutLargeBright	    672.3086	   2144.53	    0.0	    00000000     00000000	   1	[      7]
331   	0     	      4	    NegLargeDark	    674.6094	   2300.78	    0.0	    00000000     00000000	   1	[      1]
332   	0     	      4	    NegLargeDark	    676.9648	   2355.47	    0.0	    00000000     00000000	   1	[      1]
333   	0     	      7	  NegSmallBright	    679.3477	   2382.81	    0.0	    00000000     00000000	   1	[      4]
334   	0     	      6	  NegLargeBright	    681.6523	   2304.69	    0.0	    00000000     00000000	   1	[      3]
335   	0     	      7	  NegSmallBright	    683.8477	   2195.31	    0.0	    00000000     00000000	   1	[      4]
336   	0     	      5	    NegSmallDark	    686.0820	   2234.38	    0.0	    00000000     00000000	   1	[      2]
337   	0     	      9	   NeutSmallDark	    688.3164	   2234.38	    0.0	    00000000     00000000	   1	[      6]
338   	0     	      5	    NegSmallDark	    690.4805	   2164.06	    0.0	    00000000     00000000	   1	[      2]
339   	0     	      8	   NeutLargeDark	    692.8633	   2382.81	    0.0	    00000000     00000000	   1	[      5]
340   	0     	     10	 NeutLargeBright	    694.9375	   2074.22	    0.0	    00000000     00000000	   1	[      7]
341   	0     	      6	  NegLargeBright	    697.4414	   2503.91	    0.0	    00000000     00000000	   1	[      3]
342   	0     	      6	  NegLargeBright	    699.7539	   2312.50	    0.0	    00000000     00000000	   1	[      3]
343   	0     	     12	     condition12	    701.8477	   2093.75	    0.0	    00000000     00000000	   1	[       ]
344   	0     	      2	      condition2	    702.3984	    550.78	    0.0	    00000000     00000000	   1	[       ]
345   	0     	      4	    NegLargeDark	    704.0820	   1683.59	    0.0	    00000000     00000000	   1	[      1]
346   	0     	     12	     condition12	    706.3984	   2316.41	    0.0	    00000000     00000000	   1	[       ]
347   	0     	      2	      condition2	    706.8867	    488.28	    0.0	    00000000     00000000	   1	[       ]
348   	0     	     10	 NeutLargeBright	    708.6602	   1773.44	    0.0	    00000000     00000000	   1	[      7]
349   	0     	      5	    NegSmallDark	    710.9258	   2265.62	    0.0	    00000000     00000000	   1	[      2]
350   	0     	      9	   NeutSmallDark	    713.1602	   2234.38	    0.0	    00000000     00000000	   1	[      6]
351   	0     	      5	    NegSmallDark	    715.2539	   2093.75	    0.0	    00000000     00000000	   1	[      2]
352   	0     	     13	     condition13	    717.3359	   2082.03	    0.0	    00000000     00000000	   1	[       ]
353   	0     	      2	      condition2	    717.9648	    628.91	    0.0	    00000000     00000000	   1	[       ]
354   	0     	     10	 NeutLargeBright	    719.8516	   1886.72	    0.0	    00000000     00000000	   1	[      7]
355   	0     	     11	 NeutSmallBright	    722.2266	   2375.00	    0.0	    00000000     00000000	   1	[      8]
356   	0     	     15	     condition15	    724.3281	   2101.56	    0.0	    00000000     00000000	   1	[       ]
357   	0     	      2	      condition2	    725.0430	    714.84	    0.0	    00000000     00000000	   1	[       ]
358   	0     	     15	     condition15	    726.5508	   1507.81	    0.0	    00000000     00000000	   1	[       ]
359   	0     	      2	      condition2	    727.2500	    699.22	    0.0	    00000000     00000000	   1	[       ]
360   	0     	     11	 NeutSmallBright	    728.8164	   1566.41	    0.0	    00000000     00000000	   1	[      8]
361   	0     	      8	   NeutLargeDark	    730.9219	   2105.47	    0.0	    00000000     00000000	   1	[      5]
362   	0     	      8	   NeutLargeDark	    733.3359	   2414.06	    0.0	    00000000     00000000	   1	[      5]
363   	0     	      6	  NegLargeBright	    735.7891	   2453.12	    0.0	    00000000     00000000	   1	[      3]
364   	0     	     11	 NeutSmallBright	    738.0039	   2214.84	    0.0	    00000000     00000000	   1	[      8]
365   	0     	      8	   NeutLargeDark	    740.1680	   2164.06	    0.0	    00000000     00000000	   1	[      5]
366   	0     	     12	     condition12	    742.2617	   2093.75	    0.0	    00000000     00000000	   1	[       ]
367   	0     	      2	      condition2	    742.8242	    562.50	    0.0	    00000000     00000000	   1	[       ]
368   	0     	      9	   NeutSmallDark	    744.5234	   1699.22	    0.0	    00000000     00000000	   1	[      6]
369   	0     	      4	    NegLargeDark	    746.5781	   2054.69	    0.0	    00000000     00000000	   1	[      1]
370   	0     	      6	  NegLargeBright	    748.7500	   2171.88	    0.0	    00000000     00000000	   1	[      3]
371   	0     	      6	  NegLargeBright	    751.0469	   2296.88	    0.0	    00000000     00000000	   1	[      3]
372   	0     	     10	 NeutLargeBright	    753.1094	   2062.50	    0.0	    00000000     00000000	   1	[      7]
373   	0     	      5	    NegSmallDark	    755.1328	   2023.44	    0.0	    00000000     00000000	   1	[      2]
374   	0     	     12	     condition12	    757.3867	   2253.91	    0.0	    00000000     00000000	   1	[       ]
375   	0     	      2	      condition2	    758.0352	    648.44	    0.0	    00000000     00000000	   1	[       ]
376   	0     	      5	    NegSmallDark	    759.4297	   1394.53	    0.0	    00000000     00000000	   1	[      2]
377   	0     	     12	     condition12	    761.5625	   2132.81	    0.0	    00000000     00000000	   1	[       ]
378   	0     	      2	      condition2	    762.0664	    503.91	    0.0	    00000000     00000000	   1	[       ]
379   	0     	      6	  NegLargeBright	    763.7070	   1640.62	    0.0	    00000000     00000000	   1	[      3]
380   	0     	      4	    NegLargeDark	    766.2109	   2503.91	    0.0	    00000000     00000000	   1	[      1]
381   	0     	     12	     condition12	    768.5859	   2375.00	    0.0	    00000000     00000000	   1	[       ]
382   	0     	      2	      condition2	    769.1484	    562.50	    0.0	    00000000     00000000	   1	[       ]
383   	0     	      4	    NegLargeDark	    770.7617	   1613.28	    0.0	    00000000     00000000	   1	[      1]
384   	0     	      6	  NegLargeBright	    772.8125	   2050.78	    0.0	    00000000     00000000	   1	[      3]
385   	0     	      7	  NegSmallBright	    775.0469	   2234.38	    0.0	    00000000     00000000	   1	[      4]
386   	0     	     10	 NeutLargeBright	    777.3203	   2273.44	    0.0	    00000000     00000000	   1	[      7]
387   	0     	      8	   NeutLargeDark	    779.5039	   2183.59	    0.0	    00000000     00000000	   1	[      5]
388   	0     	      7	  NegSmallBright	    781.8086	   2304.69	    0.0	    00000000     00000000	   1	[      4]
389   	0     	      4	    NegLargeDark	    784.2031	   2394.53	    0.0	    00000000     00000000	   1	[      1]
390   	0     	      5	    NegSmallDark	    786.2383	   2035.16	    0.0	    00000000     00000000	   1	[      2]
391   	0     	     10	 NeutLargeBright	    788.3594	   2121.09	    0.0	    00000000     00000000	   1	[      7]
392   	0     	      8	   NeutLargeDark	    790.5938	   2234.38	    0.0	    00000000     00000000	   1	[      5]
393   	0     	     13	     condition13	    793.0195	   2425.78	    0.0	    00000000     00000000	   1	[       ]
394   	0     	      2	      condition2	    793.5430	    523.44	    0.0	    00000000     00000000	   1	[       ]
395   	0     	      5	    NegSmallDark	    795.3438	   1800.78	    0.0	    00000000     00000000	   1	[      2]
396   	0     	      4	    NegLargeDark	    797.7578	   2414.06	    0.0	    00000000     00000000	   1	[      1]
397   	0     	     15	     condition15	    800.0430	   2285.16	    0.0	    00000000     00000000	   1	[       ]
398   	0     	      2	      condition2	    800.5977	    554.69	    0.0	    00000000     00000000	   1	[       ]
399   	0     	      8	   NeutLargeDark	    803.8320	   3234.38	    0.0	    00000000     00000000	   1	[      5]
400   	0     	      8	   NeutLargeDark	    806.1680	   2335.94	    0.0	    00000000     00000000	   1	[      5]
401   	0     	      6	  NegLargeBright	    808.3086	   2140.62	    0.0	    00000000     00000000	   1	[      3]
402   	0     	      6	  NegLargeBright	    810.6641	   2355.47	    0.0	    00000000     00000000	   1	[      3]
403   	0     	      8	   NeutLargeDark	    812.7695	   2105.47	    0.0	    00000000     00000000	   1	[      5]
404   	0     	     12	     condition12	    815.0312	   2261.72	    0.0	    00000000     00000000	   1	[       ]
405   	0     	      2	      condition2	    815.5508	    519.53	    0.0	    00000000     00000000	   1	[       ]
406   	0     	     10	 NeutLargeBright	    817.2969	   1746.09	    0.0	    00000000     00000000	   1	[      7]
407   	0     	      8	   NeutLargeDark	    819.7617	   2464.84	    0.0	    00000000     00000000	   1	[      5]
408   	0     	      5	    NegSmallDark	    822.1836	   2421.88	    0.0	    00000000     00000000	   1	[      2]
409   	0     	     14	     condition14	    824.6875	   2503.91	    0.0	    00000000     00000000	   1	[       ]
410   	0     	      2	      condition2	    825.2852	    597.66	    0.0	    00000000     00000000	   1	[       ]
411   	0     	      7	  NegSmallBright	    827.1328	   1847.66	    0.0	    00000000     00000000	   1	[      4]
412   	0     	      8	   NeutLargeDark	    829.4062	   2273.44	    0.0	    00000000     00000000	   1	[      5]
413   	0     	      7	  NegSmallBright	    831.5430	   2136.72	    0.0	    00000000     00000000	   1	[      4]
414   	0     	      7	  NegSmallBright	    833.9844	   2441.41	    0.0	    00000000     00000000	   1	[      4]
415   	0     	      8	   NeutLargeDark	    836.4102	   2425.78	    0.0	    00000000     00000000	   1	[      5]
416   	0     	      5	    NegSmallDark	    838.8555	   2445.31	    0.0	    00000000     00000000	   1	[      2]
417   	0     	     10	 NeutLargeBright	    841.0469	   2191.41	    0.0	    00000000     00000000	   1	[      7]
418   	0     	     10	 NeutLargeBright	    843.1016	   2054.69	    0.0	    00000000     00000000	   1	[      7]
419   	0     	      6	  NegLargeBright	    845.3047	   2203.12	    0.0	    00000000     00000000	   1	[      3]
420   	0     	     14	     condition14	    847.4102	   2105.47	    0.0	    00000000     00000000	   1	[       ]
421   	0     	      2	      condition2	    848.0273	    617.19	    0.0	    00000000     00000000	   1	[       ]
422   	0     	      4	    NegLargeDark	    849.9141	   1886.72	    0.0	    00000000     00000000	   1	[      1]
423   	0     	     10	 NeutLargeBright	    852.2578	   2343.75	    0.0	    00000000     00000000	   1	[      7]
424   	0     	      8	   NeutLargeDark	    854.4609	   2203.12	    0.0	    00000000     00000000	   1	[      5]
425   	0     	      4	    NegLargeDark	    856.9961	   2535.16	    0.0	    00000000     00000000	   1	[      1]
426   	0     	      6	  NegLargeBright	    859.4102	   2414.06	    0.0	    00000000     00000000	   1	[      3]
427   	0     	     15	     condition15	    861.5234	   2113.28	    0.0	    00000000     00000000	   1	[       ]
428   	0     	      2	      condition2	    862.3672	    843.75	    0.0	    00000000     00000000	   1	[       ]
429   	0     	     11	 NeutSmallBright	    863.6289	   1261.72	    0.0	    00000000     00000000	   1	[      8]
430   	0     	      7	  NegSmallBright	    865.7305	   2101.56	    0.0	    00000000     00000000	   1	[      4]
431   	0     	     11	 NeutSmallBright	    868.2344	   2503.91	    0.0	    00000000     00000000	   1	[      8]
432   	0     	      6	  NegLargeBright	    870.6484	   2414.06	    0.0	    00000000     00000000	   1	[      3]
433   	0     	      6	  NegLargeBright	    872.9727	   2324.22	    0.0	    00000000     00000000	   1	[      3]
434   	0     	     15	     condition15	    875.2383	   2265.62	    0.0	    00000000     00000000	   1	[       ]
435   	0     	      2	      condition2	    875.9180	    679.69	    0.0	    00000000     00000000	   1	[       ]
436   	0     	     15	     condition15	    877.5820	   1664.06	    0.0	    00000000     00000000	   1	[       ]
437   	0     	      2	      condition2	    878.1758	    593.75	    0.0	    00000000     00000000	   1	[       ]
438   	0     	      9	   NeutSmallDark	    879.7852	   1609.38	    0.0	    00000000     00000000	   1	[      6]
439   	0     	     12	     condition12	    882.1719	   2386.72	    0.0	    00000000     00000000	   1	[       ]
440   	0     	      2	      condition2	    882.6602	    488.28	    0.0	    00000000     00000000	   1	[       ]
441   	0     	     11	 NeutSmallBright	    884.2148	   1554.69	    0.0	    00000000     00000000	   1	[      8]
442   	0     	      6	  NegLargeBright	    886.3086	   2093.75	    0.0	    00000000     00000000	   1	[      3]
443   	0     	      8	   NeutLargeDark	    888.7227	   2414.06	    0.0	    00000000     00000000	   1	[      5]
444   	0     	     10	 NeutLargeBright	    891.1172	   2394.53	    0.0	    00000000     00000000	   1	[      7]
445   	0     	     15	     condition15	    893.3516	   2234.38	    0.0	    00000000     00000000	   1	[       ]
446   	0     	      2	      condition2	    893.8906	    539.06	    0.0	    00000000     00000000	   1	[       ]
447   	0     	      8	   NeutLargeDark	    895.8750	   1984.38	    0.0	    00000000     00000000	   1	[      5]
448   	0     	     11	 NeutSmallBright	    898.2969	   2421.88	    0.0	    00000000     00000000	   1	[      8]
449   	0     	      4	    NegLargeDark	    900.5430	   2246.09	    0.0	    00000000     00000000	   1	[      1]
450   	0     	     10	 NeutLargeBright	    902.8477	   2304.69	    0.0	    00000000     00000000	   1	[      7]
451   	0     	     11	 NeutSmallBright	    905.3320	   2484.38	    0.0	    00000000     00000000	   1	[      8]
452   	0     	      9	   NeutSmallDark	    907.5664	   2234.38	    0.0	    00000000     00000000	   1	[      6]
453   	0     	     10	 NeutLargeBright	    910.0781	   2511.72	    0.0	    00000000     00000000	   1	[      7]
454   	0     	      4	    NegLargeDark	    912.2344	   2156.25	    0.0	    00000000     00000000	   1	[      1]
455   	0     	     11	 NeutSmallBright	    914.5664	   2332.03	    0.0	    00000000     00000000	   1	[      8]
456   	0     	      6	  NegLargeBright	    916.9023	   2335.94	    0.0	    00000000     00000000	   1	[      3]
457   	0     	      5	    NegSmallDark	    919.0156	   2113.28	    0.0	    00000000     00000000	   1	[      2]
458   	0     	     12	     condition12	    921.4375	   2421.88	    0.0	    00000000     00000000	   1	[       ]
459   	0     	      2	      condition2	    921.9492	    511.72	    0.0	    00000000     00000000	   1	[       ]
460   	0     	     12	     condition12	    923.4844	   1535.16	    0.0	    00000000     00000000	   1	[       ]
461   	0     	      2	      condition2	    923.9648	    480.47	    0.0	    00000000     00000000	   1	[       ]
462   	0     	     10	 NeutLargeBright	    925.7461	   1781.25	    0.0	    00000000     00000000	   1	[      7]
463   	0     	      8	   NeutLargeDark	    928.1523	   2406.25	    0.0	    00000000     00000000	   1	[      5]
464   	0     	      8	   NeutLargeDark	    930.3633	   2210.94	    0.0	    00000000     00000000	   1	[      5]
465   	0     	      8	   NeutLargeDark	    932.5195	   2156.25	    0.0	    00000000     00000000	   1	[      5]
466   	0     	     15	     condition15	    934.8008	   2281.25	    0.0	    00000000     00000000	   1	[       ]
467   	0     	      2	      condition2	    935.5000	    699.22	    0.0	    00000000     00000000	   1	[       ]
468   	0     	      9	   NeutSmallDark	    937.1484	   1648.44	    0.0	    00000000     00000000	   1	[      6]
469   	0     	      8	   NeutLargeDark	    939.6328	   2484.38	    0.0	    00000000     00000000	   1	[      5]
470   	0     	      5	    NegSmallDark	    941.7969	   2164.06	    0.0	    00000000     00000000	   1	[      2]
471   	0     	      8	   NeutLargeDark	    944.0000	   2203.12	    0.0	    00000000     00000000	   1	[      5]
472   	0     	      9	   NeutSmallDark	    946.2422	   2242.19	    0.0	    00000000     00000000	   1	[      6]
473   	0     	      9	   NeutSmallDark	    948.4648	   2222.66	    0.0	    00000000     00000000	   1	[      6]
474   	0     	     12	     condition12	    950.5195	   2054.69	    0.0	    00000000     00000000	   1	[       ]
475   	0     	      2	      condition2	    951.1211	    601.56	    0.0	    00000000     00000000	   1	[       ]
476   	0     	      4	    NegLargeDark	    952.7852	   1664.06	    0.0	    00000000     00000000	   1	[      1]
477   	0     	      4	    NegLargeDark	    955.0391	   2253.91	    0.0	    00000000     00000000	   1	[      1]
478   	0     	      5	    NegSmallDark	    957.1523	   2113.28	    0.0	    00000000     00000000	   1	[      2]
479   	0     	      7	  NegSmallBright	    959.2656	   2113.28	    0.0	    00000000     00000000	   1	[      4]
480   	0     	     11	 NeutSmallBright	    961.4609	   2195.31	    0.0	    00000000     00000000	   1	[      8]
481   	0     	    253	              ""	    963.4375	   1976.56	    0.0	    00000000     00000000	   1	[       ]
482   	0     	      9	   NeutSmallDark	    964.4375	   1000.00	    0.0	    00000000     00000000	   1	[      6]
483   	0     	      9	   NeutSmallDark	    966.9492	   2511.72	    0.0	    00000000     00000000	   1	[      6]
484   	0     	     15	     condition15	    969.1133	   2164.06	    0.0	    00000000     00000000	   1	[       ]
485   	0     	      7	  NegSmallBright	    971.4492	   2335.94	    0.0	    00000000     00000000	   1	[      4]
486   	0     	     12	     condition12	    973.5703	   2121.09	    0.0	    00000000     00000000	   1	[       ]
487   	0     	      2	      condition2	    974.2031	    632.81	    0.0	    00000000     00000000	   1	[       ]
488   	0     	      4	    NegLargeDark	    975.9062	   1703.12	    0.0	    00000000     00000000	   1	[      1]
489   	0     	     11	 NeutSmallBright	    978.0312	   2125.00	    0.0	    00000000     00000000	   1	[      8]
490   	0     	     13	     condition13	    980.5156	   2484.38	    0.0	    00000000     00000000	   1	[       ]
491   	0     	      2	      condition2	    981.0430	    527.34	    0.0	    00000000     00000000	   1	[       ]
492   	0     	      6	  NegLargeBright	    982.8789	   1835.94	    0.0	    00000000     00000000	   1	[      3]
493   	0     	      4	    NegLargeDark	    985.2109	   2332.03	    0.0	    00000000     00000000	   1	[      1]
494   	0     	      5	    NegSmallDark	    987.3047	   2093.75	    0.0	    00000000     00000000	   1	[      2]
495   	0     	      8	   NeutLargeDark	    989.6992	   2394.53	    0.0	    00000000     00000000	   1	[      5]
496   	0     	      7	  NegSmallBright	    991.7422	   2042.97	    0.0	    00000000     00000000	   1	[      4]
497   	0     	      9	   NeutSmallDark	    994.1094	   2367.19	    0.0	    00000000     00000000	   1	[      6]
498   	0     	      9	   NeutSmallDark	    996.2734	   2164.06	    0.0	    00000000     00000000	   1	[      6]
499   	0     	      8	   NeutLargeDark	    998.4258	   2152.34	    0.0	    00000000     00000000	   1	[      5]
500   	0     	     11	 NeutSmallBright	   1000.8203	   2394.53	    0.0	    00000000     00000000	   1	[      8]
501   	0     	      4	    NegLargeDark	   1003.0938	   2273.44	    0.0	    00000000     00000000	   1	[      1]
502   	0     	      5	    NegSmallDark	   1005.5664	   2472.66	    0.0	    00000000     00000000	   1	[      2]
503   	0     	     11	 NeutSmallBright	   1007.8633	   2296.88	    0.0	    00000000     00000000	   1	[      8]
504   	0     	      8	   NeutLargeDark	   1010.1367	   2273.44	    0.0	    00000000     00000000	   1	[      5]
505   	0     	      5	    NegSmallDark	   1012.4688	   2332.03	    0.0	    00000000     00000000	   1	[      2]
506   	0     	      4	    NegLargeDark	   1014.8438	   2375.00	    0.0	    00000000     00000000	   1	[      1]
507   	0     	     14	     condition14	   1017.3203	   2476.56	    0.0	    00000000     00000000	   1	[       ]
508   	0     	      2	      condition2	   1017.9727	    652.34	    0.0	    00000000     00000000	   1	[       ]
509   	0     	      4	    NegLargeDark	   1019.5234	   1550.78	    0.0	    00000000     00000000	   1	[      1]
510   	0     	      4	    NegLargeDark	   1021.7383	   2214.84	    0.0	    00000000     00000000	   1	[      1]
511   	0     	      7	  NegSmallBright	   1024.0312	   2292.97	    0.0	    00000000     00000000	   1	[      4]
512   	0     	      6	  NegLargeBright	   1026.5664	   2535.16	    0.0	    00000000     00000000	   1	[      3]
513   	0     	     11	 NeutSmallBright	   1028.7305	   2164.06	    0.0	    00000000     00000000	   1	[      8]
514   	0     	     11	 NeutSmallBright	   1030.8438	   2113.28	    0.0	    00000000     00000000	   1	[      8]
515   	0     	      9	   NeutSmallDark	   1033.3164	   2472.66	    0.0	    00000000     00000000	   1	[      6]
516   	0     	     14	     condition14	   1035.5898	   2273.44	    0.0	    00000000     00000000	   1	[       ]
517   	0     	      2	      condition2	   1036.2969	    707.03	    0.0	    00000000     00000000	   1	[       ]
518   	0     	      5	    NegSmallDark	   1038.0469	   1750.00	    0.0	    00000000     00000000	   1	[      2]
519   	0     	      8	   NeutLargeDark	   1040.4805	   2433.59	    0.0	    00000000     00000000	   1	[      5]
520   	0     	      4	    NegLargeDark	   1042.9844	   2503.91	    0.0	    00000000     00000000	   1	[      1]
521   	0     	      8	   NeutLargeDark	   1045.3672	   2382.81	    0.0	    00000000     00000000	   1	[      5]
522   	0     	     11	 NeutSmallBright	   1047.6406	   2273.44	    0.0	    00000000     00000000	   1	[      8]
523   	0     	     11	 NeutSmallBright	   1050.0273	   2386.72	    0.0	    00000000     00000000	   1	[      8]
524   	0     	      7	  NegSmallBright	   1052.1016	   2074.22	    0.0	    00000000     00000000	   1	[      4]
525   	0     	     10	 NeutLargeBright	   1054.2227	   2121.09	    0.0	    00000000     00000000	   1	[      7]
526   	0     	      8	   NeutLargeDark	   1056.6289	   2406.25	    0.0	    00000000     00000000	   1	[      5]
527   	0     	      6	  NegLargeBright	   1058.9219	   2292.97	    0.0	    00000000     00000000	   1	[      3]
528   	0     	      8	   NeutLargeDark	   1061.2773	   2355.47	    0.0	    00000000     00000000	   1	[      5]
529   	0     	     10	 NeutLargeBright	   1063.7891	   2511.72	    0.0	    00000000     00000000	   1	[      7]
530   	0     	     13	     condition13	   1066.2539	   2464.84	    0.0	    00000000     00000000	   1	[       ]
531   	0     	      2	      condition2	   1066.8047	    550.78	    0.0	    00000000     00000000	   1	[       ]
532   	0     	      4	    NegLargeDark	   1068.5078	   1703.12	    0.0	    00000000     00000000	   1	[      1]
533   	0     	      7	  NegSmallBright	   1070.6211	   2113.28	    0.0	    00000000     00000000	   1	[      4]
534   	0     	     13	     condition13	   1073.1055	   2484.38	    0.0	    00000000     00000000	   1	[       ]
535   	0     	      2	      condition2	   1073.6602	    554.69	    0.0	    00000000     00000000	   1	[       ]
536   	0     	      5	    NegSmallDark	   1075.3203	   1660.16	    0.0	    00000000     00000000	   1	[      2]
537   	0     	      7	  NegSmallBright	   1077.7734	   2453.12	    0.0	    00000000     00000000	   1	[      4]
538   	0     	      9	   NeutSmallDark	   1080.2500	   2476.56	    0.0	    00000000     00000000	   1	[      6]
539   	0     	     10	 NeutLargeBright	   1082.7734	   2523.44	    0.0	    00000000     00000000	   1	[      7]
540   	0     	      6	  NegLargeBright	   1084.8867	   2113.28	    0.0	    00000000     00000000	   1	[      3]
541   	0     	     14	     condition14	   1087.2305	   2343.75	    0.0	    00000000     00000000	   1	[       ]
542   	0     	      2	      condition2	   1087.3867	    156.25	    0.0	    00000000     00000000	   1	[       ]
543   	0     	     10	 NeutLargeBright	   1089.4062	   2019.53	    0.0	    00000000     00000000	   1	[      7]
544   	0     	     10	 NeutLargeBright	   1091.6289	   2222.66	    0.0	    00000000     00000000	   1	[      7]
545   	0     	      7	  NegSmallBright	   1093.9023	   2273.44	    0.0	    00000000     00000000	   1	[      4]
546   	0     	      4	    NegLargeDark	   1095.9688	   2066.41	    0.0	    00000000     00000000	   1	[      1]
547   	0     	     10	 NeutLargeBright	   1098.3516	   2382.81	    0.0	    00000000     00000000	   1	[      7]
548   	0     	      5	    NegSmallDark	   1100.7969	   2445.31	    0.0	    00000000     00000000	   1	[      2]
549   	0     	      8	   NeutLargeDark	   1103.2812	   2484.38	    0.0	    00000000     00000000	   1	[      5]
550   	0     	      4	    NegLargeDark	   1105.5039	   2222.66	    0.0	    00000000     00000000	   1	[      1]
551   	0     	     11	 NeutSmallBright	   1107.8789	   2375.00	    0.0	    00000000     00000000	   1	[      8]
552   	0     	     14	     condition14	   1110.2734	   2394.53	    0.0	    00000000     00000000	   1	[       ]
553   	0     	      2	      condition2	   1110.9102	    636.72	    0.0	    00000000     00000000	   1	[       ]
554   	0     	      4	    NegLargeDark	   1112.6250	   1714.84	    0.0	    00000000     00000000	   1	[      1]
555   	0     	     12	     condition12	   1114.7305	   2105.47	    0.0	    00000000     00000000	   1	[       ]
556   	0     	      2	      condition2	   1115.3477	    617.19	    0.0	    00000000     00000000	   1	[       ]
557   	0     	      4	    NegLargeDark	   1117.0547	   1707.03	    0.0	    00000000     00000000	   1	[      1]
558   	0     	      9	   NeutSmallDark	   1119.4688	   2414.06	    0.0	    00000000     00000000	   1	[      6]
559   	0     	      8	   NeutLargeDark	   1121.7109	   2242.19	    0.0	    00000000     00000000	   1	[      5]
560   	0     	      6	  NegLargeBright	   1123.8750	   2164.06	    0.0	    00000000     00000000	   1	[      3]
561   	0     	     10	 NeutLargeBright	   1127.5859	   3710.94	    0.0	    00000000     00000000	   1	[      7]
562   	0     	     13	     condition13	   1130.0078	   2421.88	    0.0	    00000000     00000000	   1	[       ]
563   	0     	      2	      condition2	   1130.5117	    503.91	    0.0	    00000000     00000000	   1	[       ]
564   	0     	     10	 NeutLargeBright	   1132.3516	   1839.84	    0.0	    00000000     00000000	   1	[      7]
565   	0     	      8	   NeutLargeDark	   1134.3867	   2035.16	    0.0	    00000000     00000000	   1	[      5]
566   	0     	      5	    NegSmallDark	   1136.7812	   2394.53	    0.0	    00000000     00000000	   1	[      2]
567   	0     	     10	 NeutLargeBright	   1139.0742	   2292.97	    0.0	    00000000     00000000	   1	[      7]
568   	0     	     11	 NeutSmallBright	   1141.5000	   2425.78	    0.0	    00000000     00000000	   1	[      8]
569   	0     	     14	     condition14	   1143.6836	   2183.59	    0.0	    00000000     00000000	   1	[       ]
570   	0     	      2	      condition2	   1144.2383	    554.69	    0.0	    00000000     00000000	   1	[       ]
571   	0     	     11	 NeutSmallBright	   1146.0664	   1828.12	    0.0	    00000000     00000000	   1	[      8]
572   	0     	     11	 NeutSmallBright	   1148.5625	   2496.09	    0.0	    00000000     00000000	   1	[      8]
573   	0     	      7	  NegSmallBright	   1151.0078	   2445.31	    0.0	    00000000     00000000	   1	[      4]
574   	0     	      9	   NeutSmallDark	   1153.1289	   2121.09	    0.0	    00000000     00000000	   1	[      6]
575   	0     	      9	   NeutSmallDark	   1155.3633	   2234.38	    0.0	    00000000     00000000	   1	[      6]
576   	0     	      5	    NegSmallDark	   1157.8867	   2523.44	    0.0	    00000000     00000000	   1	[      2]
577   	0     	     11	 NeutSmallBright	   1160.1602	   2273.44	    0.0	    00000000     00000000	   1	[      8]
578   	0     	      8	   NeutLargeDark	   1162.4062	   2246.09	    0.0	    00000000     00000000	   1	[      5]
579   	0     	     13	     condition13	   1164.8984	   2492.19	    0.0	    00000000     00000000	   1	[       ]
580   	0     	      2	      condition2	   1165.4570	    558.59	    0.0	    00000000     00000000	   1	[       ]
581   	0     	      6	  NegLargeBright	   1166.9844	   1527.34	    0.0	    00000000     00000000	   1	[      3]
582   	0     	      9	   NeutSmallDark	   1169.4102	   2425.78	    0.0	    00000000     00000000	   1	[      6]
583   	0     	      4	    NegLargeDark	   1171.6133	   2203.12	    0.0	    00000000     00000000	   1	[      1]
584   	0     	      8	   NeutLargeDark	   1173.7344	   2121.09	    0.0	    00000000     00000000	   1	[      5]
585   	0     	     11	 NeutSmallBright	   1176.2109	   2476.56	    0.0	    00000000     00000000	   1	[      8]
586   	0     	     13	     condition13	   1178.6758	   2464.84	    0.0	    00000000     00000000	   1	[       ]
587   	0     	      2	      condition2	   1179.3672	    691.41	    0.0	    00000000     00000000	   1	[       ]
588   	0     	      6	  NegLargeBright	   1181.1992	   1832.03	    0.0	    00000000     00000000	   1	[      3]
589   	0     	      4	    NegLargeDark	   1183.2617	   2062.50	    0.0	    00000000     00000000	   1	[      1]
590   	0     	      5	    NegSmallDark	   1185.6367	   2375.00	    0.0	    00000000     00000000	   1	[      2]
591   	0     	      4	    NegLargeDark	   1188.1523	   2515.62	    0.0	    00000000     00000000	   1	[      1]
592   	0     	     11	 NeutSmallBright	   1190.2266	   2074.22	    0.0	    00000000     00000000	   1	[      8]
593   	0     	      5	    NegSmallDark	   1192.5781	   2351.56	    0.0	    00000000     00000000	   1	[      2]
594   	0     	      6	  NegLargeBright	   1194.8125	   2234.38	    0.0	    00000000     00000000	   1	[      3]
595   	0     	      7	  NegSmallBright	   1197.2578	   2445.31	    0.0	    00000000     00000000	   1	[      4]
596   	0     	      9	   NeutSmallDark	   1199.4609	   2203.12	    0.0	    00000000     00000000	   1	[      6]
597   	0     	      7	  NegSmallBright	   1201.7344	   2273.44	    0.0	    00000000     00000000	   1	[      4]
598   	0     	      5	    NegSmallDark	   1203.8203	   2085.94	    0.0	    00000000     00000000	   1	[      2]
599   	0     	     10	 NeutLargeBright	   1206.3242	   2503.91	    0.0	    00000000     00000000	   1	[      7]
600   	0     	      7	  NegSmallBright	   1208.4961	   2171.88	    0.0	    00000000     00000000	   1	[      4]
601   	0     	     10	 NeutLargeBright	   1210.8594	   2363.28	    0.0	    00000000     00000000	   1	[      7]
602   	0     	     15	     condition15	   1213.1250	   2265.62	    0.0	    00000000     00000000	   1	[       ]
603   	0     	      2	      condition2	   1213.6680	    542.97	    0.0	    00000000     00000000	   1	[       ]
604   	0     	      8	   NeutLargeDark	   1215.5195	   1851.56	    0.0	    00000000     00000000	   1	[      5]
605   	0     	     15	     condition15	   1217.6133	   2093.75	    0.0	    00000000     00000000	   1	[       ]
606   	0     	      2	      condition2	   1218.4180	    804.69	    0.0	    00000000     00000000	   1	[       ]
607   	0     	     13	     condition13	   1220.0156	   1597.66	    0.0	    00000000     00000000	   1	[       ]
608   	0     	      2	      condition2	   1220.5547	    539.06	    0.0	    00000000     00000000	   1	[       ]
609   	0     	     13	     condition13	   1222.0703	   1515.62	    0.0	    00000000     00000000	   1	[       ]
610   	0     	      2	      condition2	   1222.5703	    500.00	    0.0	    00000000     00000000	   1	[       ]
611   	0     	      8	   NeutLargeDark	   1224.3633	   1792.97	    0.0	    00000000     00000000	   1	[      5]
612   	0     	      6	  NegLargeBright	   1226.6484	   2285.16	    0.0	    00000000     00000000	   1	[      3]
613   	0     	      5	    NegSmallDark	   1229.1523	   2503.91	    0.0	    00000000     00000000	   1	[      2]
614   	0     	      7	  NegSmallBright	   1231.6172	   2464.84	    0.0	    00000000     00000000	   1	[      4]
615   	0     	     11	 NeutSmallBright	   1233.7930	   2175.78	    0.0	    00000000     00000000	   1	[      8]
616   	0     	     10	 NeutLargeBright	   1235.9453	   2152.34	    0.0	    00000000     00000000	   1	[      7]
617   	0     	      9	   NeutSmallDark	   1238.3906	   2445.31	    0.0	    00000000     00000000	   1	[      6]
618   	0     	     13	     condition13	   1240.5625	   2171.88	    0.0	    00000000     00000000	   1	[       ]
619   	0     	      2	      condition2	   1241.1836	    621.09	    0.0	    00000000     00000000	   1	[       ]
620   	0     	     15	     condition15	   1242.8672	   1683.59	    0.0	    00000000     00000000	   1	[       ]
621   	0     	      2	      condition2	   1243.5000	    632.81	    0.0	    00000000     00000000	   1	[       ]
622   	0     	     14	     condition14	   1244.9102	   1410.16	    0.0	    00000000     00000000	   1	[       ]
623   	0     	      2	      condition2	   1245.4297	    519.53	    0.0	    00000000     00000000	   1	[       ]
624   	0     	      4	    NegLargeDark	   1247.3164	   1886.72	    0.0	    00000000     00000000	   1	[      1]
625   	0     	     14	     condition14	   1249.5273	   2210.94	    0.0	    00000000     00000000	   1	[       ]
626   	0     	      2	      condition2	   1250.0117	    484.38	    0.0	    00000000     00000000	   1	[       ]
627   	0     	     10	 NeutLargeBright	   1251.9219	   1910.16	    0.0	    00000000     00000000	   1	[      7]
628   	0     	      4	    NegLargeDark	   1254.2461	   2324.22	    0.0	    00000000     00000000	   1	[      1]
629   	0     	     14	     condition14	   1256.5508	   2304.69	    0.0	    00000000     00000000	   1	[       ]
630   	0     	      2	      condition2	   1257.1328	    582.03	    0.0	    00000000     00000000	   1	[       ]
631   	0     	      5	    NegSmallDark	   1258.8359	   1703.12	    0.0	    00000000     00000000	   1	[      2]
632   	0     	      6	  NegLargeBright	   1261.2812	   2445.31	    0.0	    00000000     00000000	   1	[      3]
633   	0     	      8	   NeutLargeDark	   1263.3945	   2113.28	    0.0	    00000000     00000000	   1	[      5]
634   	0     	      7	  NegSmallBright	   1265.5664	   2171.88	    0.0	    00000000     00000000	   1	[      4]
635   	0     	      7	  NegSmallBright	   1267.6289	   2062.50	    0.0	    00000000     00000000	   1	[      4]
636   	0     	      4	    NegLargeDark	   1270.0234	   2394.53	    0.0	    00000000     00000000	   1	[      1]
637   	0     	     10	 NeutLargeBright	   1272.3594	   2335.94	    0.0	    00000000     00000000	   1	[      7]
638   	0     	      4	    NegLargeDark	   1274.8242	   2464.84	    0.0	    00000000     00000000	   1	[      1]
639   	0     	      7	  NegSmallBright	   1277.0664	   2242.19	    0.0	    00000000     00000000	   1	[      4]
640   	0     	      9	   NeutSmallDark	   1279.5117	   2445.31	    0.0	    00000000     00000000	   1	[      6]
641   	0     	      9	   NeutSmallDark	   1281.9648	   2453.12	    0.0	    00000000     00000000	   1	[      6]
642   	0     	     11	 NeutSmallBright	   1284.2891	   2324.22	    0.0	    00000000     00000000	   1	[      8]
643   	0     	      8	   NeutLargeDark	   1286.6523	   2363.28	    0.0	    00000000     00000000	   1	[      5]
