#  Non-editable header begin --------------------------------------------------------------------------------
# 
#  data format...............: continuous
#  setname...................: BDF file
#  filename..................: none_specified
#  filepath..................: none_specified
#  nchan.....................: 64
#  pnts......................: 329728
#  srate.....................: 256
#  nevents...................: 644
#  generated by (bdf)........: 
#  generated by (set)........: BDF file
#  reported in ..............: 
#  prog Version..............: 8.02
#  creation date.............: 18-Nov-2020 17:37:52
#  user Account..............: 
# 
#  Non-editable header end --------------------------------------------------------------------------------

	bin 1,	# 60,	NegLargeDark
	bin 2,	# 60,	NegSmallDark
	bin 3,	# 60,	NegLargeBright
	bin 4,	# 60,	NegSmallBright
	bin 5,	# 60,	NeutLargeDark
	bin 6,	# 60,	NeutSmallDark
	bin 7,	# 60,	NeutLargeBright
	bin 8,	# 60,	NeutSmallBright



# item	 bepoch	  ecode	            label	      onset	          diff	     dura	b_flags	   a_flags	  enable	    bin
#                                                 (sec)           (msec)     (msec)    (binary)   (binary)


1     	0     	    253	              ""	      0.0938	      0.00	    0.0	    00000000     00000000	   1	[       ]
2     	0     	      4	    NegLargeDark	      1.1094	   1015.62	    0.0	    00000000     00000000	   1	[      1]
3     	0     	      6	  NegLargeBright	      3.4844	   2375.00	    0.0	    00000000     00000000	   1	[      3]
4     	0     	      2	      condition2	      4.5117	   1027.34	    0.0	    00000000     00000000	   1	[       ]
5     	0     	      5	    NegSmallDark	      5.7852	   1273.44	    0.0	    00000000     00000000	   1	[      2]
6     	0     	     14	     condition14	      8.1992	   2414.06	    0.0	    00000000     00000000	   1	[       ]
7     	0     	      2	      condition2	      8.5430	    343.75	    0.0	    00000000     00000000	   1	[       ]
8     	0     	      8	   NeutLargeDark	     10.5547	   2011.72	    0.0	    00000000     00000000	   1	[      5]
9     	0     	      6	  NegLargeBright	     13.0703	   2515.62	    0.0	    00000000     00000000	   1	[      3]
10    	0     	      2	      condition2	     13.4609	    390.62	    0.0	    00000000     00000000	   1	[       ]
11    	0     	      6	  NegLargeBright	     15.3750	   1914.06	    0.0	    00000000     00000000	   1	[      3]
12    	0     	      5	    NegSmallDark	     17.6875	   2312.50	    0.0	    00000000     00000000	   1	[      2]
13    	0     	      9	   NeutSmallDark	     19.8203	   2132.81	    0.0	    00000000     00000000	   1	[      6]
14    	0     	     12	     condition12	     22.0859	   2265.62	    0.0	    00000000     00000000	   1	[       ]
15    	0     	      7	  NegSmallBright	     24.3086	   2222.66	    0.0	    00000000     00000000	   1	[      4]
16    	0     	      8	   NeutLargeDark	     26.7617	   2453.12	    0.0	    00000000     00000000	   1	[      5]
17    	0     	     10	 NeutLargeBright	     29.2773	   2515.62	    0.0	    00000000     00000000	   1	[      7]
18    	0     	      5	    NegSmallDark	     31.6523	   2375.00	    0.0	    00000000     00000000	   1	[      2]
19    	0     	     13	     condition13	     33.8242	   2171.88	    0.0	    00000000     00000000	   1	[       ]
20    	0     	     10	 NeutLargeBright	     35.9688	   2144.53	    0.0	    00000000     00000000	   1	[      7]
21    	0     	     11	 NeutSmallBright	     38.0430	   2074.22	    0.0	    00000000     00000000	   1	[      8]
22    	0     	     10	 NeutLargeBright	     40.2578	   2214.84	    0.0	    00000000     00000000	   1	[      7]
23    	0     	     14	     condition14	     42.4219	   2164.06	    0.0	    00000000     00000000	   1	[       ]
24    	0     	      2	      condition2	     43.9453	   1523.44	    0.0	    00000000     00000000	   1	[       ]
25    	0     	      7	  NegSmallBright	     44.8047	    859.38	    0.0	    00000000     00000000	   1	[      4]
26    	0     	      9	   NeutSmallDark	     47.1875	   2382.81	    0.0	    00000000     00000000	   1	[      6]
27    	0     	     11	 NeutSmallBright	     49.4219	   2234.38	    0.0	    00000000     00000000	   1	[      8]
28    	0     	      9	   NeutSmallDark	     51.6562	   2234.38	    0.0	    00000000     00000000	   1	[      6]
29    	0     	     10	 NeutLargeBright	     53.8828	   2226.56	    0.0	    00000000     00000000	   1	[      7]
30    	0     	      6	  NegLargeBright	     56.1836	   2300.78	    0.0	    00000000     00000000	   1	[      3]
31    	0     	      9	   NeutSmallDark	     58.4297	   2246.09	    0.0	    00000000     00000000	   1	[      6]
32    	0     	      5	    NegSmallDark	     60.6523	   2222.66	    0.0	    00000000     00000000	   1	[      2]
33    	0     	      7	  NegSmallBright	     62.6875	   2035.16	    0.0	    00000000     00000000	   1	[      4]
34    	0     	     10	 NeutLargeBright	     65.1992	   2511.72	    0.0	    00000000     00000000	   1	[      7]
35    	0     	     14	     condition14	     67.4648	   2265.62	    0.0	    00000000     00000000	   1	[       ]
36    	0     	      2	      condition2	     68.0625	    597.66	    0.0	    00000000     00000000	   1	[       ]
37    	0     	     12	     condition12	     69.7773	   1714.84	    0.0	    00000000     00000000	   1	[       ]
38    	0     	      9	   NeutSmallDark	     72.1133	   2335.94	    0.0	    00000000     00000000	   1	[      6]
39    	0     	     15	     condition15	     74.2773	   2164.06	    0.0	    00000000     00000000	   1	[       ]
40    	0     	      2	      condition2	     74.8750	    597.66	    0.0	    00000000     00000000	   1	[       ]
41    	0     	     10	 NeutLargeBright	     76.3516	   1476.56	    0.0	    00000000     00000000	   1	[      7]
42    	0     	      8	   NeutLargeDark	     78.6250	   2273.44	    0.0	    00000000     00000000	   1	[      5]
43    	0     	      4	    NegLargeDark	     80.7188	   2093.75	    0.0	    00000000     00000000	   1	[      1]
44    	0     	      8	   NeutLargeDark	     83.2109	   2492.19	    0.0	    00000000     00000000	   1	[      5]
45    	0     	      9	   NeutSmallDark	     85.6953	   2484.38	    0.0	    00000000     00000000	   1	[      6]
46    	0     	      7	  NegSmallBright	     88.1016	   2406.25	    0.0	    00000000     00000000	   1	[      4]
47    	0     	      6	  NegLargeBright	     90.3359	   2234.38	    0.0	    00000000     00000000	   1	[      3]
48    	0     	     12	     condition12	     92.7383	   2402.34	    0.0	    00000000     00000000	   1	[       ]
49    	0     	      2	      condition2	     93.3203	    582.03	    0.0	    00000000     00000000	   1	[       ]
50    	0     	      4	    NegLargeDark	     94.8242	   1503.91	    0.0	    00000000     00000000	   1	[      1]
51    	0     	      4	    NegLargeDark	     97.3359	   2511.72	    0.0	    00000000     00000000	   1	[      1]
52    	0     	      5	    NegSmallDark	     99.8516	   2515.62	    0.0	    00000000     00000000	   1	[      2]
53    	0     	      4	    NegLargeDark	    102.0273	   2175.78	    0.0	    00000000     00000000	   1	[      1]
54    	0     	     15	     condition15	    104.1211	   2093.75	    0.0	    00000000     00000000	   1	[       ]
55    	0     	      2	      condition2	    104.9492	    828.12	    0.0	    00000000     00000000	   1	[       ]
56    	0     	     10	 NeutLargeBright	    106.5547	   1605.47	    0.0	    00000000     00000000	   1	[      7]
57    	0     	      5	    NegSmallDark	    108.9766	   2421.88	    0.0	    00000000     00000000	   1	[      2]
58    	0     	      5	    NegSmallDark	    111.0000	   2023.44	    0.0	    00000000     00000000	   1	[      2]
59    	0     	     11	 NeutSmallBright	    113.0469	   2046.88	    0.0	    00000000     00000000	   1	[      8]
60    	0     	      4	    NegLargeDark	    115.1406	   2093.75	    0.0	    00000000     00000000	   1	[      1]
61    	0     	     15	     condition15	    117.1641	   2023.44	    0.0	    00000000     00000000	   1	[       ]
62    	0     	      2	      condition2	    118.0352	    871.09	    0.0	    00000000     00000000	   1	[       ]
63    	0     	     12	     condition12	    119.2656	   1230.47	    0.0	    00000000     00000000	   1	[       ]
64    	0     	      2	      condition2	    119.7891	    523.44	    0.0	    00000000     00000000	   1	[       ]
65    	0     	      7	  NegSmallBright	    121.4102	   1621.09	    0.0	    00000000     00000000	   1	[      4]
66    	0     	     12	     condition12	    123.7344	   2324.22	    0.0	    00000000     00000000	   1	[       ]
67    	0     	      2	      condition2	    124.3008	    566.41	    0.0	    00000000     00000000	   1	[       ]
68    	0     	     14	     condition14	    126.1797	   1878.91	    0.0	    00000000     00000000	   1	[       ]
69    	0     	      2	      condition2	    126.7695	    589.84	    0.0	    00000000     00000000	   1	[       ]
70    	0     	      7	  NegSmallBright	    128.3906	   1621.09	    0.0	    00000000     00000000	   1	[      4]
71    	0     	      4	    NegLargeDark	    130.4766	   2085.94	    0.0	    00000000     00000000	   1	[      1]
72    	0     	      5	    NegSmallDark	    132.9102	   2433.59	    0.0	    00000000     00000000	   1	[      2]
73    	0     	      9	   NeutSmallDark	    135.4062	   2496.09	    0.0	    00000000     00000000	   1	[      6]
74    	0     	      6	  NegLargeBright	    137.4883	   2082.03	    0.0	    00000000     00000000	   1	[      3]
75    	0     	      8	   NeutLargeDark	    139.5703	   2082.03	    0.0	    00000000     00000000	   1	[      5]
76    	0     	      9	   NeutSmallDark	    141.9062	   2335.94	    0.0	    00000000     00000000	   1	[      6]
77    	0     	     13	     condition13	    144.0312	   2125.00	    0.0	    00000000     00000000	   1	[       ]
78    	0     	      2	      condition2	    144.5508	    519.53	    0.0	    00000000     00000000	   1	[       ]
79    	0     	      5	    NegSmallDark	    146.3125	   1761.72	    0.0	    00000000     00000000	   1	[      2]
80    	0     	     15	     condition15	    148.5391	   2226.56	    0.0	    00000000     00000000	   1	[       ]
81    	0     	      2	      condition2	    149.1367	    597.66	    0.0	    00000000     00000000	   1	[       ]
82    	0     	      6	  NegLargeBright	    150.6914	   1554.69	    0.0	    00000000     00000000	   1	[      3]
83    	0     	      9	   NeutSmallDark	    153.1953	   2503.91	    0.0	    00000000     00000000	   1	[      6]
84    	0     	     14	     condition14	    155.5000	   2304.69	    0.0	    00000000     00000000	   1	[       ]
85    	0     	      2	      condition2	    156.0391	    539.06	    0.0	    00000000     00000000	   1	[       ]
86    	0     	      4	    NegLargeDark	    157.6719	   1632.81	    0.0	    00000000     00000000	   1	[      1]
87    	0     	    253	              ""	    160.2031	   2531.25	    0.0	    00000000     00000000	   1	[       ]
88    	0     	      6	  NegLargeBright	    161.1992	    996.09	    0.0	    00000000     00000000	   1	[      3]
89    	0     	      7	  NegSmallBright	    163.5000	   2300.78	    0.0	    00000000     00000000	   1	[      4]
90    	0     	      8	   NeutLargeDark	    165.7344	   2234.38	    0.0	    00000000     00000000	   1	[      5]
91    	0     	     15	     condition15	    168.1914	   2457.03	    0.0	    00000000     00000000	   1	[       ]
92    	0     	      2	      condition2	    169.0898	    898.44	    0.0	    00000000     00000000	   1	[       ]
93    	0     	      6	  NegLargeBright	    170.6445	   1554.69	    0.0	    00000000     00000000	   1	[      3]
94    	0     	      7	  NegSmallBright	    173.0781	   2433.59	    0.0	    00000000     00000000	   1	[      4]
95    	0     	      8	   NeutLargeDark	    175.1719	   2093.75	    0.0	    00000000     00000000	   1	[      5]
96    	0     	      6	  NegLargeBright	    177.5469	   2375.00	    0.0	    00000000     00000000	   1	[      3]
97    	0     	     10	 NeutLargeBright	    180.0703	   2523.44	    0.0	    00000000     00000000	   1	[      7]
98    	0     	      5	    NegSmallDark	    182.4141	   2343.75	    0.0	    00000000     00000000	   1	[      2]
99    	0     	      9	   NeutSmallDark	    184.7500	   2335.94	    0.0	    00000000     00000000	   1	[      6]
100   	0     	     12	     condition12	    186.9531	   2203.12	    0.0	    00000000     00000000	   1	[       ]
101   	0     	      2	      condition2	    187.8945	    941.41	    0.0	    00000000     00000000	   1	[       ]
102   	0     	      9	   NeutSmallDark	    189.0859	   1191.41	    0.0	    00000000     00000000	   1	[      6]
103   	0     	      9	   NeutSmallDark	    191.1914	   2105.47	    0.0	    00000000     00000000	   1	[      6]
104   	0     	      6	  NegLargeBright	    193.3750	   2183.59	    0.0	    00000000     00000000	   1	[      3]
105   	0     	     10	 NeutLargeBright	    195.4766	   2101.56	    0.0	    00000000     00000000	   1	[      7]
106   	0     	     11	 NeutSmallBright	    197.5508	   2074.22	    0.0	    00000000     00000000	   1	[      8]
107   	0     	      4	    NegLargeDark	    199.7461	   2195.31	    0.0	    00000000     00000000	   1	[      1]
108   	0     	      5	    NegSmallDark	    202.2188	   2472.66	    0.0	    00000000     00000000	   1	[      2]
109   	0     	     10	 NeutLargeBright	    204.5430	   2324.22	    0.0	    00000000     00000000	   1	[      7]
110   	0     	      4	    NegLargeDark	    206.9961	   2453.12	    0.0	    00000000     00000000	   1	[      1]
111   	0     	      7	  NegSmallBright	    209.2500	   2253.91	    0.0	    00000000     00000000	   1	[      4]
112   	0     	     11	 NeutSmallBright	    211.6562	   2406.25	    0.0	    00000000     00000000	   1	[      8]
113   	0     	      9	   NeutSmallDark	    213.8789	   2222.66	    0.0	    00000000     00000000	   1	[      6]
114   	0     	     11	 NeutSmallBright	    216.3750	   2496.09	    0.0	    00000000     00000000	   1	[      8]
115   	0     	      9	   NeutSmallDark	    218.4570	   2082.03	    0.0	    00000000     00000000	   1	[      6]
116   	0     	     12	     condition12	    220.9609	   2503.91	    0.0	    00000000     00000000	   1	[       ]
117   	0     	      2	      condition2	    221.4648	    503.91	    0.0	    00000000     00000000	   1	[       ]
118   	0     	     10	 NeutLargeBright	    223.2969	   1832.03	    0.0	    00000000     00000000	   1	[      7]
119   	0     	      6	  NegLargeBright	    225.5625	   2265.62	    0.0	    00000000     00000000	   1	[      3]
120   	0     	     14	     condition14	    228.0742	   2511.72	    0.0	    00000000     00000000	   1	[       ]
121   	0     	      2	      condition2	    228.6797	    605.47	    0.0	    00000000     00000000	   1	[       ]
122   	0     	      7	  NegSmallBright	    230.3086	   1628.91	    0.0	    00000000     00000000	   1	[      4]
123   	0     	      6	  NegLargeBright	    232.4531	   2144.53	    0.0	    00000000     00000000	   1	[      3]
124   	0     	     15	     condition15	    234.9180	   2464.84	    0.0	    00000000     00000000	   1	[       ]
125   	0     	      2	      condition2	    235.6562	    738.28	    0.0	    00000000     00000000	   1	[       ]
126   	0     	      6	  NegLargeBright	    237.0000	   1343.75	    0.0	    00000000     00000000	   1	[      3]
127   	0     	      8	   NeutLargeDark	    239.0938	   2093.75	    0.0	    00000000     00000000	   1	[      5]
128   	0     	      6	  NegLargeBright	    241.1680	   2074.22	    0.0	    00000000     00000000	   1	[      3]
129   	0     	      8	   NeutLargeDark	    243.4102	   2242.19	    0.0	    00000000     00000000	   1	[      5]
130   	0     	      7	  NegSmallBright	    245.7773	   2367.19	    0.0	    00000000     00000000	   1	[      4]
131   	0     	      7	  NegSmallBright	    247.8516	   2074.22	    0.0	    00000000     00000000	   1	[      4]
132   	0     	      8	   NeutLargeDark	    250.1328	   2281.25	    0.0	    00000000     00000000	   1	[      5]
133   	0     	     10	 NeutLargeBright	    252.4688	   2335.94	    0.0	    00000000     00000000	   1	[      7]
134   	0     	      8	   NeutLargeDark	    254.7305	   2261.72	    0.0	    00000000     00000000	   1	[      5]
135   	0     	      8	   NeutLargeDark	    257.2070	   2476.56	    0.0	    00000000     00000000	   1	[      5]
136   	0     	     11	 NeutSmallBright	    259.6094	   2402.34	    0.0	    00000000     00000000	   1	[      8]
137   	0     	      4	    NegLargeDark	    261.9062	   2296.88	    0.0	    00000000     00000000	   1	[      1]
138   	0     	     10	 NeutLargeBright	    264.2305	   2324.22	    0.0	    00000000     00000000	   1	[      7]
139   	0     	     15	     condition15	    266.3008	   2070.31	    0.0	    00000000     00000000	   1	[       ]
140   	0     	      2	      condition2	    267.1875	    886.72	    0.0	    00000000     00000000	   1	[       ]
141   	0     	      9	   NeutSmallDark	    268.5859	   1398.44	    0.0	    00000000     00000000	   1	[      6]
142   	0     	     10	 NeutLargeBright	    270.7500	   2164.06	    0.0	    00000000     00000000	   1	[      7]
143   	0     	     14	     condition14	    273.0234	   2273.44	    0.0	    00000000     00000000	   1	[       ]
144   	0     	      2	      condition2	    273.6875	    664.06	    0.0	    00000000     00000000	   1	[       ]
145   	0     	      7	  NegSmallBright	    275.1992	   1511.72	    0.0	    00000000     00000000	   1	[      4]
146   	0     	      9	   NeutSmallDark	    277.6133	   2414.06	    0.0	    00000000     00000000	   1	[      6]
147   	0     	     11	 NeutSmallBright	    279.8359	   2222.66	    0.0	    00000000     00000000	   1	[      8]
148   	0     	     10	 NeutLargeBright	    281.8906	   2054.69	    0.0	    00000000     00000000	   1	[      7]
149   	0     	      8	   NeutLargeDark	    284.3555	   2464.84	    0.0	    00000000     00000000	   1	[      5]
150   	0     	     10	 NeutLargeBright	    286.5078	   2152.34	    0.0	    00000000     00000000	   1	[      7]
151   	0     	      5	    NegSmallDark	    288.9336	   2425.78	    0.0	    00000000     00000000	   1	[      2]
152   	0     	     10	 NeutLargeBright	    291.1367	   2203.12	    0.0	    00000000     00000000	   1	[      7]
153   	0     	      7	  NegSmallBright	    293.3516	   2214.84	    0.0	    00000000     00000000	   1	[      4]
154   	0     	      8	   NeutLargeDark	    295.5352	   2183.59	    0.0	    00000000     00000000	   1	[      5]
155   	0     	      9	   NeutSmallDark	    297.6758	   2140.62	    0.0	    00000000     00000000	   1	[      6]
156   	0     	     11	 NeutSmallBright	    300.1016	   2425.78	    0.0	    00000000     00000000	   1	[      8]
157   	0     	     14	     condition14	    302.2148	   2113.28	    0.0	    00000000     00000000	   1	[       ]
158   	0     	      2	      condition2	    302.7734	    558.59	    0.0	    00000000     00000000	   1	[       ]
159   	0     	      7	  NegSmallBright	    304.5703	   1796.88	    0.0	    00000000     00000000	   1	[      4]
160   	0     	      4	    NegLargeDark	    306.9023	   2332.03	    0.0	    00000000     00000000	   1	[      1]
161   	0     	      5	    NegSmallDark	    309.2266	   2324.22	    0.0	    00000000     00000000	   1	[      2]
162   	0     	      5	    NegSmallDark	    311.3828	   2156.25	    0.0	    00000000     00000000	   1	[      2]
163   	0     	     11	 NeutSmallBright	    313.7461	   2363.28	    0.0	    00000000     00000000	   1	[      8]
164   	0     	     13	     condition13	    316.2500	   2503.91	    0.0	    00000000     00000000	   1	[       ]
165   	0     	      2	      condition2	    316.6836	    433.59	    0.0	    00000000     00000000	   1	[       ]
166   	0     	      6	  NegLargeBright	    318.2930	   1609.38	    0.0	    00000000     00000000	   1	[      3]
167   	0     	      8	   NeutLargeDark	    321.9180	   3625.00	    0.0	    00000000     00000000	   1	[      5]
168   	0     	      8	   NeutLargeDark	    324.3633	   2445.31	    0.0	    00000000     00000000	   1	[      5]
169   	0     	     10	 NeutLargeBright	    326.4062	   2042.97	    0.0	    00000000     00000000	   1	[      7]
170   	0     	      9	   NeutSmallDark	    328.5703	   2164.06	    0.0	    00000000     00000000	   1	[      6]
171   	0     	      9	   NeutSmallDark	    330.5938	   2023.44	    0.0	    00000000     00000000	   1	[      6]
172   	0     	     15	     condition15	    332.8672	   2273.44	    0.0	    00000000     00000000	   1	[       ]
173   	0     	      2	      condition2	    333.5898	    722.66	    0.0	    00000000     00000000	   1	[       ]
174   	0     	      5	    NegSmallDark	    335.0000	   1410.16	    0.0	    00000000     00000000	   1	[      2]
175   	0     	      7	  NegSmallBright	    337.2148	   2214.84	    0.0	    00000000     00000000	   1	[      4]
176   	0     	     14	     condition14	    339.3789	   2164.06	    0.0	    00000000     00000000	   1	[       ]
177   	0     	      2	      condition2	    339.9492	    570.31	    0.0	    00000000     00000000	   1	[       ]
178   	0     	     13	     condition13	    341.4727	   1523.44	    0.0	    00000000     00000000	   1	[       ]
179   	0     	      2	      condition2	    342.3477	    875.00	    0.0	    00000000     00000000	   1	[       ]
180   	0     	     11	 NeutSmallBright	    343.6250	   1277.34	    0.0	    00000000     00000000	   1	[      8]
181   	0     	     11	 NeutSmallBright	    345.9688	   2343.75	    0.0	    00000000     00000000	   1	[      8]
182   	0     	     11	 NeutSmallBright	    348.4141	   2445.31	    0.0	    00000000     00000000	   1	[      8]
183   	0     	      5	    NegSmallDark	    350.7578	   2343.75	    0.0	    00000000     00000000	   1	[      2]
184   	0     	      5	    NegSmallDark	    353.2148	   2457.03	    0.0	    00000000     00000000	   1	[      2]
185   	0     	     12	     condition12	    355.5273	   2312.50	    0.0	    00000000     00000000	   1	[       ]
186   	0     	      2	      condition2	    356.0898	    562.50	    0.0	    00000000     00000000	   1	[       ]
187   	0     	      9	   NeutSmallDark	    357.6914	   1601.56	    0.0	    00000000     00000000	   1	[      6]
188   	0     	     11	 NeutSmallBright	    360.0664	   2375.00	    0.0	    00000000     00000000	   1	[      8]
189   	0     	      8	   NeutLargeDark	    362.4609	   2394.53	    0.0	    00000000     00000000	   1	[      5]
190   	0     	     10	 NeutLargeBright	    364.7734	   2312.50	    0.0	    00000000     00000000	   1	[      7]
191   	0     	      6	  NegLargeBright	    366.9570	   2183.59	    0.0	    00000000     00000000	   1	[      3]
192   	0     	     11	 NeutSmallBright	    369.0898	   2132.81	    0.0	    00000000     00000000	   1	[      8]
193   	0     	      4	    NegLargeDark	    371.1641	   2074.22	    0.0	    00000000     00000000	   1	[      1]
194   	0     	     14	     condition14	    373.4883	   2324.22	    0.0	    00000000     00000000	   1	[       ]
195   	0     	      2	      condition2	    373.9883	    500.00	    0.0	    00000000     00000000	   1	[       ]
196   	0     	      5	    NegSmallDark	    375.8125	   1824.22	    0.0	    00000000     00000000	   1	[      2]
197   	0     	     10	 NeutLargeBright	    378.2188	   2406.25	    0.0	    00000000     00000000	   1	[      7]
198   	0     	      4	    NegLargeDark	    380.4219	   2203.12	    0.0	    00000000     00000000	   1	[      1]
199   	0     	     11	 NeutSmallBright	    382.9062	   2484.38	    0.0	    00000000     00000000	   1	[      8]
200   	0     	     11	 NeutSmallBright	    385.3594	   2453.12	    0.0	    00000000     00000000	   1	[      8]
201   	0     	      7	  NegSmallBright	    387.5820	   2222.66	    0.0	    00000000     00000000	   1	[      4]
202   	0     	     11	 NeutSmallBright	    389.9492	   2367.19	    0.0	    00000000     00000000	   1	[      8]
203   	0     	     11	 NeutSmallBright	    392.3906	   2441.41	    0.0	    00000000     00000000	   1	[      8]
204   	0     	      5	    NegSmallDark	    394.9062	   2515.62	    0.0	    00000000     00000000	   1	[      2]
205   	0     	      8	   NeutLargeDark	    397.3906	   2484.38	    0.0	    00000000     00000000	   1	[      5]
206   	0     	      4	    NegLargeDark	    399.4844	   2093.75	    0.0	    00000000     00000000	   1	[      1]
207   	0     	      8	   NeutLargeDark	    401.7578	   2273.44	    0.0	    00000000     00000000	   1	[      5]
208   	0     	      9	   NeutSmallDark	    404.2148	   2457.03	    0.0	    00000000     00000000	   1	[      6]
209   	0     	      9	   NeutSmallDark	    406.7266	   2511.72	    0.0	    00000000     00000000	   1	[      6]
210   	0     	     12	     condition12	    409.0117	   2285.16	    0.0	    00000000     00000000	   1	[       ]
211   	0     	      2	      condition2	    409.6719	    660.16	    0.0	    00000000     00000000	   1	[       ]
212   	0     	      9	   NeutSmallDark	    411.0742	   1402.34	    0.0	    00000000     00000000	   1	[      6]
213   	0     	      4	    NegLargeDark	    413.4883	   2414.06	    0.0	    00000000     00000000	   1	[      1]
214   	0     	     10	 NeutLargeBright	    416.0039	   2515.62	    0.0	    00000000     00000000	   1	[      7]
215   	0     	      5	    NegSmallDark	    418.1758	   2171.88	    0.0	    00000000     00000000	   1	[      2]
216   	0     	      8	   NeutLargeDark	    420.3398	   2164.06	    0.0	    00000000     00000000	   1	[      5]
217   	0     	      5	    NegSmallDark	    422.7969	   2457.03	    0.0	    00000000     00000000	   1	[      2]
218   	0     	     11	 NeutSmallBright	    425.3086	   2511.72	    0.0	    00000000     00000000	   1	[      8]
219   	0     	      5	    NegSmallDark	    427.7734	   2464.84	    0.0	    00000000     00000000	   1	[      2]
220   	0     	     13	     condition13	    429.8594	   2085.94	    0.0	    00000000     00000000	   1	[       ]
221   	0     	      2	      condition2	    430.4219	    562.50	    0.0	    00000000     00000000	   1	[       ]
222   	0     	      4	    NegLargeDark	    431.9336	   1511.72	    0.0	    00000000     00000000	   1	[      1]
223   	0     	     11	 NeutSmallBright	    434.3555	   2421.88	    0.0	    00000000     00000000	   1	[      8]
224   	0     	      4	    NegLargeDark	    436.5898	   2234.38	    0.0	    00000000     00000000	   1	[      1]
225   	0     	      7	  NegSmallBright	    438.6719	   2082.03	    0.0	    00000000     00000000	   1	[      4]
226   	0     	      7	  NegSmallBright	    440.7070	   2035.16	    0.0	    00000000     00000000	   1	[      4]
227   	0     	     10	 NeutLargeBright	    442.7422	   2035.16	    0.0	    00000000     00000000	   1	[      7]
228   	0     	      9	   NeutSmallDark	    444.9961	   2253.91	    0.0	    00000000     00000000	   1	[      6]
229   	0     	      6	  NegLargeBright	    447.0469	   2050.78	    0.0	    00000000     00000000	   1	[      3]
230   	0     	     13	     condition13	    449.4141	   2367.19	    0.0	    00000000     00000000	   1	[       ]
231   	0     	      2	      condition2	    450.0000	    585.94	    0.0	    00000000     00000000	   1	[       ]
232   	0     	     10	 NeutLargeBright	    451.8555	   1855.47	    0.0	    00000000     00000000	   1	[      7]
233   	0     	      7	  NegSmallBright	    453.9922	   2136.72	    0.0	    00000000     00000000	   1	[      4]
234   	0     	      7	  NegSmallBright	    456.0430	   2050.78	    0.0	    00000000     00000000	   1	[      4]
235   	0     	      5	    NegSmallDark	    458.0781	   2035.16	    0.0	    00000000     00000000	   1	[      2]
236   	0     	      7	  NegSmallBright	    460.5234	   2445.31	    0.0	    00000000     00000000	   1	[      4]
237   	0     	      7	  NegSmallBright	    462.6445	   2121.09	    0.0	    00000000     00000000	   1	[      4]
238   	0     	     10	 NeutLargeBright	    465.1289	   2484.38	    0.0	    00000000     00000000	   1	[      7]
239   	0     	      8	   NeutLargeDark	    467.4258	   2296.88	    0.0	    00000000     00000000	   1	[      5]
240   	0     	      6	  NegLargeBright	    469.8398	   2414.06	    0.0	    00000000     00000000	   1	[      3]
241   	0     	      5	    NegSmallDark	    472.0820	   2242.19	    0.0	    00000000     00000000	   1	[      2]
242   	0     	      6	  NegLargeBright	    474.5469	   2464.84	    0.0	    00000000     00000000	   1	[      3]
243   	0     	     10	 NeutLargeBright	    476.9102	   2363.28	    0.0	    00000000     00000000	   1	[      7]
244   	0     	      8	   NeutLargeDark	    479.2461	   2335.94	    0.0	    00000000     00000000	   1	[      5]
245   	0     	     12	     condition12	    482.3555	   3109.38	    0.0	    00000000     00000000	   1	[       ]
246   	0     	      2	      condition2	    482.8828	    527.34	    0.0	    00000000     00000000	   1	[       ]
247   	0     	      6	  NegLargeBright	    484.8516	   1968.75	    0.0	    00000000     00000000	   1	[      3]
248   	0     	      9	   NeutSmallDark	    487.2344	   2382.81	    0.0	    00000000     00000000	   1	[      6]
249   	0     	      6	  NegLargeBright	    489.7695	   2535.16	    0.0	    00000000     00000000	   1	[      3]
250   	0     	     10	 NeutLargeBright	    492.1250	   2355.47	    0.0	    00000000     00000000	   1	[      7]
251   	0     	      6	  NegLargeBright	    494.6367	   2511.72	    0.0	    00000000     00000000	   1	[      3]
252   	0     	      5	    NegSmallDark	    497.0234	   2386.72	    0.0	    00000000     00000000	   1	[      2]
253   	0     	     11	 NeutSmallBright	    499.1641	   2140.62	    0.0	    00000000     00000000	   1	[      8]
254   	0     	      9	   NeutSmallDark	    501.7305	   2566.41	    0.0	    00000000     00000000	   1	[      6]
255   	0     	     14	     condition14	    503.9531	   2222.66	    0.0	    00000000     00000000	   1	[       ]
256   	0     	      2	      condition2	    504.5977	    644.53	    0.0	    00000000     00000000	   1	[       ]
257   	0     	      6	  NegLargeBright	    506.3672	   1769.53	    0.0	    00000000     00000000	   1	[      3]
258   	0     	     11	 NeutSmallBright	    508.4219	   2054.69	    0.0	    00000000     00000000	   1	[      8]
259   	0     	      8	   NeutLargeDark	    510.9570	   2535.16	    0.0	    00000000     00000000	   1	[      5]
260   	0     	     10	 NeutLargeBright	    513.0703	   2113.28	    0.0	    00000000     00000000	   1	[      7]
261   	0     	      8	   NeutLargeDark	    515.6055	   2535.16	    0.0	    00000000     00000000	   1	[      5]
262   	0     	     11	 NeutSmallBright	    517.9180	   2312.50	    0.0	    00000000     00000000	   1	[      8]
263   	0     	      8	   NeutLargeDark	    520.1445	   2226.56	    0.0	    00000000     00000000	   1	[      5]
264   	0     	     15	     condition15	    522.3047	   2160.16	    0.0	    00000000     00000000	   1	[       ]
265   	0     	      2	      condition2	    523.0273	    722.66	    0.0	    00000000     00000000	   1	[       ]
266   	0     	      4	    NegLargeDark	    524.4219	   1394.53	    0.0	    00000000     00000000	   1	[      1]
267   	0     	     10	 NeutLargeBright	    526.6953	   2273.44	    0.0	    00000000     00000000	   1	[      7]
268   	0     	     10	 NeutLargeBright	    528.8594	   2164.06	    0.0	    00000000     00000000	   1	[      7]
269   	0     	     11	 NeutSmallBright	    531.3125	   2453.12	    0.0	    00000000     00000000	   1	[      8]
270   	0     	      8	   NeutLargeDark	    533.5547	   2242.19	    0.0	    00000000     00000000	   1	[      5]
271   	0     	      4	    NegLargeDark	    535.6992	   2144.53	    0.0	    00000000     00000000	   1	[      1]
272   	0     	     13	     condition13	    538.0430	   2343.75	    0.0	    00000000     00000000	   1	[       ]
273   	0     	      2	      condition2	    538.5781	    535.16	    0.0	    00000000     00000000	   1	[       ]
274   	0     	      7	  NegSmallBright	    540.5586	   1980.47	    0.0	    00000000     00000000	   1	[      4]
275   	0     	      4	    NegLargeDark	    542.6523	   2093.75	    0.0	    00000000     00000000	   1	[      1]
276   	0     	      4	    NegLargeDark	    545.0469	   2394.53	    0.0	    00000000     00000000	   1	[      1]
277   	0     	      5	    NegSmallDark	    547.4023	   2355.47	    0.0	    00000000     00000000	   1	[      2]
278   	0     	      7	  NegSmallBright	    549.4844	   2082.03	    0.0	    00000000     00000000	   1	[      4]
279   	0     	      7	  NegSmallBright	    551.6992	   2214.84	    0.0	    00000000     00000000	   1	[      4]
280   	0     	      6	  NegLargeBright	    554.2344	   2535.16	    0.0	    00000000     00000000	   1	[      3]
281   	0     	     11	 NeutSmallBright	    556.5352	   2300.78	    0.0	    00000000     00000000	   1	[      8]
282   	0     	      9	   NeutSmallDark	    558.6992	   2164.06	    0.0	    00000000     00000000	   1	[      6]
283   	0     	      7	  NegSmallBright	    561.1250	   2425.78	    0.0	    00000000     00000000	   1	[      4]
284   	0     	     11	 NeutSmallBright	    563.4375	   2312.50	    0.0	    00000000     00000000	   1	[      8]
285   	0     	     14	     condition14	    565.9336	   2496.09	    0.0	    00000000     00000000	   1	[       ]
286   	0     	      2	      condition2	    566.4453	    511.72	    0.0	    00000000     00000000	   1	[       ]
287   	0     	      6	  NegLargeBright	    568.2656	   1820.31	    0.0	    00000000     00000000	   1	[      3]
288   	0     	      9	   NeutSmallDark	    570.3125	   2046.88	    0.0	    00000000     00000000	   1	[      6]
289   	0     	     10	 NeutLargeBright	    572.5859	   2273.44	    0.0	    00000000     00000000	   1	[      7]
290   	0     	     14	     condition14	    574.6484	   2062.50	    0.0	    00000000     00000000	   1	[       ]
291   	0     	      2	      condition2	    575.2266	    578.12	    0.0	    00000000     00000000	   1	[       ]
292   	0     	      6	  NegLargeBright	    577.0938	   1867.19	    0.0	    00000000     00000000	   1	[      3]
293   	0     	      5	    NegSmallDark	    579.4961	   2402.34	    0.0	    00000000     00000000	   1	[      2]
294   	0     	      6	  NegLargeBright	    581.7500	   2253.91	    0.0	    00000000     00000000	   1	[      3]
295   	0     	      5	    NegSmallDark	    584.0664	   2316.41	    0.0	    00000000     00000000	   1	[      2]
296   	0     	      4	    NegLargeDark	    586.5391	   2472.66	    0.0	    00000000     00000000	   1	[      1]
297   	0     	      4	    NegLargeDark	    588.8047	   2265.62	    0.0	    00000000     00000000	   1	[      1]
298   	0     	     10	 NeutLargeBright	    591.1484	   2343.75	    0.0	    00000000     00000000	   1	[      7]
299   	0     	      7	  NegSmallBright	    593.2617	   2113.28	    0.0	    00000000     00000000	   1	[      4]
300   	0     	      7	  NegSmallBright	    595.4844	   2222.66	    0.0	    00000000     00000000	   1	[      4]
301   	0     	     15	     condition15	    597.8203	   2335.94	    0.0	    00000000     00000000	   1	[       ]
302   	0     	      2	      condition2	    598.6797	    859.38	    0.0	    00000000     00000000	   1	[       ]
303   	0     	      7	  NegSmallBright	    599.8945	   1214.84	    0.0	    00000000     00000000	   1	[      4]
304   	0     	     11	 NeutSmallBright	    602.2383	   2343.75	    0.0	    00000000     00000000	   1	[      8]
305   	0     	      6	  NegLargeBright	    604.6016	   2363.28	    0.0	    00000000     00000000	   1	[      3]
306   	0     	      7	  NegSmallBright	    606.7539	   2152.34	    0.0	    00000000     00000000	   1	[      4]
307   	0     	      4	    NegLargeDark	    609.2305	   2476.56	    0.0	    00000000     00000000	   1	[      1]
308   	0     	      5	    NegSmallDark	    611.3633	   2132.81	    0.0	    00000000     00000000	   1	[      2]
309   	0     	      5	    NegSmallDark	    613.6172	   2253.91	    0.0	    00000000     00000000	   1	[      2]
310   	0     	      8	   NeutLargeDark	    615.8203	   2203.12	    0.0	    00000000     00000000	   1	[      5]
311   	0     	     11	 NeutSmallBright	    618.0039	   2183.59	    0.0	    00000000     00000000	   1	[      8]
312   	0     	      5	    NegSmallDark	    620.5000	   2496.09	    0.0	    00000000     00000000	   1	[      2]
313   	0     	      4	    NegLargeDark	    622.9844	   2484.38	    0.0	    00000000     00000000	   1	[      1]
314   	0     	      8	   NeutLargeDark	    625.2188	   2234.38	    0.0	    00000000     00000000	   1	[      5]
315   	0     	      8	   NeutLargeDark	    627.2617	   2042.97	    0.0	    00000000     00000000	   1	[      5]
316   	0     	      5	    NegSmallDark	    629.7461	   2484.38	    0.0	    00000000     00000000	   1	[      2]
317   	0     	     12	     condition12	    632.0703	   2324.22	    0.0	    00000000     00000000	   1	[       ]
318   	0     	      2	      condition2	    632.6484	    578.12	    0.0	    00000000     00000000	   1	[       ]
319   	0     	     10	 NeutLargeBright	    634.5742	   1925.78	    0.0	    00000000     00000000	   1	[      7]
320   	0     	      8	   NeutLargeDark	    636.7578	   2183.59	    0.0	    00000000     00000000	   1	[      5]
321   	0     	      6	  NegLargeBright	    638.8398	   2082.03	    0.0	    00000000     00000000	   1	[      3]
322   	0     	      5	    NegSmallDark	    641.0938	   2253.91	    0.0	    00000000     00000000	   1	[      2]
323   	0     	     11	 NeutSmallBright	    644.3555	   3261.72	    0.0	    00000000     00000000	   1	[      8]
324   	0     	      5	    NegSmallDark	    646.8281	   2472.66	    0.0	    00000000     00000000	   1	[      2]
325   	0     	     15	     condition15	    649.0625	   2234.38	    0.0	    00000000     00000000	   1	[       ]
326   	0     	      2	      condition2	    649.9727	    910.16	    0.0	    00000000     00000000	   1	[       ]
327   	0     	     11	 NeutSmallBright	    651.5781	   1605.47	    0.0	    00000000     00000000	   1	[      8]
328   	0     	     11	 NeutSmallBright	    653.6914	   2113.28	    0.0	    00000000     00000000	   1	[      8]
329   	0     	      5	    NegSmallDark	    655.8359	   2144.53	    0.0	    00000000     00000000	   1	[      2]
330   	0     	      7	  NegSmallBright	    658.1602	   2324.22	    0.0	    00000000     00000000	   1	[      4]
331   	0     	      8	   NeutLargeDark	    660.3633	   2203.12	    0.0	    00000000     00000000	   1	[      5]
332   	0     	      7	  NegSmallBright	    662.7148	   2351.56	    0.0	    00000000     00000000	   1	[      4]
333   	0     	      5	    NegSmallDark	    665.2305	   2515.62	    0.0	    00000000     00000000	   1	[      2]
334   	0     	      6	  NegLargeBright	    667.5547	   2324.22	    0.0	    00000000     00000000	   1	[      3]
335   	0     	      8	   NeutLargeDark	    670.0391	   2484.38	    0.0	    00000000     00000000	   1	[      5]
336   	0     	     14	     condition14	    672.2852	   2246.09	    0.0	    00000000     00000000	   1	[       ]
337   	0     	      2	      condition2	    672.8789	    593.75	    0.0	    00000000     00000000	   1	[       ]
338   	0     	      6	  NegLargeBright	    674.5078	   1628.91	    0.0	    00000000     00000000	   1	[      3]
339   	0     	     15	     condition15	    676.8516	   2343.75	    0.0	    00000000     00000000	   1	[       ]
340   	0     	      2	      condition2	    677.7969	    945.31	    0.0	    00000000     00000000	   1	[       ]
341   	0     	     11	 NeutSmallBright	    678.8750	   1078.12	    0.0	    00000000     00000000	   1	[      8]
342   	0     	     12	     condition12	    681.2383	   2363.28	    0.0	    00000000     00000000	   1	[       ]
343   	0     	      2	      condition2	    681.7578	    519.53	    0.0	    00000000     00000000	   1	[       ]
344   	0     	     13	     condition13	    683.3047	   1546.88	    0.0	    00000000     00000000	   1	[       ]
345   	0     	      2	      condition2	    683.8047	    500.00	    0.0	    00000000     00000000	   1	[       ]
346   	0     	      7	  NegSmallBright	    685.7656	   1960.94	    0.0	    00000000     00000000	   1	[      4]
347   	0     	     15	     condition15	    688.1797	   2414.06	    0.0	    00000000     00000000	   1	[       ]
348   	0     	      2	      condition2	    688.9102	    730.47	    0.0	    00000000     00000000	   1	[       ]
349   	0     	      4	    NegLargeDark	    690.5938	   1683.59	    0.0	    00000000     00000000	   1	[      1]
350   	0     	      4	    NegLargeDark	    692.6992	   2105.47	    0.0	    00000000     00000000	   1	[      1]
351   	0     	      5	    NegSmallDark	    694.8750	   2175.78	    0.0	    00000000     00000000	   1	[      2]
352   	0     	     10	 NeutLargeBright	    697.2070	   2332.03	    0.0	    00000000     00000000	   1	[      7]
353   	0     	     11	 NeutSmallBright	    699.3516	   2144.53	    0.0	    00000000     00000000	   1	[      8]
354   	0     	     11	 NeutSmallBright	    701.5742	   2222.66	    0.0	    00000000     00000000	   1	[      8]
355   	0     	     10	 NeutLargeBright	    704.0898	   2515.62	    0.0	    00000000     00000000	   1	[      7]
356   	0     	      5	    NegSmallDark	    706.5234	   2433.59	    0.0	    00000000     00000000	   1	[      2]
357   	0     	     10	 NeutLargeBright	    708.7070	   2183.59	    0.0	    00000000     00000000	   1	[      7]
358   	0     	      4	    NegLargeDark	    711.0000	   2292.97	    0.0	    00000000     00000000	   1	[      1]
359   	0     	     10	 NeutLargeBright	    713.1953	   2195.31	    0.0	    00000000     00000000	   1	[      7]
360   	0     	      6	  NegLargeBright	    715.5312	   2335.94	    0.0	    00000000     00000000	   1	[      3]
361   	0     	      4	    NegLargeDark	    717.7148	   2183.59	    0.0	    00000000     00000000	   1	[      1]
362   	0     	      4	    NegLargeDark	    720.0156	   2300.78	    0.0	    00000000     00000000	   1	[      1]
363   	0     	     11	 NeutSmallBright	    722.5430	   2527.34	    0.0	    00000000     00000000	   1	[      8]
364   	0     	      8	   NeutLargeDark	    724.6953	   2152.34	    0.0	    00000000     00000000	   1	[      5]
365   	0     	     14	     condition14	    727.0781	   2382.81	    0.0	    00000000     00000000	   1	[       ]
366   	0     	      4	    NegLargeDark	    729.2852	   2207.03	    0.0	    00000000     00000000	   1	[      1]
367   	0     	      6	  NegLargeBright	    731.6172	   2332.03	    0.0	    00000000     00000000	   1	[      3]
368   	0     	      8	   NeutLargeDark	    733.8828	   2265.62	    0.0	    00000000     00000000	   1	[      5]
369   	0     	      7	  NegSmallBright	    736.4062	   2523.44	    0.0	    00000000     00000000	   1	[      4]
370   	0     	     10	 NeutLargeBright	    738.9023	   2496.09	    0.0	    00000000     00000000	   1	[      7]
371   	0     	      6	  NegLargeBright	    741.0430	   2140.62	    0.0	    00000000     00000000	   1	[      3]
372   	0     	      9	   NeutSmallDark	    743.2188	   2175.78	    0.0	    00000000     00000000	   1	[      6]
373   	0     	     10	 NeutLargeBright	    745.5938	   2375.00	    0.0	    00000000     00000000	   1	[      7]
374   	0     	      8	   NeutLargeDark	    747.9062	   2312.50	    0.0	    00000000     00000000	   1	[      5]
375   	0     	     11	 NeutSmallBright	    750.3906	   2484.38	    0.0	    00000000     00000000	   1	[      8]
376   	0     	      7	  NegSmallBright	    752.8359	   2445.31	    0.0	    00000000     00000000	   1	[      4]
377   	0     	      9	   NeutSmallDark	    755.0703	   2234.38	    0.0	    00000000     00000000	   1	[      6]
378   	0     	      8	   NeutLargeDark	    757.4922	   2421.88	    0.0	    00000000     00000000	   1	[      5]
379   	0     	     10	 NeutLargeBright	    759.6172	   2125.00	    0.0	    00000000     00000000	   1	[      7]
380   	0     	     12	     condition12	    762.0195	   2402.34	    0.0	    00000000     00000000	   1	[       ]
381   	0     	      2	      condition2	    762.6875	    667.97	    0.0	    00000000     00000000	   1	[       ]
382   	0     	      7	  NegSmallBright	    764.3867	   1699.22	    0.0	    00000000     00000000	   1	[      4]
383   	0     	      5	    NegSmallDark	    766.7500	   2363.28	    0.0	    00000000     00000000	   1	[      2]
384   	0     	      9	   NeutSmallDark	    769.0820	   2332.03	    0.0	    00000000     00000000	   1	[      6]
385   	0     	      8	   NeutLargeDark	    771.2891	   2207.03	    0.0	    00000000     00000000	   1	[      5]
386   	0     	      7	  NegSmallBright	    773.3320	   2042.97	    0.0	    00000000     00000000	   1	[      4]
387   	0     	      8	   NeutLargeDark	    775.5039	   2171.88	    0.0	    00000000     00000000	   1	[      5]
388   	0     	     11	 NeutSmallBright	    777.8281	   2324.22	    0.0	    00000000     00000000	   1	[      8]
389   	0     	      6	  NegLargeBright	    779.9531	   2125.00	    0.0	    00000000     00000000	   1	[      3]
390   	0     	     12	     condition12	    782.4375	   2484.38	    0.0	    00000000     00000000	   1	[       ]
391   	0     	      2	      condition2	    783.0117	    574.22	    0.0	    00000000     00000000	   1	[       ]
392   	0     	      7	  NegSmallBright	    784.9609	   1949.22	    0.0	    00000000     00000000	   1	[      4]
393   	0     	      8	   NeutLargeDark	    787.4062	   2445.31	    0.0	    00000000     00000000	   1	[      5]
394   	0     	      4	    NegLargeDark	    789.6211	   2214.84	    0.0	    00000000     00000000	   1	[      1]
395   	0     	      5	    NegSmallDark	    792.0625	   2441.41	    0.0	    00000000     00000000	   1	[      2]
396   	0     	     11	 NeutSmallBright	    794.2891	   2226.56	    0.0	    00000000     00000000	   1	[      8]
397   	0     	      5	    NegSmallDark	    796.3633	   2074.22	    0.0	    00000000     00000000	   1	[      2]
398   	0     	      4	    NegLargeDark	    798.8750	   2511.72	    0.0	    00000000     00000000	   1	[      1]
399   	0     	      8	   NeutLargeDark	    800.9492	   2074.22	    0.0	    00000000     00000000	   1	[      5]
400   	0     	      8	   NeutLargeDark	    803.2734	   2324.22	    0.0	    00000000     00000000	   1	[      5]
401   	0     	    253	              ""	    805.4375	   2164.06	    0.0	    00000000     00000000	   1	[       ]
402   	0     	      7	  NegSmallBright	    806.4414	   1003.91	    0.0	    00000000     00000000	   1	[      4]
403   	0     	      8	   NeutLargeDark	    808.4844	   2042.97	    0.0	    00000000     00000000	   1	[      5]
404   	0     	      5	    NegSmallDark	    810.8281	   2343.75	    0.0	    00000000     00000000	   1	[      2]
405   	0     	      4	    NegLargeDark	    813.1758	   2347.66	    0.0	    00000000     00000000	   1	[      1]
406   	0     	     10	 NeutLargeBright	    815.6992	   2523.44	    0.0	    00000000     00000000	   1	[      7]
407   	0     	      5	    NegSmallDark	    817.9531	   2253.91	    0.0	    00000000     00000000	   1	[      2]
408   	0     	     10	 NeutLargeBright	    819.9961	   2042.97	    0.0	    00000000     00000000	   1	[      7]
409   	0     	      9	   NeutSmallDark	    822.1406	   2144.53	    0.0	    00000000     00000000	   1	[      6]
410   	0     	     11	 NeutSmallBright	    824.5742	   2433.59	    0.0	    00000000     00000000	   1	[      8]
411   	0     	      6	  NegLargeBright	    826.7188	   2144.53	    0.0	    00000000     00000000	   1	[      3]
412   	0     	     10	 NeutLargeBright	    828.9922	   2273.44	    0.0	    00000000     00000000	   1	[      7]
413   	0     	     10	 NeutLargeBright	    831.0859	   2093.75	    0.0	    00000000     00000000	   1	[      7]
414   	0     	      9	   NeutSmallDark	    833.3203	   2234.38	    0.0	    00000000     00000000	   1	[      6]
415   	0     	      9	   NeutSmallDark	    835.7852	   2464.84	    0.0	    00000000     00000000	   1	[      6]
416   	0     	      9	   NeutSmallDark	    838.2969	   2511.72	    0.0	    00000000     00000000	   1	[      6]
417   	0     	     12	     condition12	    840.6836	   2386.72	    0.0	    00000000     00000000	   1	[       ]
418   	0     	      2	      condition2	    841.1602	    476.56	    0.0	    00000000     00000000	   1	[       ]
419   	0     	      8	   NeutLargeDark	    843.0547	   1894.53	    0.0	    00000000     00000000	   1	[      5]
420   	0     	      6	  NegLargeBright	    845.1211	   2066.41	    0.0	    00000000     00000000	   1	[      3]
421   	0     	      7	  NegSmallBright	    847.1719	   2050.78	    0.0	    00000000     00000000	   1	[      4]
422   	0     	      5	    NegSmallDark	    849.4688	   2296.88	    0.0	    00000000     00000000	   1	[      2]
423   	0     	      5	    NegSmallDark	    851.8125	   2343.75	    0.0	    00000000     00000000	   1	[      2]
424   	0     	     12	     condition12	    854.0977	   2285.16	    0.0	    00000000     00000000	   1	[       ]
425   	0     	      2	      condition2	    854.6875	    589.84	    0.0	    00000000     00000000	   1	[       ]
426   	0     	      5	    NegSmallDark	    856.5508	   1863.28	    0.0	    00000000     00000000	   1	[      2]
427   	0     	     11	 NeutSmallBright	    858.8828	   2332.03	    0.0	    00000000     00000000	   1	[      8]
428   	0     	     10	 NeutLargeBright	    861.1289	   2246.09	    0.0	    00000000     00000000	   1	[      7]
429   	0     	     12	     condition12	    863.5508	   2421.88	    0.0	    00000000     00000000	   1	[       ]
430   	0     	      2	      condition2	    864.4219	    871.09	    0.0	    00000000     00000000	   1	[       ]
431   	0     	      5	    NegSmallDark	    865.8750	   1453.12	    0.0	    00000000     00000000	   1	[      2]
432   	0     	     11	 NeutSmallBright	    867.9102	   2035.16	    0.0	    00000000     00000000	   1	[      8]
433   	0     	     11	 NeutSmallBright	    870.1836	   2273.44	    0.0	    00000000     00000000	   1	[      8]
434   	0     	      9	   NeutSmallDark	    872.5000	   2316.41	    0.0	    00000000     00000000	   1	[      6]
435   	0     	     10	 NeutLargeBright	    874.6719	   2171.88	    0.0	    00000000     00000000	   1	[      7]
436   	0     	      9	   NeutSmallDark	    876.7344	   2062.50	    0.0	    00000000     00000000	   1	[      6]
437   	0     	      4	    NegLargeDark	    878.8398	   2105.47	    0.0	    00000000     00000000	   1	[      1]
438   	0     	      9	   NeutSmallDark	    881.1523	   2312.50	    0.0	    00000000     00000000	   1	[      6]
439   	0     	     15	     condition15	    883.4180	   2265.62	    0.0	    00000000     00000000	   1	[       ]
440   	0     	      2	      condition2	    884.2422	    824.22	    0.0	    00000000     00000000	   1	[       ]
441   	0     	      8	   NeutLargeDark	    885.8516	   1609.38	    0.0	    00000000     00000000	   1	[      5]
442   	0     	      7	  NegSmallBright	    888.3477	   2496.09	    0.0	    00000000     00000000	   1	[      4]
443   	0     	      4	    NegLargeDark	    890.6602	   2312.50	    0.0	    00000000     00000000	   1	[      1]
444   	0     	      4	    NegLargeDark	    892.9531	   2292.97	    0.0	    00000000     00000000	   1	[      1]
445   	0     	      7	  NegSmallBright	    895.1289	   2175.78	    0.0	    00000000     00000000	   1	[      4]
446   	0     	     10	 NeutLargeBright	    897.3516	   2222.66	    0.0	    00000000     00000000	   1	[      7]
447   	0     	      8	   NeutLargeDark	    899.7070	   2355.47	    0.0	    00000000     00000000	   1	[      5]
448   	0     	      5	    NegSmallDark	    901.7383	   2031.25	    0.0	    00000000     00000000	   1	[      2]
449   	0     	      4	    NegLargeDark	    904.1953	   2457.03	    0.0	    00000000     00000000	   1	[      1]
450   	0     	      9	   NeutSmallDark	    906.2891	   2093.75	    0.0	    00000000     00000000	   1	[      6]
451   	0     	      9	   NeutSmallDark	    908.6133	   2324.22	    0.0	    00000000     00000000	   1	[      6]
452   	0     	     15	     condition15	    911.0742	   2460.94	    0.0	    00000000     00000000	   1	[       ]
453   	0     	      2	      condition2	    911.9492	    875.00	    0.0	    00000000     00000000	   1	[       ]
454   	0     	      5	    NegSmallDark	    913.1484	   1199.22	    0.0	    00000000     00000000	   1	[      2]
455   	0     	      9	   NeutSmallDark	    915.5859	   2437.50	    0.0	    00000000     00000000	   1	[      6]
456   	0     	     12	     condition12	    917.7891	   2203.12	    0.0	    00000000     00000000	   1	[       ]
457   	0     	      2	      condition2	    918.3086	    519.53	    0.0	    00000000     00000000	   1	[       ]
458   	0     	     13	     condition13	    920.0430	   1734.38	    0.0	    00000000     00000000	   1	[       ]
459   	0     	      2	      condition2	    920.5859	    542.97	    0.0	    00000000     00000000	   1	[       ]
460   	0     	      6	  NegLargeBright	    922.1250	   1539.06	    0.0	    00000000     00000000	   1	[      3]
461   	0     	      4	    NegLargeDark	    924.5703	   2445.31	    0.0	    00000000     00000000	   1	[      1]
462   	0     	      6	  NegLargeBright	    926.7344	   2164.06	    0.0	    00000000     00000000	   1	[      3]
463   	0     	      7	  NegSmallBright	    929.2188	   2484.38	    0.0	    00000000     00000000	   1	[      4]
464   	0     	      4	    NegLargeDark	    931.5508	   2332.03	    0.0	    00000000     00000000	   1	[      1]
465   	0     	     13	     condition13	    933.9648	   2414.06	    0.0	    00000000     00000000	   1	[       ]
466   	0     	      2	      condition2	    934.5469	    582.03	    0.0	    00000000     00000000	   1	[       ]
467   	0     	     12	     condition12	    936.5117	   1964.84	    0.0	    00000000     00000000	   1	[       ]
468   	0     	      2	      condition2	    937.0898	    578.12	    0.0	    00000000     00000000	   1	[       ]
469   	0     	      4	    NegLargeDark	    938.6055	   1515.62	    0.0	    00000000     00000000	   1	[      1]
470   	0     	      5	    NegSmallDark	    940.8086	   2203.12	    0.0	    00000000     00000000	   1	[      2]
471   	0     	      4	    NegLargeDark	    943.2734	   2464.84	    0.0	    00000000     00000000	   1	[      1]
472   	0     	      9	   NeutSmallDark	    945.4570	   2183.59	    0.0	    00000000     00000000	   1	[      6]
473   	0     	     11	 NeutSmallBright	    947.6523	   2195.31	    0.0	    00000000     00000000	   1	[      8]
474   	0     	      5	    NegSmallDark	    950.0039	   2351.56	    0.0	    00000000     00000000	   1	[      2]
475   	0     	      9	   NeutSmallDark	    952.4883	   2484.38	    0.0	    00000000     00000000	   1	[      6]
476   	0     	      8	   NeutLargeDark	    954.9414	   2453.12	    0.0	    00000000     00000000	   1	[      5]
477   	0     	     13	     condition13	    957.1055	   2164.06	    0.0	    00000000     00000000	   1	[       ]
478   	0     	      2	      condition2	    957.7891	    683.59	    0.0	    00000000     00000000	   1	[       ]
479   	0     	     10	 NeutLargeBright	    959.2227	   1433.59	    0.0	    00000000     00000000	   1	[      7]
480   	0     	      4	    NegLargeDark	    961.7070	   2484.38	    0.0	    00000000     00000000	   1	[      1]
481   	0     	     15	     condition15	    964.2109	   2503.91	    0.0	    00000000     00000000	   1	[       ]
482   	0     	      2	      condition2	    965.3398	   1128.91	    0.0	    00000000     00000000	   1	[       ]
483   	0     	    253	              ""	    966.8594	   1519.53	    0.0	    00000000     00000000	   1	[       ]
484   	0     	      4	    NegLargeDark	    967.8789	   1019.53	    0.0	    00000000     00000000	   1	[      1]
485   	0     	      7	  NegSmallBright	    970.0039	   2125.00	    0.0	    00000000     00000000	   1	[      4]
486   	0     	      6	  NegLargeBright	    972.3984	   2394.53	    0.0	    00000000     00000000	   1	[      3]
487   	0     	     11	 NeutSmallBright	    974.5391	   2140.62	    0.0	    00000000     00000000	   1	[      8]
488   	0     	      9	   NeutSmallDark	    976.9062	   2367.19	    0.0	    00000000     00000000	   1	[      6]
489   	0     	      8	   NeutLargeDark	    978.9688	   2062.50	    0.0	    00000000     00000000	   1	[      5]
490   	0     	     14	     condition14	    981.2617	   2292.97	    0.0	    00000000     00000000	   1	[       ]
491   	0     	      2	      condition2	    982.1250	    863.28	    0.0	    00000000     00000000	   1	[       ]
492   	0     	      6	  NegLargeBright	    983.4062	   1281.25	    0.0	    00000000     00000000	   1	[      3]
493   	0     	      7	  NegSmallBright	    985.7305	   2324.22	    0.0	    00000000     00000000	   1	[      4]
494   	0     	      4	    NegLargeDark	    987.8633	   2132.81	    0.0	    00000000     00000000	   1	[      1]
495   	0     	      9	   NeutSmallDark	    990.1367	   2273.44	    0.0	    00000000     00000000	   1	[      6]
496   	0     	      8	   NeutLargeDark	    992.4219	   2285.16	    0.0	    00000000     00000000	   1	[      5]
497   	0     	     12	     condition12	    994.7461	   2324.22	    0.0	    00000000     00000000	   1	[       ]
498   	0     	      2	      condition2	    995.4688	    722.66	    0.0	    00000000     00000000	   1	[       ]
499   	0     	      7	  NegSmallBright	    997.1016	   1632.81	    0.0	    00000000     00000000	   1	[      4]
500   	0     	      4	    NegLargeDark	    999.3945	   2292.97	    0.0	    00000000     00000000	   1	[      1]
501   	0     	     11	 NeutSmallBright	   1001.8789	   2484.38	    0.0	    00000000     00000000	   1	[      8]
502   	0     	     10	 NeutLargeBright	   1004.2812	   2402.34	    0.0	    00000000     00000000	   1	[      7]
503   	0     	      8	   NeutLargeDark	   1006.7578	   2476.56	    0.0	    00000000     00000000	   1	[      5]
504   	0     	      6	  NegLargeBright	   1008.8711	   2113.28	    0.0	    00000000     00000000	   1	[      3]
505   	0     	     10	 NeutLargeBright	   1011.3438	   2472.66	    0.0	    00000000     00000000	   1	[      7]
506   	0     	      4	    NegLargeDark	   1013.3906	   2046.88	    0.0	    00000000     00000000	   1	[      1]
507   	0     	     11	 NeutSmallBright	   1015.6836	   2292.97	    0.0	    00000000     00000000	   1	[      8]
508   	0     	      6	  NegLargeBright	   1018.1367	   2453.12	    0.0	    00000000     00000000	   1	[      3]
509   	0     	     11	 NeutSmallBright	   1020.6406	   2503.91	    0.0	    00000000     00000000	   1	[      8]
510   	0     	     13	     condition13	   1022.7148	   2074.22	    0.0	    00000000     00000000	   1	[       ]
511   	0     	      2	      condition2	   1023.3203	    605.47	    0.0	    00000000     00000000	   1	[       ]
512   	0     	     11	 NeutSmallBright	   1025.0781	   1757.81	    0.0	    00000000     00000000	   1	[      8]
513   	0     	      9	   NeutSmallDark	   1027.3438	   2265.62	    0.0	    00000000     00000000	   1	[      6]
514   	0     	     10	 NeutLargeBright	   1029.6992	   2355.47	    0.0	    00000000     00000000	   1	[      7]
515   	0     	      5	    NegSmallDark	   1031.8203	   2121.09	    0.0	    00000000     00000000	   1	[      2]
516   	0     	      9	   NeutSmallDark	   1033.8633	   2042.97	    0.0	    00000000     00000000	   1	[      6]
517   	0     	      7	  NegSmallBright	   1036.0898	   2226.56	    0.0	    00000000     00000000	   1	[      4]
518   	0     	      7	  NegSmallBright	   1038.5117	   2421.88	    0.0	    00000000     00000000	   1	[      4]
519   	0     	      6	  NegLargeBright	   1040.5977	   2085.94	    0.0	    00000000     00000000	   1	[      3]
520   	0     	      6	  NegLargeBright	   1043.0508	   2453.12	    0.0	    00000000     00000000	   1	[      3]
521   	0     	      5	    NegSmallDark	   1045.1836	   2132.81	    0.0	    00000000     00000000	   1	[      2]
522   	0     	     11	 NeutSmallBright	   1047.6289	   2445.31	    0.0	    00000000     00000000	   1	[      8]
523   	0     	      4	    NegLargeDark	   1050.0820	   2453.12	    0.0	    00000000     00000000	   1	[      1]
524   	0     	      5	    NegSmallDark	   1052.5664	   2484.38	    0.0	    00000000     00000000	   1	[      2]
525   	0     	     10	 NeutLargeBright	   1055.0625	   2496.09	    0.0	    00000000     00000000	   1	[      7]
526   	0     	      9	   NeutSmallDark	   1057.1875	   2125.00	    0.0	    00000000     00000000	   1	[      6]
527   	0     	      4	    NegLargeDark	   1059.2500	   2062.50	    0.0	    00000000     00000000	   1	[      1]
528   	0     	      4	    NegLargeDark	   1061.5820	   2332.03	    0.0	    00000000     00000000	   1	[      1]
529   	0     	      5	    NegSmallDark	   1064.0898	   2507.81	    0.0	    00000000     00000000	   1	[      2]
530   	0     	     10	 NeutLargeBright	   1066.4922	   2402.34	    0.0	    00000000     00000000	   1	[      7]
531   	0     	      9	   NeutSmallDark	   1068.6953	   2203.12	    0.0	    00000000     00000000	   1	[      6]
532   	0     	      7	  NegSmallBright	   1071.1016	   2406.25	    0.0	    00000000     00000000	   1	[      4]
533   	0     	     15	     condition15	   1073.1445	   2042.97	    0.0	    00000000     00000000	   1	[       ]
534   	0     	      2	      condition2	   1073.9258	    781.25	    0.0	    00000000     00000000	   1	[       ]
535   	0     	      7	  NegSmallBright	   1075.3281	   1402.34	    0.0	    00000000     00000000	   1	[      4]
536   	0     	     13	     condition13	   1077.7031	   2375.00	    0.0	    00000000     00000000	   1	[       ]
537   	0     	      2	      condition2	   1078.4883	    785.16	    0.0	    00000000     00000000	   1	[       ]
538   	0     	      9	   NeutSmallDark	   1079.8242	   1335.94	    0.0	    00000000     00000000	   1	[      6]
539   	0     	     11	 NeutSmallBright	   1081.9102	   2085.94	    0.0	    00000000     00000000	   1	[      8]
540   	0     	      4	    NegLargeDark	   1083.9922	   2082.03	    0.0	    00000000     00000000	   1	[      1]
541   	0     	      4	    NegLargeDark	   1086.0859	   2093.75	    0.0	    00000000     00000000	   1	[      1]
542   	0     	      8	   NeutLargeDark	   1088.4414	   2355.47	    0.0	    00000000     00000000	   1	[      5]
543   	0     	      9	   NeutSmallDark	   1090.7852	   2343.75	    0.0	    00000000     00000000	   1	[      6]
544   	0     	     10	 NeutLargeBright	   1092.9570	   2171.88	    0.0	    00000000     00000000	   1	[      7]
545   	0     	      8	   NeutLargeDark	   1095.4414	   2484.38	    0.0	    00000000     00000000	   1	[      5]
546   	0     	     11	 NeutSmallBright	   1097.8281	   2386.72	    0.0	    00000000     00000000	   1	[      8]
547   	0     	      9	   NeutSmallDark	   1100.0820	   2253.91	    0.0	    00000000     00000000	   1	[      6]
548   	0     	     13	     condition13	   1102.1953	   2113.28	    0.0	    00000000     00000000	   1	[       ]
549   	0     	      2	      condition2	   1102.8438	    648.44	    0.0	    00000000     00000000	   1	[       ]
550   	0     	      6	  NegLargeBright	   1104.2578	   1414.06	    0.0	    00000000     00000000	   1	[      3]
551   	0     	     13	     condition13	   1106.5742	   2316.41	    0.0	    00000000     00000000	   1	[       ]
552   	0     	      2	      condition2	   1107.1602	    585.94	    0.0	    00000000     00000000	   1	[       ]
553   	0     	      6	  NegLargeBright	   1108.8984	   1738.28	    0.0	    00000000     00000000	   1	[      3]
554   	0     	      8	   NeutLargeDark	   1110.9688	   2070.31	    0.0	    00000000     00000000	   1	[      5]
555   	0     	     10	 NeutLargeBright	   1113.1758	   2207.03	    0.0	    00000000     00000000	   1	[      7]
556   	0     	      7	  NegSmallBright	   1115.2461	   2070.31	    0.0	    00000000     00000000	   1	[      4]
557   	0     	     11	 NeutSmallBright	   1117.3203	   2074.22	    0.0	    00000000     00000000	   1	[      8]
558   	0     	      7	  NegSmallBright	   1119.4258	   2105.47	    0.0	    00000000     00000000	   1	[      4]
559   	0     	     15	     condition15	   1121.9297	   2503.91	    0.0	    00000000     00000000	   1	[       ]
560   	0     	      2	      condition2	   1122.5742	    644.53	    0.0	    00000000     00000000	   1	[       ]
561   	0     	      6	  NegLargeBright	   1124.0039	   1429.69	    0.0	    00000000     00000000	   1	[      3]
562   	0     	    253	              ""	   1127.0000	   2996.09	    0.0	    00000000     00000000	   1	[       ]
563   	0     	      8	   NeutLargeDark	   1128.0117	   1011.72	    0.0	    00000000     00000000	   1	[      5]
564   	0     	      7	  NegSmallBright	   1130.2344	   2222.66	    0.0	    00000000     00000000	   1	[      4]
565   	0     	      6	  NegLargeBright	   1132.3477	   2113.28	    0.0	    00000000     00000000	   1	[      3]
566   	0     	      6	  NegLargeBright	   1134.8633	   2515.62	    0.0	    00000000     00000000	   1	[      3]
567   	0     	      8	   NeutLargeDark	   1137.0391	   2175.78	    0.0	    00000000     00000000	   1	[      5]
568   	0     	     11	 NeutSmallBright	   1139.5234	   2484.38	    0.0	    00000000     00000000	   1	[      8]
569   	0     	     11	 NeutSmallBright	   1141.9258	   2402.34	    0.0	    00000000     00000000	   1	[      8]
570   	0     	      5	    NegSmallDark	   1144.3398	   2414.06	    0.0	    00000000     00000000	   1	[      2]
571   	0     	      9	   NeutSmallDark	   1146.7969	   2457.03	    0.0	    00000000     00000000	   1	[      6]
572   	0     	     11	 NeutSmallBright	   1148.8789	   2082.03	    0.0	    00000000     00000000	   1	[      8]
573   	0     	      6	  NegLargeBright	   1151.2031	   2324.22	    0.0	    00000000     00000000	   1	[      3]
574   	0     	      6	  NegLargeBright	   1153.3555	   2152.34	    0.0	    00000000     00000000	   1	[      3]
575   	0     	     10	 NeutLargeBright	   1155.6602	   2304.69	    0.0	    00000000     00000000	   1	[      7]
576   	0     	     15	     condition15	   1158.0664	   2406.25	    0.0	    00000000     00000000	   1	[       ]
577   	0     	      2	      condition2	   1158.9102	    843.75	    0.0	    00000000     00000000	   1	[       ]
578   	0     	      9	   NeutSmallDark	   1160.0898	   1179.69	    0.0	    00000000     00000000	   1	[      6]
579   	0     	      4	    NegLargeDark	   1162.5508	   2460.94	    0.0	    00000000     00000000	   1	[      1]
580   	0     	      8	   NeutLargeDark	   1164.8672	   2316.41	    0.0	    00000000     00000000	   1	[      5]
581   	0     	      5	    NegSmallDark	   1167.1797	   2312.50	    0.0	    00000000     00000000	   1	[      2]
582   	0     	      6	  NegLargeBright	   1169.5547	   2375.00	    0.0	    00000000     00000000	   1	[      3]
583   	0     	     10	 NeutLargeBright	   1171.7891	   2234.38	    0.0	    00000000     00000000	   1	[      7]
584   	0     	     11	 NeutSmallBright	   1173.8125	   2023.44	    0.0	    00000000     00000000	   1	[      8]
585   	0     	     11	 NeutSmallBright	   1176.3281	   2515.62	    0.0	    00000000     00000000	   1	[      8]
586   	0     	      7	  NegSmallBright	   1178.6328	   2304.69	    0.0	    00000000     00000000	   1	[      4]
587   	0     	      8	   NeutLargeDark	   1181.0664	   2433.59	    0.0	    00000000     00000000	   1	[      5]
588   	0     	     13	     condition13	   1183.5000	   2433.59	    0.0	    00000000     00000000	   1	[       ]
589   	0     	      2	      condition2	   1184.0039	    503.91	    0.0	    00000000     00000000	   1	[       ]
590   	0     	      7	  NegSmallBright	   1185.6133	   1609.38	    0.0	    00000000     00000000	   1	[      4]
591   	0     	      8	   NeutLargeDark	   1188.1289	   2515.62	    0.0	    00000000     00000000	   1	[      5]
592   	0     	      5	    NegSmallDark	   1190.4336	   2304.69	    0.0	    00000000     00000000	   1	[      2]
593   	0     	     14	     condition14	   1192.8242	   2390.62	    0.0	    00000000     00000000	   1	[       ]
594   	0     	      2	      condition2	   1193.3359	    511.72	    0.0	    00000000     00000000	   1	[       ]
595   	0     	     15	     condition15	   1195.2617	   1925.78	    0.0	    00000000     00000000	   1	[       ]
596   	0     	      2	      condition2	   1196.0625	    800.78	    0.0	    00000000     00000000	   1	[       ]
597   	0     	      8	   NeutLargeDark	   1197.5234	   1460.94	    0.0	    00000000     00000000	   1	[      5]
598   	0     	      4	    NegLargeDark	   1199.9492	   2425.78	    0.0	    00000000     00000000	   1	[      1]
599   	0     	      4	    NegLargeDark	   1202.0234	   2074.22	    0.0	    00000000     00000000	   1	[      1]
600   	0     	     13	     condition13	   1204.3242	   2300.78	    0.0	    00000000     00000000	   1	[       ]
601   	0     	      2	      condition2	   1204.8477	    523.44	    0.0	    00000000     00000000	   1	[       ]
602   	0     	      7	  NegSmallBright	   1206.3984	   1550.78	    0.0	    00000000     00000000	   1	[      4]
603   	0     	      4	    NegLargeDark	   1208.5742	   2175.78	    0.0	    00000000     00000000	   1	[      1]
604   	0     	      9	   NeutSmallDark	   1210.8867	   2312.50	    0.0	    00000000     00000000	   1	[      6]
605   	0     	      5	    NegSmallDark	   1213.2422	   2355.47	    0.0	    00000000     00000000	   1	[      2]
606   	0     	      2	      condition2	   1213.9648	    722.66	    0.0	    00000000     00000000	   1	[       ]
607   	0     	     13	     condition13	   1215.3047	   1339.84	    0.0	    00000000     00000000	   1	[       ]
608   	0     	      2	      condition2	   1216.1484	    843.75	    0.0	    00000000     00000000	   1	[       ]
609   	0     	      7	  NegSmallBright	   1217.7891	   1640.62	    0.0	    00000000     00000000	   1	[      4]
610   	0     	      4	    NegLargeDark	   1220.2930	   2503.91	    0.0	    00000000     00000000	   1	[      1]
611   	0     	      8	   NeutLargeDark	   1222.8203	   2527.34	    0.0	    00000000     00000000	   1	[      5]
612   	0     	     10	 NeutLargeBright	   1224.8516	   2031.25	    0.0	    00000000     00000000	   1	[      7]
613   	0     	      6	  NegLargeBright	   1227.1758	   2324.22	    0.0	    00000000     00000000	   1	[      3]
614   	0     	     13	     condition13	   1229.3086	   2132.81	    0.0	    00000000     00000000	   1	[       ]
615   	0     	      2	      condition2	   1229.9609	    652.34	    0.0	    00000000     00000000	   1	[       ]
616   	0     	      9	   NeutSmallDark	   1231.5938	   1632.81	    0.0	    00000000     00000000	   1	[      6]
617   	0     	     10	 NeutLargeBright	   1233.8672	   2273.44	    0.0	    00000000     00000000	   1	[      7]
618   	0     	      9	   NeutSmallDark	   1236.2930	   2425.78	    0.0	    00000000     00000000	   1	[      6]
619   	0     	      6	  NegLargeBright	   1238.4766	   2183.59	    0.0	    00000000     00000000	   1	[      3]
620   	0     	      5	    NegSmallDark	   1240.5391	   2062.50	    0.0	    00000000     00000000	   1	[      2]
621   	0     	      6	  NegLargeBright	   1242.7148	   2175.78	    0.0	    00000000     00000000	   1	[      3]
622   	0     	      9	   NeutSmallDark	   1245.1797	   2464.84	    0.0	    00000000     00000000	   1	[      6]
623   	0     	     14	     condition14	   1247.5703	   2390.62	    0.0	    00000000     00000000	   1	[       ]
624   	0     	      2	      condition2	   1248.4297	    859.38	    0.0	    00000000     00000000	   1	[       ]
625   	0     	      6	  NegLargeBright	   1249.6875	   1257.81	    0.0	    00000000     00000000	   1	[      3]
626   	0     	     13	     condition13	   1251.8984	   2210.94	    0.0	    00000000     00000000	   1	[       ]
627   	0     	      2	      condition2	   1252.5195	    621.09	    0.0	    00000000     00000000	   1	[       ]
628   	0     	      8	   NeutLargeDark	   1254.3047	   1785.16	    0.0	    00000000     00000000	   1	[      5]
629   	0     	     14	     condition14	   1256.5391	   2234.38	    0.0	    00000000     00000000	   1	[       ]
630   	0     	      2	      condition2	   1257.1172	    578.12	    0.0	    00000000     00000000	   1	[       ]
631   	0     	     14	     condition14	   1258.9727	   1855.47	    0.0	    00000000     00000000	   1	[       ]
632   	0     	      2	      condition2	   1259.5430	    570.31	    0.0	    00000000     00000000	   1	[       ]
633   	0     	     10	 NeutLargeBright	   1261.3867	   1843.75	    0.0	    00000000     00000000	   1	[      7]
634   	0     	      6	  NegLargeBright	   1263.5508	   2164.06	    0.0	    00000000     00000000	   1	[      3]
635   	0     	      9	   NeutSmallDark	   1265.8828	   2332.03	    0.0	    00000000     00000000	   1	[      6]
636   	0     	      4	    NegLargeDark	   1268.1797	   2296.88	    0.0	    00000000     00000000	   1	[      1]
637   	0     	     11	 NeutSmallBright	   1270.5508	   2371.09	    0.0	    00000000     00000000	   1	[      8]
638   	0     	      6	  NegLargeBright	   1272.8359	   2285.16	    0.0	    00000000     00000000	   1	[      3]
639   	0     	      7	  NegSmallBright	   1275.2422	   2406.25	    0.0	    00000000     00000000	   1	[      4]
640   	0     	     10	 NeutLargeBright	   1277.3359	   2093.75	    0.0	    00000000     00000000	   1	[      7]
641   	0     	      4	    NegLargeDark	   1279.6367	   2300.78	    0.0	    00000000     00000000	   1	[      1]
642   	0     	     11	 NeutSmallBright	   1281.8828	   2246.09	    0.0	    00000000     00000000	   1	[      8]
643   	0     	      9	   NeutSmallDark	   1284.4062	   2523.44	    0.0	    00000000     00000000	   1	[      6]
644   	0     	      7	  NegSmallBright	   1286.5117	   2105.47	    0.0	    00000000     00000000	   1	[      4]
