#  Non-editable header begin --------------------------------------------------------------------------------
# 
#  data format...............: continuous
#  setname...................: BDF file
#  filename..................: none_specified
#  filepath..................: none_specified
#  nchan.....................: 64
#  pnts......................: 325652
#  srate.....................: 256
#  nevents...................: 637
#  generated by (bdf)........: 
#  generated by (set)........: BDF file
#  reported in ..............: 
#  prog Version..............: 8.02
#  creation date.............: 18-Nov-2020 17:39:05
#  user Account..............: 
# 
#  Non-editable header end --------------------------------------------------------------------------------

	bin 1,	# 59,	NegLargeDark
	bin 2,	# 60,	NegSmallDark
	bin 3,	# 60,	NegLargeBright
	bin 4,	# 59,	NegSmallBright
	bin 5,	# 60,	NeutLargeDark
	bin 6,	# 60,	NeutSmallDark
	bin 7,	# 58,	NeutLargeBright
	bin 8,	# 59,	NeutSmallBright



# item	 bepoch	  ecode	            label	      onset	          diff	     dura	b_flags	   a_flags	  enable	    bin
#                                                 (sec)           (msec)     (msec)    (binary)   (binary)


1     	0     	    253	              ""	      0.1250	      0.00	    0.0	    00000000     00000000	   1	[       ]
2     	0     	      8	   NeutLargeDark	      1.1406	   1015.62	    0.0	    00000000     00000000	   1	[      5]
3     	0     	     10	 NeutLargeBright	      3.2969	   2156.25	    0.0	    00000000     00000000	   1	[      7]
4     	0     	     11	 NeutSmallBright	      5.7109	   2414.06	    0.0	    00000000     00000000	   1	[      8]
5     	0     	      6	  NegLargeBright	      8.1133	   2402.34	    0.0	    00000000     00000000	   1	[      3]
6     	0     	      7	  NegSmallBright	     10.3672	   2253.91	    0.0	    00000000     00000000	   1	[      4]
7     	0     	      6	  NegLargeBright	     12.7617	   2394.53	    0.0	    00000000     00000000	   1	[      3]
8     	0     	     11	 NeutSmallBright	     15.2656	   2503.91	    0.0	    00000000     00000000	   1	[      8]
9     	0     	      7	  NegSmallBright	     17.6211	   2355.47	    0.0	    00000000     00000000	   1	[      4]
10    	0     	      6	  NegLargeBright	     19.7656	   2144.53	    0.0	    00000000     00000000	   1	[      3]
11    	0     	      5	    NegSmallDark	     21.8984	   2132.81	    0.0	    00000000     00000000	   1	[      2]
12    	0     	      6	  NegLargeBright	     24.1641	   2265.62	    0.0	    00000000     00000000	   1	[      3]
13    	0     	      7	  NegSmallBright	     26.2773	   2113.28	    0.0	    00000000     00000000	   1	[      4]
14    	0     	      5	    NegSmallDark	     28.7305	   2453.12	    0.0	    00000000     00000000	   1	[      2]
15    	0     	      4	    NegLargeDark	     30.9062	   2175.78	    0.0	    00000000     00000000	   1	[      1]
16    	0     	      6	  NegLargeBright	     32.9766	   2070.31	    0.0	    00000000     00000000	   1	[      3]
17    	0     	      5	    NegSmallDark	     35.1836	   2207.03	    0.0	    00000000     00000000	   1	[      2]
18    	0     	     13	     condition13	     37.6758	   2492.19	    0.0	    00000000     00000000	   1	[       ]
19    	0     	      2	      condition2	     38.5117	    835.94	    0.0	    00000000     00000000	   1	[       ]
20    	0     	      6	  NegLargeBright	     40.1523	   1640.62	    0.0	    00000000     00000000	   1	[      3]
21    	0     	     10	 NeutLargeBright	     42.6445	   2492.19	    0.0	    00000000     00000000	   1	[      7]
22    	0     	     11	 NeutSmallBright	     44.9297	   2285.16	    0.0	    00000000     00000000	   1	[      8]
23    	0     	      4	    NegLargeDark	     47.4453	   2515.62	    0.0	    00000000     00000000	   1	[      1]
24    	0     	      6	  NegLargeBright	     49.7070	   2261.72	    0.0	    00000000     00000000	   1	[      3]
25    	0     	      8	   NeutLargeDark	     52.0508	   2343.75	    0.0	    00000000     00000000	   1	[      5]
26    	0     	      7	  NegSmallBright	     54.4453	   2394.53	    0.0	    00000000     00000000	   1	[      4]
27    	0     	      7	  NegSmallBright	     56.6211	   2175.78	    0.0	    00000000     00000000	   1	[      4]
28    	0     	     14	     condition14	     59.0547	   2433.59	    0.0	    00000000     00000000	   1	[       ]
29    	0     	      2	      condition2	     59.6211	    566.41	    0.0	    00000000     00000000	   1	[       ]
30    	0     	      9	   NeutSmallDark	     61.3594	   1738.28	    0.0	    00000000     00000000	   1	[      6]
31    	0     	      9	   NeutSmallDark	     63.6016	   2242.19	    0.0	    00000000     00000000	   1	[      6]
32    	0     	      4	    NegLargeDark	     65.9961	   2394.53	    0.0	    00000000     00000000	   1	[      1]
33    	0     	      9	   NeutSmallDark	     68.4609	   2464.84	    0.0	    00000000     00000000	   1	[      6]
34    	0     	     10	 NeutLargeBright	     70.5430	   2082.03	    0.0	    00000000     00000000	   1	[      7]
35    	0     	     10	 NeutLargeBright	     72.7266	   2183.59	    0.0	    00000000     00000000	   1	[      7]
36    	0     	      5	    NegSmallDark	     74.9805	   2253.91	    0.0	    00000000     00000000	   1	[      2]
37    	0     	      5	    NegSmallDark	     77.1758	   2195.31	    0.0	    00000000     00000000	   1	[      2]
38    	0     	      7	  NegSmallBright	     79.4219	   2246.09	    0.0	    00000000     00000000	   1	[      4]
39    	0     	      6	  NegLargeBright	     81.9062	   2484.38	    0.0	    00000000     00000000	   1	[      3]
40    	0     	     10	 NeutLargeBright	     84.2266	   2320.31	    0.0	    00000000     00000000	   1	[      7]
41    	0     	      5	    NegSmallDark	     86.3203	   2093.75	    0.0	    00000000     00000000	   1	[      2]
42    	0     	     11	 NeutSmallBright	     88.6953	   2375.00	    0.0	    00000000     00000000	   1	[      8]
43    	0     	     13	     condition13	     91.0703	   2375.00	    0.0	    00000000     00000000	   1	[       ]
44    	0     	      2	      condition2	     91.6641	    593.75	    0.0	    00000000     00000000	   1	[       ]
45    	0     	      7	  NegSmallBright	     93.2734	   1609.38	    0.0	    00000000     00000000	   1	[      4]
46    	0     	      8	   NeutLargeDark	     95.5977	   2324.22	    0.0	    00000000     00000000	   1	[      5]
47    	0     	     15	     condition15	     98.0547	   2457.03	    0.0	    00000000     00000000	   1	[       ]
48    	0     	      2	      condition2	     98.7422	    687.50	    0.0	    00000000     00000000	   1	[       ]
49    	0     	      5	    NegSmallDark	    100.0977	   1355.47	    0.0	    00000000     00000000	   1	[      2]
50    	0     	     12	     condition12	    102.5391	   2441.41	    0.0	    00000000     00000000	   1	[       ]
51    	0     	      2	      condition2	    102.9648	    425.78	    0.0	    00000000     00000000	   1	[       ]
52    	0     	     13	     condition13	    104.7344	   1769.53	    0.0	    00000000     00000000	   1	[       ]
53    	0     	      2	      condition2	    105.1719	    437.50	    0.0	    00000000     00000000	   1	[       ]
54    	0     	      8	   NeutLargeDark	    107.1602	   1988.28	    0.0	    00000000     00000000	   1	[      5]
55    	0     	      8	   NeutLargeDark	    109.5938	   2433.59	    0.0	    00000000     00000000	   1	[      5]
56    	0     	      4	    NegLargeDark	    111.9570	   2363.28	    0.0	    00000000     00000000	   1	[      1]
57    	0     	     10	 NeutLargeBright	    114.2109	   2253.91	    0.0	    00000000     00000000	   1	[      7]
58    	0     	      9	   NeutSmallDark	    116.3633	   2152.34	    0.0	    00000000     00000000	   1	[      6]
59    	0     	      4	    NegLargeDark	    118.6992	   2335.94	    0.0	    00000000     00000000	   1	[      1]
60    	0     	     10	 NeutLargeBright	    121.1328	   2433.59	    0.0	    00000000     00000000	   1	[      7]
61    	0     	      8	   NeutLargeDark	    123.5977	   2464.84	    0.0	    00000000     00000000	   1	[      5]
62    	0     	     11	 NeutSmallBright	    125.8516	   2253.91	    0.0	    00000000     00000000	   1	[      8]
63    	0     	      8	   NeutLargeDark	    128.2266	   2375.00	    0.0	    00000000     00000000	   1	[      5]
64    	0     	      8	   NeutLargeDark	    130.5117	   2285.16	    0.0	    00000000     00000000	   1	[      5]
65    	0     	      6	  NegLargeBright	    132.9453	   2433.59	    0.0	    00000000     00000000	   1	[      3]
66    	0     	     11	 NeutSmallBright	    135.3281	   2382.81	    0.0	    00000000     00000000	   1	[      8]
67    	0     	      9	   NeutSmallDark	    137.6328	   2304.69	    0.0	    00000000     00000000	   1	[      6]
68    	0     	      8	   NeutLargeDark	    140.0273	   2394.53	    0.0	    00000000     00000000	   1	[      5]
69    	0     	     10	 NeutLargeBright	    142.3203	   2292.97	    0.0	    00000000     00000000	   1	[      7]
70    	0     	     10	 NeutLargeBright	    144.7539	   2433.59	    0.0	    00000000     00000000	   1	[      7]
71    	0     	      9	   NeutSmallDark	    147.1680	   2414.06	    0.0	    00000000     00000000	   1	[      6]
72    	0     	      7	  NegSmallBright	    149.3516	   2183.59	    0.0	    00000000     00000000	   1	[      4]
73    	0     	     11	 NeutSmallBright	    151.6562	   2304.69	    0.0	    00000000     00000000	   1	[      8]
74    	0     	     11	 NeutSmallBright	    153.8711	   2214.84	    0.0	    00000000     00000000	   1	[      8]
75    	0     	      8	   NeutLargeDark	    156.0039	   2132.81	    0.0	    00000000     00000000	   1	[      5]
76    	0     	     11	 NeutSmallBright	    158.2383	   2234.38	    0.0	    00000000     00000000	   1	[      8]
77    	0     	     11	 NeutSmallBright	    160.4023	   2164.06	    0.0	    00000000     00000000	   1	[      8]
78    	0     	     11	 NeutSmallBright	    163.2656	   2863.28	    0.0	    00000000     00000000	   1	[      8]
79    	0     	      7	  NegSmallBright	    165.3398	   2074.22	    0.0	    00000000     00000000	   1	[      4]
80    	0     	     15	     condition15	    167.4219	   2082.03	    0.0	    00000000     00000000	   1	[       ]
81    	0     	      2	      condition2	    168.1680	    746.09	    0.0	    00000000     00000000	   1	[       ]
82    	0     	     14	     condition14	    169.8672	   1699.22	    0.0	    00000000     00000000	   1	[       ]
83    	0     	      2	      condition2	    170.3281	    460.94	    0.0	    00000000     00000000	   1	[       ]
84    	0     	      8	   NeutLargeDark	    172.3008	   1972.66	    0.0	    00000000     00000000	   1	[      5]
85    	0     	      8	   NeutLargeDark	    174.7266	   2425.78	    0.0	    00000000     00000000	   1	[      5]
86    	0     	      6	  NegLargeBright	    177.2188	   2492.19	    0.0	    00000000     00000000	   1	[      3]
87    	0     	      9	   NeutSmallDark	    179.6445	   2425.78	    0.0	    00000000     00000000	   1	[      6]
88    	0     	      6	  NegLargeBright	    182.0859	   2441.41	    0.0	    00000000     00000000	   1	[      3]
89    	0     	      4	    NegLargeDark	    184.3711	   2285.16	    0.0	    00000000     00000000	   1	[      1]
90    	0     	     11	 NeutSmallBright	    186.7461	   2375.00	    0.0	    00000000     00000000	   1	[      8]
91    	0     	      8	   NeutLargeDark	    189.2109	   2464.84	    0.0	    00000000     00000000	   1	[      5]
92    	0     	      9	   NeutSmallDark	    191.6445	   2433.59	    0.0	    00000000     00000000	   1	[      6]
93    	0     	     11	 NeutSmallBright	    193.7891	   2144.53	    0.0	    00000000     00000000	   1	[      8]
94    	0     	      4	    NegLargeDark	    195.8320	   2042.97	    0.0	    00000000     00000000	   1	[      1]
95    	0     	     13	     condition13	    197.8945	   2062.50	    0.0	    00000000     00000000	   1	[       ]
96    	0     	      2	      condition2	    198.5312	    636.72	    0.0	    00000000     00000000	   1	[       ]
97    	0     	     11	 NeutSmallBright	    200.3906	   1859.38	    0.0	    00000000     00000000	   1	[      8]
98    	0     	     15	     condition15	    202.4219	   2031.25	    0.0	    00000000     00000000	   1	[       ]
99    	0     	      2	      condition2	    202.9492	    527.34	    0.0	    00000000     00000000	   1	[       ]
100   	0     	      4	    NegLargeDark	    204.7891	   1839.84	    0.0	    00000000     00000000	   1	[      1]
101   	0     	      7	  NegSmallBright	    206.9219	   2132.81	    0.0	    00000000     00000000	   1	[      4]
102   	0     	      6	  NegLargeBright	    209.1445	   2222.66	    0.0	    00000000     00000000	   1	[      3]
103   	0     	     11	 NeutSmallBright	    211.3906	   2246.09	    0.0	    00000000     00000000	   1	[      8]
104   	0     	      7	  NegSmallBright	    213.5234	   2132.81	    0.0	    00000000     00000000	   1	[      4]
105   	0     	      4	    NegLargeDark	    215.7266	   2203.12	    0.0	    00000000     00000000	   1	[      1]
106   	0     	     10	 NeutLargeBright	    218.0898	   2363.28	    0.0	    00000000     00000000	   1	[      7]
107   	0     	      9	   NeutSmallDark	    220.4766	   2386.72	    0.0	    00000000     00000000	   1	[      6]
108   	0     	      4	    NegLargeDark	    222.6289	   2152.34	    0.0	    00000000     00000000	   1	[      1]
109   	0     	     10	 NeutLargeBright	    224.8242	   2195.31	    0.0	    00000000     00000000	   1	[      7]
110   	0     	      4	    NegLargeDark	    227.2852	   2460.94	    0.0	    00000000     00000000	   1	[      1]
111   	0     	      4	    NegLargeDark	    229.6016	   2316.41	    0.0	    00000000     00000000	   1	[      1]
112   	0     	      9	   NeutSmallDark	    231.6953	   2093.75	    0.0	    00000000     00000000	   1	[      6]
113   	0     	      8	   NeutLargeDark	    234.0273	   2332.03	    0.0	    00000000     00000000	   1	[      5]
114   	0     	      6	  NegLargeBright	    236.2031	   2175.78	    0.0	    00000000     00000000	   1	[      3]
115   	0     	      5	    NegSmallDark	    238.3672	   2164.06	    0.0	    00000000     00000000	   1	[      2]
116   	0     	      6	  NegLargeBright	    240.5898	   2222.66	    0.0	    00000000     00000000	   1	[      3]
117   	0     	      4	    NegLargeDark	    242.7227	   2132.81	    0.0	    00000000     00000000	   1	[      1]
118   	0     	      8	   NeutLargeDark	    245.1797	   2457.03	    0.0	    00000000     00000000	   1	[      5]
119   	0     	      8	   NeutLargeDark	    247.4531	   2273.44	    0.0	    00000000     00000000	   1	[      5]
120   	0     	      8	   NeutLargeDark	    249.9453	   2492.19	    0.0	    00000000     00000000	   1	[      5]
121   	0     	      6	  NegLargeBright	    252.3398	   2394.53	    0.0	    00000000     00000000	   1	[      3]
122   	0     	      4	    NegLargeDark	    254.5352	   2195.31	    0.0	    00000000     00000000	   1	[      1]
123   	0     	      8	   NeutLargeDark	    256.8398	   2304.69	    0.0	    00000000     00000000	   1	[      5]
124   	0     	     15	     condition15	    259.0625	   2222.66	    0.0	    00000000     00000000	   1	[       ]
125   	0     	      2	      condition2	    259.5859	    523.44	    0.0	    00000000     00000000	   1	[       ]
126   	0     	     15	     condition15	    261.5156	   1929.69	    0.0	    00000000     00000000	   1	[       ]
127   	0     	      2	      condition2	    262.0117	    496.09	    0.0	    00000000     00000000	   1	[       ]
128   	0     	      7	  NegSmallBright	    263.8125	   1800.78	    0.0	    00000000     00000000	   1	[      4]
129   	0     	     12	     condition12	    266.0859	   2273.44	    0.0	    00000000     00000000	   1	[       ]
130   	0     	      2	      condition2	    266.5703	    484.38	    0.0	    00000000     00000000	   1	[       ]
131   	0     	      5	    NegSmallDark	    268.1289	   1558.59	    0.0	    00000000     00000000	   1	[      2]
132   	0     	      7	  NegSmallBright	    270.6523	   2523.44	    0.0	    00000000     00000000	   1	[      4]
133   	0     	     10	 NeutLargeBright	    272.9375	   2285.16	    0.0	    00000000     00000000	   1	[      7]
134   	0     	      9	   NeutSmallDark	    275.1914	   2253.91	    0.0	    00000000     00000000	   1	[      6]
135   	0     	      5	    NegSmallDark	    277.4961	   2304.69	    0.0	    00000000     00000000	   1	[      2]
136   	0     	     12	     condition12	    279.5586	   2062.50	    0.0	    00000000     00000000	   1	[       ]
137   	0     	      2	      condition2	    280.0312	    472.66	    0.0	    00000000     00000000	   1	[       ]
138   	0     	      4	    NegLargeDark	    281.8047	   1773.44	    0.0	    00000000     00000000	   1	[      1]
139   	0     	     14	     condition14	    283.8867	   2082.03	    0.0	    00000000     00000000	   1	[       ]
140   	0     	      2	      condition2	    284.3281	    441.41	    0.0	    00000000     00000000	   1	[       ]
141   	0     	     10	 NeutLargeBright	    286.0195	   1691.41	    0.0	    00000000     00000000	   1	[      7]
142   	0     	     11	 NeutSmallBright	    288.2227	   2203.12	    0.0	    00000000     00000000	   1	[      8]
143   	0     	      8	   NeutLargeDark	    290.6875	   2464.84	    0.0	    00000000     00000000	   1	[      5]
144   	0     	      9	   NeutSmallDark	    293.0938	   2406.25	    0.0	    00000000     00000000	   1	[      6]
145   	0     	      7	  NegSmallBright	    295.4453	   2351.56	    0.0	    00000000     00000000	   1	[      4]
146   	0     	      8	   NeutLargeDark	    297.6719	   2226.56	    0.0	    00000000     00000000	   1	[      5]
147   	0     	      5	    NegSmallDark	    300.1562	   2484.38	    0.0	    00000000     00000000	   1	[      2]
148   	0     	      5	    NegSmallDark	    302.3086	   2152.34	    0.0	    00000000     00000000	   1	[      2]
149   	0     	      6	  NegLargeBright	    304.6914	   2382.81	    0.0	    00000000     00000000	   1	[      3]
150   	0     	      7	  NegSmallBright	    306.7969	   2105.47	    0.0	    00000000     00000000	   1	[      4]
151   	0     	      6	  NegLargeBright	    309.2500	   2453.12	    0.0	    00000000     00000000	   1	[      3]
152   	0     	      4	    NegLargeDark	    311.4648	   2214.84	    0.0	    00000000     00000000	   1	[      1]
153   	0     	     10	 NeutLargeBright	    313.9180	   2453.12	    0.0	    00000000     00000000	   1	[      7]
154   	0     	     11	 NeutSmallBright	    316.1719	   2253.91	    0.0	    00000000     00000000	   1	[      8]
155   	0     	     13	     condition13	    318.5977	   2425.78	    0.0	    00000000     00000000	   1	[       ]
156   	0     	      2	      condition2	    319.1445	    546.88	    0.0	    00000000     00000000	   1	[       ]
157   	0     	     14	     condition14	    321.0000	   1855.47	    0.0	    00000000     00000000	   1	[       ]
158   	0     	      2	      condition2	    321.6172	    617.19	    0.0	    00000000     00000000	   1	[       ]
159   	0     	    253	              ""	    323.8594	   2242.19	    0.0	    00000000     00000000	   1	[       ]
160   	0     	      9	   NeutSmallDark	    324.8555	    996.09	    0.0	    00000000     00000000	   1	[      6]
161   	0     	      5	    NegSmallDark	    327.1094	   2253.91	    0.0	    00000000     00000000	   1	[      2]
162   	0     	     11	 NeutSmallBright	    329.6016	   2492.19	    0.0	    00000000     00000000	   1	[      8]
163   	0     	      6	  NegLargeBright	    332.0391	   2437.50	    0.0	    00000000     00000000	   1	[      3]
164   	0     	      5	    NegSmallDark	    334.2812	   2242.19	    0.0	    00000000     00000000	   1	[      2]
165   	0     	      9	   NeutSmallDark	    336.6875	   2406.25	    0.0	    00000000     00000000	   1	[      6]
166   	0     	      8	   NeutLargeDark	    338.7578	   2070.31	    0.0	    00000000     00000000	   1	[      5]
167   	0     	     11	 NeutSmallBright	    340.8945	   2136.72	    0.0	    00000000     00000000	   1	[      8]
168   	0     	      7	  NegSmallBright	    343.1484	   2253.91	    0.0	    00000000     00000000	   1	[      4]
169   	0     	      5	    NegSmallDark	    345.4531	   2304.69	    0.0	    00000000     00000000	   1	[      2]
170   	0     	     11	 NeutSmallBright	    347.8945	   2441.41	    0.0	    00000000     00000000	   1	[      8]
171   	0     	      4	    NegLargeDark	    350.0977	   2203.12	    0.0	    00000000     00000000	   1	[      1]
172   	0     	      4	    NegLargeDark	    352.4219	   2324.22	    0.0	    00000000     00000000	   1	[      1]
173   	0     	      7	  NegSmallBright	    354.8984	   2476.56	    0.0	    00000000     00000000	   1	[      4]
174   	0     	      9	   NeutSmallDark	    357.0000	   2101.56	    0.0	    00000000     00000000	   1	[      6]
175   	0     	     11	 NeutSmallBright	    359.3242	   2324.22	    0.0	    00000000     00000000	   1	[      8]
176   	0     	      8	   NeutLargeDark	    361.7500	   2425.78	    0.0	    00000000     00000000	   1	[      5]
177   	0     	      9	   NeutSmallDark	    363.9141	   2164.06	    0.0	    00000000     00000000	   1	[      6]
178   	0     	      5	    NegSmallDark	    366.3281	   2414.06	    0.0	    00000000     00000000	   1	[      2]
179   	0     	     15	     condition15	    368.5938	   2265.62	    0.0	    00000000     00000000	   1	[       ]
180   	0     	      2	      condition2	    369.2148	    621.09	    0.0	    00000000     00000000	   1	[       ]
181   	0     	     12	     condition12	    370.8477	   1632.81	    0.0	    00000000     00000000	   1	[       ]
182   	0     	      2	      condition2	    371.3242	    476.56	    0.0	    00000000     00000000	   1	[       ]
183   	0     	     10	 NeutLargeBright	    372.9609	   1636.72	    0.0	    00000000     00000000	   1	[      7]
184   	0     	     15	     condition15	    375.2852	   2324.22	    0.0	    00000000     00000000	   1	[       ]
185   	0     	      2	      condition2	    375.8828	    597.66	    0.0	    00000000     00000000	   1	[       ]
186   	0     	      6	  NegLargeBright	    377.7578	   1875.00	    0.0	    00000000     00000000	   1	[      3]
187   	0     	      4	    NegLargeDark	    380.2422	   2484.38	    0.0	    00000000     00000000	   1	[      1]
188   	0     	      6	  NegLargeBright	    382.3750	   2132.81	    0.0	    00000000     00000000	   1	[      3]
189   	0     	      7	  NegSmallBright	    384.5508	   2175.78	    0.0	    00000000     00000000	   1	[      4]
190   	0     	      9	   NeutSmallDark	    386.5938	   2042.97	    0.0	    00000000     00000000	   1	[      6]
191   	0     	      8	   NeutLargeDark	    388.8164	   2222.66	    0.0	    00000000     00000000	   1	[      5]
192   	0     	      9	   NeutSmallDark	    390.9219	   2105.47	    0.0	    00000000     00000000	   1	[      6]
193   	0     	      7	  NegSmallBright	    393.3867	   2464.84	    0.0	    00000000     00000000	   1	[      4]
194   	0     	     11	 NeutSmallBright	    395.5586	   2171.88	    0.0	    00000000     00000000	   1	[      8]
195   	0     	      9	   NeutSmallDark	    397.7734	   2214.84	    0.0	    00000000     00000000	   1	[      6]
196   	0     	      5	    NegSmallDark	    400.1289	   2355.47	    0.0	    00000000     00000000	   1	[      2]
197   	0     	      9	   NeutSmallDark	    402.5430	   2414.06	    0.0	    00000000     00000000	   1	[      6]
198   	0     	     11	 NeutSmallBright	    404.9844	   2441.41	    0.0	    00000000     00000000	   1	[      8]
199   	0     	      4	    NegLargeDark	    407.1484	   2164.06	    0.0	    00000000     00000000	   1	[      1]
200   	0     	     11	 NeutSmallBright	    409.4531	   2304.69	    0.0	    00000000     00000000	   1	[      8]
201   	0     	     10	 NeutLargeBright	    411.6680	   2214.84	    0.0	    00000000     00000000	   1	[      7]
202   	0     	      4	    NegLargeDark	    414.1406	   2472.66	    0.0	    00000000     00000000	   1	[      1]
203   	0     	      7	  NegSmallBright	    416.6562	   2515.62	    0.0	    00000000     00000000	   1	[      4]
204   	0     	      9	   NeutSmallDark	    418.9297	   2273.44	    0.0	    00000000     00000000	   1	[      6]
205   	0     	     15	     condition15	    421.1641	   2234.38	    0.0	    00000000     00000000	   1	[       ]
206   	0     	      2	      condition2	    421.8672	    703.12	    0.0	    00000000     00000000	   1	[       ]
207   	0     	     11	 NeutSmallBright	    423.4688	   1601.56	    0.0	    00000000     00000000	   1	[      8]
208   	0     	      7	  NegSmallBright	    425.7422	   2273.44	    0.0	    00000000     00000000	   1	[      4]
209   	0     	     11	 NeutSmallBright	    428.1367	   2394.53	    0.0	    00000000     00000000	   1	[      8]
210   	0     	      8	   NeutLargeDark	    430.6523	   2515.62	    0.0	    00000000     00000000	   1	[      5]
211   	0     	      8	   NeutLargeDark	    432.7266	   2074.22	    0.0	    00000000     00000000	   1	[      5]
212   	0     	      7	  NegSmallBright	    434.9102	   2183.59	    0.0	    00000000     00000000	   1	[      4]
213   	0     	      9	   NeutSmallDark	    437.2031	   2292.97	    0.0	    00000000     00000000	   1	[      6]
214   	0     	      9	   NeutSmallDark	    439.3281	   2125.00	    0.0	    00000000     00000000	   1	[      6]
215   	0     	      4	    NegLargeDark	    441.4414	   2113.28	    0.0	    00000000     00000000	   1	[      1]
216   	0     	      6	  NegLargeBright	    443.8047	   2363.28	    0.0	    00000000     00000000	   1	[      3]
217   	0     	      6	  NegLargeBright	    445.9297	   2125.00	    0.0	    00000000     00000000	   1	[      3]
218   	0     	      5	    NegSmallDark	    448.3633	   2433.59	    0.0	    00000000     00000000	   1	[      2]
219   	0     	      7	  NegSmallBright	    450.4258	   2062.50	    0.0	    00000000     00000000	   1	[      4]
220   	0     	      5	    NegSmallDark	    452.8984	   2472.66	    0.0	    00000000     00000000	   1	[      2]
221   	0     	      6	  NegLargeBright	    455.2031	   2304.69	    0.0	    00000000     00000000	   1	[      3]
222   	0     	      4	    NegLargeDark	    457.5977	   2394.53	    0.0	    00000000     00000000	   1	[      1]
223   	0     	      4	    NegLargeDark	    459.7734	   2175.78	    0.0	    00000000     00000000	   1	[      1]
224   	0     	      6	  NegLargeBright	    462.1445	   2371.09	    0.0	    00000000     00000000	   1	[      3]
225   	0     	      5	    NegSmallDark	    464.2891	   2144.53	    0.0	    00000000     00000000	   1	[      2]
226   	0     	      6	  NegLargeBright	    466.6055	   2316.41	    0.0	    00000000     00000000	   1	[      3]
227   	0     	     10	 NeutLargeBright	    469.1172	   2511.72	    0.0	    00000000     00000000	   1	[      7]
228   	0     	      6	  NegLargeBright	    471.2812	   2164.06	    0.0	    00000000     00000000	   1	[      3]
229   	0     	     13	     condition13	    473.3164	   2035.16	    0.0	    00000000     00000000	   1	[       ]
230   	0     	      2	      condition2	    473.8047	    488.28	    0.0	    00000000     00000000	   1	[       ]
231   	0     	      4	    NegLargeDark	    475.4688	   1664.06	    0.0	    00000000     00000000	   1	[      1]
232   	0     	     10	 NeutLargeBright	    477.5625	   2093.75	    0.0	    00000000     00000000	   1	[      7]
233   	0     	     10	 NeutLargeBright	    479.6484	   2085.94	    0.0	    00000000     00000000	   1	[      7]
234   	0     	      4	    NegLargeDark	    481.9414	   2292.97	    0.0	    00000000     00000000	   1	[      1]
235   	0     	    253	              ""	    484.9844	   3042.97	    0.0	    00000000     00000000	   1	[       ]
236   	0     	      9	   NeutSmallDark	    485.9805	    996.09	    0.0	    00000000     00000000	   1	[      6]
237   	0     	      6	  NegLargeBright	    488.0938	   2113.28	    0.0	    00000000     00000000	   1	[      3]
238   	0     	     12	     condition12	    490.5273	   2433.59	    0.0	    00000000     00000000	   1	[       ]
239   	0     	      2	      condition2	    491.1445	    617.19	    0.0	    00000000     00000000	   1	[       ]
240   	0     	      9	   NeutSmallDark	    492.6719	   1527.34	    0.0	    00000000     00000000	   1	[      6]
241   	0     	      5	    NegSmallDark	    495.1445	   2472.66	    0.0	    00000000     00000000	   1	[      2]
242   	0     	      4	    NegLargeDark	    497.6016	   2457.03	    0.0	    00000000     00000000	   1	[      1]
243   	0     	      7	  NegSmallBright	    499.6328	   2031.25	    0.0	    00000000     00000000	   1	[      4]
244   	0     	     15	     condition15	    501.7773	   2144.53	    0.0	    00000000     00000000	   1	[       ]
245   	0     	      2	      condition2	    502.4453	    667.97	    0.0	    00000000     00000000	   1	[       ]
246   	0     	     14	     condition14	    503.9414	   1496.09	    0.0	    00000000     00000000	   1	[       ]
247   	0     	      2	      condition2	    504.3906	    449.22	    0.0	    00000000     00000000	   1	[       ]
248   	0     	     11	 NeutSmallBright	    506.1055	   1714.84	    0.0	    00000000     00000000	   1	[      8]
249   	0     	      5	    NegSmallDark	    508.1367	   2031.25	    0.0	    00000000     00000000	   1	[      2]
250   	0     	      6	  NegLargeBright	    510.4219	   2285.16	    0.0	    00000000     00000000	   1	[      3]
251   	0     	     15	     condition15	    512.7383	   2316.41	    0.0	    00000000     00000000	   1	[       ]
252   	0     	      2	      condition2	    513.3164	    578.12	    0.0	    00000000     00000000	   1	[       ]
253   	0     	      5	    NegSmallDark	    515.1406	   1824.22	    0.0	    00000000     00000000	   1	[      2]
254   	0     	      7	  NegSmallBright	    517.5859	   2445.31	    0.0	    00000000     00000000	   1	[      4]
255   	0     	     12	     condition12	    519.7891	   2203.12	    0.0	    00000000     00000000	   1	[       ]
256   	0     	      2	      condition2	    520.2500	    460.94	    0.0	    00000000     00000000	   1	[       ]
257   	0     	     10	 NeutLargeBright	    521.9531	   1703.12	    0.0	    00000000     00000000	   1	[      7]
258   	0     	      8	   NeutLargeDark	    524.1875	   2234.38	    0.0	    00000000     00000000	   1	[      5]
259   	0     	      9	   NeutSmallDark	    526.3711	   2183.59	    0.0	    00000000     00000000	   1	[      6]
260   	0     	      8	   NeutLargeDark	    528.8633	   2492.19	    0.0	    00000000     00000000	   1	[      5]
261   	0     	      5	    NegSmallDark	    531.3398	   2476.56	    0.0	    00000000     00000000	   1	[      2]
262   	0     	      8	   NeutLargeDark	    533.7344	   2394.53	    0.0	    00000000     00000000	   1	[      5]
263   	0     	     13	     condition13	    535.9453	   2210.94	    0.0	    00000000     00000000	   1	[       ]
264   	0     	      2	      condition2	    536.4648	    519.53	    0.0	    00000000     00000000	   1	[       ]
265   	0     	     13	     condition13	    538.4414	   1976.56	    0.0	    00000000     00000000	   1	[       ]
266   	0     	      2	      condition2	    538.8867	    445.31	    0.0	    00000000     00000000	   1	[       ]
267   	0     	      7	  NegSmallBright	    540.6758	   1789.06	    0.0	    00000000     00000000	   1	[      4]
268   	0     	      5	    NegSmallDark	    542.8594	   2183.59	    0.0	    00000000     00000000	   1	[      2]
269   	0     	     10	 NeutLargeBright	    545.1953	   2335.94	    0.0	    00000000     00000000	   1	[      7]
270   	0     	      8	   NeutLargeDark	    547.6992	   2503.91	    0.0	    00000000     00000000	   1	[      5]
271   	0     	      6	  NegLargeBright	    549.8828	   2183.59	    0.0	    00000000     00000000	   1	[      3]
272   	0     	      9	   NeutSmallDark	    552.3359	   2453.12	    0.0	    00000000     00000000	   1	[      6]
273   	0     	      8	   NeutLargeDark	    554.8203	   2484.38	    0.0	    00000000     00000000	   1	[      5]
274   	0     	     11	 NeutSmallBright	    556.8633	   2042.97	    0.0	    00000000     00000000	   1	[      8]
275   	0     	      9	   NeutSmallDark	    559.2070	   2343.75	    0.0	    00000000     00000000	   1	[      6]
276   	0     	      6	  NegLargeBright	    561.3633	   2156.25	    0.0	    00000000     00000000	   1	[      3]
277   	0     	     11	 NeutSmallBright	    563.8359	   2472.66	    0.0	    00000000     00000000	   1	[      8]
278   	0     	      9	   NeutSmallDark	    566.2422	   2406.25	    0.0	    00000000     00000000	   1	[      6]
279   	0     	      4	    NegLargeDark	    568.5859	   2343.75	    0.0	    00000000     00000000	   1	[      1]
280   	0     	     11	 NeutSmallBright	    571.0508	   2464.84	    0.0	    00000000     00000000	   1	[      8]
281   	0     	      6	  NegLargeBright	    573.2227	   2171.88	    0.0	    00000000     00000000	   1	[      3]
282   	0     	     12	     condition12	    575.5352	   2312.50	    0.0	    00000000     00000000	   1	[       ]
283   	0     	      2	      condition2	    576.0312	    496.09	    0.0	    00000000     00000000	   1	[       ]
284   	0     	      7	  NegSmallBright	    577.9414	   1910.16	    0.0	    00000000     00000000	   1	[      4]
285   	0     	      5	    NegSmallDark	    580.3672	   2425.78	    0.0	    00000000     00000000	   1	[      2]
286   	0     	     13	     condition13	    582.5273	   2160.16	    0.0	    00000000     00000000	   1	[       ]
287   	0     	      2	      condition2	    583.0156	    488.28	    0.0	    00000000     00000000	   1	[       ]
288   	0     	     10	 NeutLargeBright	    584.9219	   1906.25	    0.0	    00000000     00000000	   1	[      7]
289   	0     	     14	     condition14	    587.4375	   2515.62	    0.0	    00000000     00000000	   1	[       ]
290   	0     	      2	      condition2	    587.9492	    511.72	    0.0	    00000000     00000000	   1	[       ]
291   	0     	     14	     condition14	    589.7109	   1761.72	    0.0	    00000000     00000000	   1	[       ]
292   	0     	      2	      condition2	    590.1367	    425.78	    0.0	    00000000     00000000	   1	[       ]
293   	0     	     10	 NeutLargeBright	    592.2461	   2109.38	    0.0	    00000000     00000000	   1	[      7]
294   	0     	     10	 NeutLargeBright	    594.5508	   2304.69	    0.0	    00000000     00000000	   1	[      7]
295   	0     	      8	   NeutLargeDark	    596.8359	   2285.16	    0.0	    00000000     00000000	   1	[      5]
296   	0     	      5	    NegSmallDark	    598.9961	   2160.16	    0.0	    00000000     00000000	   1	[      2]
297   	0     	     13	     condition13	    601.3828	   2386.72	    0.0	    00000000     00000000	   1	[       ]
298   	0     	      2	      condition2	    601.8867	    503.91	    0.0	    00000000     00000000	   1	[       ]
299   	0     	     15	     condition15	    603.7969	   1910.16	    0.0	    00000000     00000000	   1	[       ]
300   	0     	      2	      condition2	    604.4297	    632.81	    0.0	    00000000     00000000	   1	[       ]
301   	0     	      5	    NegSmallDark	    605.9922	   1562.50	    0.0	    00000000     00000000	   1	[      2]
302   	0     	      8	   NeutLargeDark	    608.4961	   2503.91	    0.0	    00000000     00000000	   1	[      5]
303   	0     	      4	    NegLargeDark	    610.8789	   2382.81	    0.0	    00000000     00000000	   1	[      1]
304   	0     	     10	 NeutLargeBright	    613.0508	   2171.88	    0.0	    00000000     00000000	   1	[      7]
305   	0     	      9	   NeutSmallDark	    615.4062	   2355.47	    0.0	    00000000     00000000	   1	[      6]
306   	0     	      7	  NegSmallBright	    617.5312	   2125.00	    0.0	    00000000     00000000	   1	[      4]
307   	0     	     13	     condition13	    619.6055	   2074.22	    0.0	    00000000     00000000	   1	[       ]
308   	0     	      2	      condition2	    620.0898	    484.38	    0.0	    00000000     00000000	   1	[       ]
309   	0     	      4	    NegLargeDark	    621.9297	   1839.84	    0.0	    00000000     00000000	   1	[      1]
310   	0     	      7	  NegSmallBright	    624.2031	   2273.44	    0.0	    00000000     00000000	   1	[      4]
311   	0     	      9	   NeutSmallDark	    626.4180	   2214.84	    0.0	    00000000     00000000	   1	[      6]
312   	0     	      5	    NegSmallDark	    628.5117	   2093.75	    0.0	    00000000     00000000	   1	[      2]
313   	0     	      9	   NeutSmallDark	    630.9961	   2484.38	    0.0	    00000000     00000000	   1	[      6]
314   	0     	      5	    NegSmallDark	    633.0469	   2050.78	    0.0	    00000000     00000000	   1	[      2]
315   	0     	      7	  NegSmallBright	    635.5430	   2496.09	    0.0	    00000000     00000000	   1	[      4]
316   	0     	     11	 NeutSmallBright	    638.0078	   2464.84	    0.0	    00000000     00000000	   1	[      8]
317   	0     	     11	 NeutSmallBright	    640.2109	   2203.12	    0.0	    00000000     00000000	   1	[      8]
318   	0     	     11	 NeutSmallBright	    642.2734	   2062.50	    0.0	    00000000     00000000	   1	[      8]
319   	0     	     11	 NeutSmallBright	    644.6367	   2363.28	    0.0	    00000000     00000000	   1	[      8]
320   	0     	    253	              ""	    647.4688	   2832.03	    0.0	    00000000     00000000	   1	[       ]
321   	0     	     11	 NeutSmallBright	    648.4766	   1007.81	    0.0	    00000000     00000000	   1	[      8]
322   	0     	      8	   NeutLargeDark	    650.5195	   2042.97	    0.0	    00000000     00000000	   1	[      5]
323   	0     	     14	     condition14	    652.8672	   2347.66	    0.0	    00000000     00000000	   1	[       ]
324   	0     	      2	      condition2	    653.4258	    558.59	    0.0	    00000000     00000000	   1	[       ]
325   	0     	      5	    NegSmallDark	    655.3086	   1882.81	    0.0	    00000000     00000000	   1	[      2]
326   	0     	     14	     condition14	    657.4648	   2156.25	    0.0	    00000000     00000000	   1	[       ]
327   	0     	      2	      condition2	    657.9375	    472.66	    0.0	    00000000     00000000	   1	[       ]
328   	0     	      8	   NeutLargeDark	    659.7070	   1769.53	    0.0	    00000000     00000000	   1	[      5]
329   	0     	     12	     condition12	    661.8594	   2152.34	    0.0	    00000000     00000000	   1	[       ]
330   	0     	      2	      condition2	    662.3516	    492.19	    0.0	    00000000     00000000	   1	[       ]
331   	0     	      7	  NegSmallBright	    664.0742	   1722.66	    0.0	    00000000     00000000	   1	[      4]
332   	0     	      5	    NegSmallDark	    666.1484	   2074.22	    0.0	    00000000     00000000	   1	[      2]
333   	0     	      8	   NeutLargeDark	    668.4922	   2343.75	    0.0	    00000000     00000000	   1	[      5]
334   	0     	     10	 NeutLargeBright	    670.9883	   2496.09	    0.0	    00000000     00000000	   1	[      7]
335   	0     	      4	    NegLargeDark	    673.3828	   2394.53	    0.0	    00000000     00000000	   1	[      1]
336   	0     	      9	   NeutSmallDark	    675.7266	   2343.75	    0.0	    00000000     00000000	   1	[      6]
337   	0     	      5	    NegSmallDark	    678.0195	   2292.97	    0.0	    00000000     00000000	   1	[      2]
338   	0     	     13	     condition13	    680.4922	   2472.66	    0.0	    00000000     00000000	   1	[       ]
339   	0     	      2	      condition2	    680.9648	    472.66	    0.0	    00000000     00000000	   1	[       ]
340   	0     	      7	  NegSmallBright	    682.7266	   1761.72	    0.0	    00000000     00000000	   1	[      4]
341   	0     	      5	    NegSmallDark	    684.8906	   2164.06	    0.0	    00000000     00000000	   1	[      2]
342   	0     	     13	     condition13	    687.3242	   2433.59	    0.0	    00000000     00000000	   1	[       ]
343   	0     	      2	      condition2	    687.8516	    527.34	    0.0	    00000000     00000000	   1	[       ]
344   	0     	     10	 NeutLargeBright	    689.5312	   1679.69	    0.0	    00000000     00000000	   1	[      7]
345   	0     	      9	   NeutSmallDark	    692.0234	   2492.19	    0.0	    00000000     00000000	   1	[      6]
346   	0     	     10	 NeutLargeBright	    694.3477	   2324.22	    0.0	    00000000     00000000	   1	[      7]
347   	0     	     10	 NeutLargeBright	    696.7422	   2394.53	    0.0	    00000000     00000000	   1	[      7]
348   	0     	      9	   NeutSmallDark	    698.9570	   2214.84	    0.0	    00000000     00000000	   1	[      6]
349   	0     	      5	    NegSmallDark	    701.1992	   2242.19	    0.0	    00000000     00000000	   1	[      2]
350   	0     	      7	  NegSmallBright	    703.2227	   2023.44	    0.0	    00000000     00000000	   1	[      4]
351   	0     	      6	  NegLargeBright	    705.4688	   2246.09	    0.0	    00000000     00000000	   1	[      3]
352   	0     	      7	  NegSmallBright	    707.6719	   2203.12	    0.0	    00000000     00000000	   1	[      4]
353   	0     	     10	 NeutLargeBright	    710.0742	   2402.34	    0.0	    00000000     00000000	   1	[      7]
354   	0     	      9	   NeutSmallDark	    712.3203	   2246.09	    0.0	    00000000     00000000	   1	[      6]
355   	0     	     10	 NeutLargeBright	    714.7227	   2402.34	    0.0	    00000000     00000000	   1	[      7]
356   	0     	      7	  NegSmallBright	    716.7773	   2054.69	    0.0	    00000000     00000000	   1	[      4]
357   	0     	      7	  NegSmallBright	    718.9531	   2175.78	    0.0	    00000000     00000000	   1	[      4]
358   	0     	      9	   NeutSmallDark	    721.3359	   2382.81	    0.0	    00000000     00000000	   1	[      6]
359   	0     	     12	     condition12	    723.4805	   2144.53	    0.0	    00000000     00000000	   1	[       ]
360   	0     	      2	      condition2	    723.9570	    476.56	    0.0	    00000000     00000000	   1	[       ]
361   	0     	      6	  NegLargeBright	    725.8242	   1867.19	    0.0	    00000000     00000000	   1	[      3]
362   	0     	      4	    NegLargeDark	    728.0586	   2234.38	    0.0	    00000000     00000000	   1	[      1]
363   	0     	      5	    NegSmallDark	    730.0898	   2031.25	    0.0	    00000000     00000000	   1	[      2]
364   	0     	      9	   NeutSmallDark	    732.3555	   2265.62	    0.0	    00000000     00000000	   1	[      6]
365   	0     	     10	 NeutLargeBright	    734.5391	   2183.59	    0.0	    00000000     00000000	   1	[      7]
366   	0     	      9	   NeutSmallDark	    736.5625	   2023.44	    0.0	    00000000     00000000	   1	[      6]
367   	0     	     12	     condition12	    738.9258	   2363.28	    0.0	    00000000     00000000	   1	[       ]
368   	0     	      2	      condition2	    739.4609	    535.16	    0.0	    00000000     00000000	   1	[       ]
369   	0     	      4	    NegLargeDark	    741.4219	   1960.94	    0.0	    00000000     00000000	   1	[      1]
370   	0     	     14	     condition14	    743.4766	   2054.69	    0.0	    00000000     00000000	   1	[       ]
371   	0     	      2	      condition2	    744.0117	    535.16	    0.0	    00000000     00000000	   1	[       ]
372   	0     	      9	   NeutSmallDark	    745.6094	   1597.66	    0.0	    00000000     00000000	   1	[      6]
373   	0     	      8	   NeutLargeDark	    747.9531	   2343.75	    0.0	    00000000     00000000	   1	[      5]
374   	0     	      5	    NegSmallDark	    750.0352	   2082.03	    0.0	    00000000     00000000	   1	[      2]
375   	0     	      8	   NeutLargeDark	    752.5391	   2503.91	    0.0	    00000000     00000000	   1	[      5]
376   	0     	      5	    NegSmallDark	    754.7461	   2207.03	    0.0	    00000000     00000000	   1	[      2]
377   	0     	      7	  NegSmallBright	    756.9766	   2230.47	    0.0	    00000000     00000000	   1	[      4]
378   	0     	      8	   NeutLargeDark	    759.3242	   2347.66	    0.0	    00000000     00000000	   1	[      5]
379   	0     	      4	    NegLargeDark	    761.5469	   2222.66	    0.0	    00000000     00000000	   1	[      1]
380   	0     	     14	     condition14	    763.9102	   2363.28	    0.0	    00000000     00000000	   1	[       ]
381   	0     	      2	      condition2	    764.6406	    730.47	    0.0	    00000000     00000000	   1	[       ]
382   	0     	     12	     condition12	    765.9531	   1312.50	    0.0	    00000000     00000000	   1	[       ]
383   	0     	      2	      condition2	    766.3984	    445.31	    0.0	    00000000     00000000	   1	[       ]
384   	0     	     10	 NeutLargeBright	    768.3594	   1960.94	    0.0	    00000000     00000000	   1	[      7]
385   	0     	      7	  NegSmallBright	    770.5625	   2203.12	    0.0	    00000000     00000000	   1	[      4]
386   	0     	      6	  NegLargeBright	    772.7578	   2195.31	    0.0	    00000000     00000000	   1	[      3]
387   	0     	      4	    NegLargeDark	    775.1016	   2343.75	    0.0	    00000000     00000000	   1	[      1]
388   	0     	     10	 NeutLargeBright	    777.1445	   2042.97	    0.0	    00000000     00000000	   1	[      7]
389   	0     	     11	 NeutSmallBright	    779.5781	   2433.59	    0.0	    00000000     00000000	   1	[      8]
390   	0     	      5	    NegSmallDark	    782.0117	   2433.59	    0.0	    00000000     00000000	   1	[      2]
391   	0     	     10	 NeutLargeBright	    784.4961	   2484.38	    0.0	    00000000     00000000	   1	[      7]
392   	0     	      9	   NeutSmallDark	    787.0117	   2515.62	    0.0	    00000000     00000000	   1	[      6]
393   	0     	     11	 NeutSmallBright	    789.2539	   2242.19	    0.0	    00000000     00000000	   1	[      8]
394   	0     	      7	  NegSmallBright	    791.5195	   2265.62	    0.0	    00000000     00000000	   1	[      4]
395   	0     	     10	 NeutLargeBright	    794.0039	   2484.38	    0.0	    00000000     00000000	   1	[      7]
396   	0     	      4	    NegLargeDark	    796.4766	   2472.66	    0.0	    00000000     00000000	   1	[      1]
397   	0     	      7	  NegSmallBright	    798.9805	   2503.91	    0.0	    00000000     00000000	   1	[      4]
398   	0     	      6	  NegLargeBright	    801.3164	   2335.94	    0.0	    00000000     00000000	   1	[      3]
399   	0     	      7	  NegSmallBright	    803.6211	   2304.69	    0.0	    00000000     00000000	   1	[      4]
400   	0     	     10	 NeutLargeBright	    805.7930	   2171.88	    0.0	    00000000     00000000	   1	[      7]
401   	0     	    253	              ""	    807.2344	   1441.41	    0.0	    00000000     00000000	   1	[       ]
402   	0     	     11	 NeutSmallBright	    808.2344	   1000.00	    0.0	    00000000     00000000	   1	[      8]
403   	0     	      7	  NegSmallBright	    810.4688	   2234.38	    0.0	    00000000     00000000	   1	[      4]
404   	0     	      6	  NegLargeBright	    812.6914	   2222.66	    0.0	    00000000     00000000	   1	[      3]
405   	0     	     10	 NeutLargeBright	    814.8750	   2183.59	    0.0	    00000000     00000000	   1	[      7]
406   	0     	     12	     condition12	    816.9414	   2066.41	    0.0	    00000000     00000000	   1	[       ]
407   	0     	      2	      condition2	    817.4766	    535.16	    0.0	    00000000     00000000	   1	[       ]
408   	0     	      8	   NeutLargeDark	    819.1836	   1707.03	    0.0	    00000000     00000000	   1	[      5]
409   	0     	      4	    NegLargeDark	    821.7070	   2523.44	    0.0	    00000000     00000000	   1	[      1]
410   	0     	      5	    NegSmallDark	    824.1406	   2433.59	    0.0	    00000000     00000000	   1	[      2]
411   	0     	      8	   NeutLargeDark	    826.2578	   2117.19	    0.0	    00000000     00000000	   1	[      5]
412   	0     	      6	  NegLargeBright	    828.6289	   2371.09	    0.0	    00000000     00000000	   1	[      3]
413   	0     	      4	    NegLargeDark	    830.7656	   2136.72	    0.0	    00000000     00000000	   1	[      1]
414   	0     	      6	  NegLargeBright	    832.8164	   2050.78	    0.0	    00000000     00000000	   1	[      3]
415   	0     	      6	  NegLargeBright	    835.3516	   2535.16	    0.0	    00000000     00000000	   1	[      3]
416   	0     	     13	     condition13	    837.7070	   2355.47	    0.0	    00000000     00000000	   1	[       ]
417   	0     	      2	      condition2	    838.3438	    636.72	    0.0	    00000000     00000000	   1	[       ]
418   	0     	     10	 NeutLargeBright	    840.2422	   1898.44	    0.0	    00000000     00000000	   1	[      7]
419   	0     	      5	    NegSmallDark	    842.6953	   2453.12	    0.0	    00000000     00000000	   1	[      2]
420   	0     	      7	  NegSmallBright	    845.1484	   2453.12	    0.0	    00000000     00000000	   1	[      4]
421   	0     	      9	   NeutSmallDark	    847.6641	   2515.62	    0.0	    00000000     00000000	   1	[      6]
422   	0     	     11	 NeutSmallBright	    849.8672	   2203.12	    0.0	    00000000     00000000	   1	[      8]
423   	0     	      8	   NeutLargeDark	    852.1602	   2292.97	    0.0	    00000000     00000000	   1	[      5]
424   	0     	     12	     condition12	    854.6055	   2445.31	    0.0	    00000000     00000000	   1	[       ]
425   	0     	      2	      condition2	    855.0781	    472.66	    0.0	    00000000     00000000	   1	[       ]
426   	0     	     11	 NeutSmallBright	    856.7109	   1632.81	    0.0	    00000000     00000000	   1	[      8]
427   	0     	     10	 NeutLargeBright	    858.8438	   2132.81	    0.0	    00000000     00000000	   1	[      7]
428   	0     	      5	    NegSmallDark	    860.9570	   2113.28	    0.0	    00000000     00000000	   1	[      2]
429   	0     	      5	    NegSmallDark	    863.3320	   2375.00	    0.0	    00000000     00000000	   1	[      2]
430   	0     	      9	   NeutSmallDark	    865.4453	   2113.28	    0.0	    00000000     00000000	   1	[      6]
431   	0     	      8	   NeutLargeDark	    867.5000	   2054.69	    0.0	    00000000     00000000	   1	[      5]
432   	0     	      4	    NegLargeDark	    869.9023	   2402.34	    0.0	    00000000     00000000	   1	[      1]
433   	0     	      9	   NeutSmallDark	    872.3086	   2406.25	    0.0	    00000000     00000000	   1	[      6]
434   	0     	     11	 NeutSmallBright	    874.8203	   2511.72	    0.0	    00000000     00000000	   1	[      8]
435   	0     	     10	 NeutLargeBright	    877.1055	   2285.16	    0.0	    00000000     00000000	   1	[      7]
436   	0     	     13	     condition13	    879.3477	   2242.19	    0.0	    00000000     00000000	   1	[       ]
437   	0     	      2	      condition2	    879.9062	    558.59	    0.0	    00000000     00000000	   1	[       ]
438   	0     	      6	  NegLargeBright	    881.8633	   1957.03	    0.0	    00000000     00000000	   1	[      3]
439   	0     	      7	  NegSmallBright	    884.0391	   2175.78	    0.0	    00000000     00000000	   1	[      4]
440   	0     	     15	     condition15	    886.1016	   2062.50	    0.0	    00000000     00000000	   1	[       ]
441   	0     	      2	      condition2	    886.6484	    546.88	    0.0	    00000000     00000000	   1	[       ]
442   	0     	     15	     condition15	    888.5352	   1886.72	    0.0	    00000000     00000000	   1	[       ]
443   	0     	      2	      condition2	    889.3984	    863.28	    0.0	    00000000     00000000	   1	[       ]
444   	0     	      7	  NegSmallBright	    890.7109	   1312.50	    0.0	    00000000     00000000	   1	[      4]
445   	0     	     11	 NeutSmallBright	    893.0547	   2343.75	    0.0	    00000000     00000000	   1	[      8]
446   	0     	     13	     condition13	    895.0859	   2031.25	    0.0	    00000000     00000000	   1	[       ]
447   	0     	      2	      condition2	    895.5508	    464.84	    0.0	    00000000     00000000	   1	[       ]
448   	0     	      7	  NegSmallBright	    897.4609	   1910.16	    0.0	    00000000     00000000	   1	[      4]
449   	0     	      8	   NeutLargeDark	    899.8750	   2414.06	    0.0	    00000000     00000000	   1	[      5]
450   	0     	      4	    NegLargeDark	    902.0898	   2214.84	    0.0	    00000000     00000000	   1	[      1]
451   	0     	      8	   NeutLargeDark	    904.1719	   2082.03	    0.0	    00000000     00000000	   1	[      5]
452   	0     	     11	 NeutSmallBright	    906.3789	   2207.03	    0.0	    00000000     00000000	   1	[      8]
453   	0     	      4	    NegLargeDark	    908.6797	   2300.78	    0.0	    00000000     00000000	   1	[      1]
454   	0     	      5	    NegSmallDark	    911.1562	   2476.56	    0.0	    00000000     00000000	   1	[      2]
455   	0     	     10	 NeutLargeBright	    913.4492	   2292.97	    0.0	    00000000     00000000	   1	[      7]
456   	0     	      8	   NeutLargeDark	    915.8750	   2425.78	    0.0	    00000000     00000000	   1	[      5]
457   	0     	      5	    NegSmallDark	    918.2969	   2421.88	    0.0	    00000000     00000000	   1	[      2]
458   	0     	      7	  NegSmallBright	    920.4531	   2156.25	    0.0	    00000000     00000000	   1	[      4]
459   	0     	     13	     condition13	    922.5039	   2050.78	    0.0	    00000000     00000000	   1	[       ]
460   	0     	      2	      condition2	    923.0430	    539.06	    0.0	    00000000     00000000	   1	[       ]
461   	0     	      8	   NeutLargeDark	    924.5898	   1546.88	    0.0	    00000000     00000000	   1	[      5]
462   	0     	      9	   NeutSmallDark	    926.9844	   2394.53	    0.0	    00000000     00000000	   1	[      6]
463   	0     	      6	  NegLargeBright	    929.0977	   2113.28	    0.0	    00000000     00000000	   1	[      3]
464   	0     	     11	 NeutSmallBright	    931.5430	   2445.31	    0.0	    00000000     00000000	   1	[      8]
465   	0     	     11	 NeutSmallBright	    934.0547	   2511.72	    0.0	    00000000     00000000	   1	[      8]
466   	0     	     11	 NeutSmallBright	    936.3789	   2324.22	    0.0	    00000000     00000000	   1	[      8]
467   	0     	      4	    NegLargeDark	    938.7344	   2355.47	    0.0	    00000000     00000000	   1	[      1]
468   	0     	     15	     condition15	    941.0898	   2355.47	    0.0	    00000000     00000000	   1	[       ]
469   	0     	      2	      condition2	    941.7188	    628.91	    0.0	    00000000     00000000	   1	[       ]
470   	0     	      4	    NegLargeDark	    943.5820	   1863.28	    0.0	    00000000     00000000	   1	[      1]
471   	0     	     11	 NeutSmallBright	    945.8945	   2312.50	    0.0	    00000000     00000000	   1	[      8]
472   	0     	      5	    NegSmallDark	    948.3398	   2445.31	    0.0	    00000000     00000000	   1	[      2]
473   	0     	      4	    NegLargeDark	    950.4531	   2113.28	    0.0	    00000000     00000000	   1	[      1]
474   	0     	     10	 NeutLargeBright	    952.9688	   2515.62	    0.0	    00000000     00000000	   1	[      7]
475   	0     	     14	     condition14	    955.0117	   2042.97	    0.0	    00000000     00000000	   1	[       ]
476   	0     	      2	      condition2	    955.6289	    617.19	    0.0	    00000000     00000000	   1	[       ]
477   	0     	      6	  NegLargeBright	    957.5273	   1898.44	    0.0	    00000000     00000000	   1	[      3]
478   	0     	     13	     condition13	    959.6289	   2101.56	    0.0	    00000000     00000000	   1	[       ]
479   	0     	      2	      condition2	    960.1406	    511.72	    0.0	    00000000     00000000	   1	[       ]
480   	0     	      9	   NeutSmallDark	    961.7852	   1644.53	    0.0	    00000000     00000000	   1	[      6]
481   	0     	     14	     condition14	    964.2188	   2433.59	    0.0	    00000000     00000000	   1	[       ]
482   	0     	      2	      condition2	    964.6992	    480.47	    0.0	    00000000     00000000	   1	[       ]
483   	0     	      7	  NegSmallBright	    966.6445	   1945.31	    0.0	    00000000     00000000	   1	[      4]
484   	0     	    253	              ""	    969.7656	   3121.09	    0.0	    00000000     00000000	   1	[       ]
485   	0     	     10	 NeutLargeBright	    970.7695	   1003.91	    0.0	    00000000     00000000	   1	[      7]
486   	0     	      5	    NegSmallDark	    973.0859	   2316.41	    0.0	    00000000     00000000	   1	[      2]
487   	0     	      4	    NegLargeDark	    975.5586	   2472.66	    0.0	    00000000     00000000	   1	[      1]
488   	0     	      7	  NegSmallBright	    977.7930	   2234.38	    0.0	    00000000     00000000	   1	[      4]
489   	0     	      5	    NegSmallDark	    979.8555	   2062.50	    0.0	    00000000     00000000	   1	[      2]
490   	0     	     10	 NeutLargeBright	    981.9688	   2113.28	    0.0	    00000000     00000000	   1	[      7]
491   	0     	     11	 NeutSmallBright	    984.3047	   2335.94	    0.0	    00000000     00000000	   1	[      8]
492   	0     	     14	     condition14	    986.4570	   2152.34	    0.0	    00000000     00000000	   1	[       ]
493   	0     	      2	      condition2	    986.9609	    503.91	    0.0	    00000000     00000000	   1	[       ]
494   	0     	     12	     condition12	    988.6523	   1691.41	    0.0	    00000000     00000000	   1	[       ]
495   	0     	      2	      condition2	    989.0977	    445.31	    0.0	    00000000     00000000	   1	[       ]
496   	0     	     11	 NeutSmallBright	    990.8359	   1738.28	    0.0	    00000000     00000000	   1	[      8]
497   	0     	     10	 NeutLargeBright	    993.3281	   2492.19	    0.0	    00000000     00000000	   1	[      7]
498   	0     	     14	     condition14	    995.6641	   2335.94	    0.0	    00000000     00000000	   1	[       ]
499   	0     	      2	      condition2	    996.1992	    535.16	    0.0	    00000000     00000000	   1	[       ]
500   	0     	      6	  NegLargeBright	    997.7461	   1546.88	    0.0	    00000000     00000000	   1	[      3]
501   	0     	      6	  NegLargeBright	   1000.1836	   2437.50	    0.0	    00000000     00000000	   1	[      3]
502   	0     	      7	  NegSmallBright	   1002.4766	   2292.97	    0.0	    00000000     00000000	   1	[      4]
503   	0     	      6	  NegLargeBright	   1004.6992	   2222.66	    0.0	    00000000     00000000	   1	[      3]
504   	0     	     10	 NeutLargeBright	   1006.9023	   2203.12	    0.0	    00000000     00000000	   1	[      7]
505   	0     	      6	  NegLargeBright	   1009.3281	   2425.78	    0.0	    00000000     00000000	   1	[      3]
506   	0     	     10	 NeutLargeBright	   1011.4023	   2074.22	    0.0	    00000000     00000000	   1	[      7]
507   	0     	      5	    NegSmallDark	   1013.8945	   2492.19	    0.0	    00000000     00000000	   1	[      2]
508   	0     	     11	 NeutSmallBright	   1016.1484	   2253.91	    0.0	    00000000     00000000	   1	[      8]
509   	0     	      4	    NegLargeDark	   1018.4961	   2347.66	    0.0	    00000000     00000000	   1	[      1]
510   	0     	      7	  NegSmallBright	   1020.9180	   2421.88	    0.0	    00000000     00000000	   1	[      4]
511   	0     	     10	 NeutLargeBright	   1023.1836	   2265.62	    0.0	    00000000     00000000	   1	[      7]
512   	0     	     10	 NeutLargeBright	   1025.6680	   2484.38	    0.0	    00000000     00000000	   1	[      7]
513   	0     	      6	  NegLargeBright	   1028.0430	   2375.00	    0.0	    00000000     00000000	   1	[      3]
514   	0     	      4	    NegLargeDark	   1030.1953	   2152.34	    0.0	    00000000     00000000	   1	[      1]
515   	0     	      6	  NegLargeBright	   1032.7109	   2515.62	    0.0	    00000000     00000000	   1	[      3]
516   	0     	      8	   NeutLargeDark	   1035.1953	   2484.38	    0.0	    00000000     00000000	   1	[      5]
517   	0     	     15	     condition15	   1037.6562	   2460.94	    0.0	    00000000     00000000	   1	[       ]
518   	0     	      2	      condition2	   1038.3828	    726.56	    0.0	    00000000     00000000	   1	[       ]
519   	0     	      8	   NeutLargeDark	   1039.9219	   1539.06	    0.0	    00000000     00000000	   1	[      5]
520   	0     	      7	  NegSmallBright	   1042.2656	   2343.75	    0.0	    00000000     00000000	   1	[      4]
521   	0     	      8	   NeutLargeDark	   1044.7305	   2464.84	    0.0	    00000000     00000000	   1	[      5]
522   	0     	      5	    NegSmallDark	   1047.1758	   2445.31	    0.0	    00000000     00000000	   1	[      2]
523   	0     	      5	    NegSmallDark	   1049.4883	   2312.50	    0.0	    00000000     00000000	   1	[      2]
524   	0     	      6	  NegLargeBright	   1051.6016	   2113.28	    0.0	    00000000     00000000	   1	[      3]
525   	0     	      6	  NegLargeBright	   1054.0469	   2445.31	    0.0	    00000000     00000000	   1	[      3]
526   	0     	      8	   NeutLargeDark	   1056.2812	   2234.38	    0.0	    00000000     00000000	   1	[      5]
527   	0     	     11	 NeutSmallBright	   1058.6758	   2394.53	    0.0	    00000000     00000000	   1	[      8]
528   	0     	      9	   NeutSmallDark	   1060.7969	   2121.09	    0.0	    00000000     00000000	   1	[      6]
529   	0     	      9	   NeutSmallDark	   1063.1328	   2335.94	    0.0	    00000000     00000000	   1	[      6]
530   	0     	      4	    NegLargeDark	   1065.1953	   2062.50	    0.0	    00000000     00000000	   1	[      1]
531   	0     	     13	     condition13	   1067.3789	   2183.59	    0.0	    00000000     00000000	   1	[       ]
532   	0     	      2	      condition2	   1067.9062	    527.34	    0.0	    00000000     00000000	   1	[       ]
533   	0     	     11	 NeutSmallBright	   1069.4023	   1496.09	    0.0	    00000000     00000000	   1	[      8]
534   	0     	      4	    NegLargeDark	   1071.4688	   2066.41	    0.0	    00000000     00000000	   1	[      1]
535   	0     	     11	 NeutSmallBright	   1073.6094	   2140.62	    0.0	    00000000     00000000	   1	[      8]
536   	0     	      9	   NeutSmallDark	   1075.7969	   2187.50	    0.0	    00000000     00000000	   1	[      6]
537   	0     	      5	    NegSmallDark	   1078.2109	   2414.06	    0.0	    00000000     00000000	   1	[      2]
538   	0     	     11	 NeutSmallBright	   1080.2539	   2042.97	    0.0	    00000000     00000000	   1	[      8]
539   	0     	      8	   NeutLargeDark	   1082.7070	   2453.12	    0.0	    00000000     00000000	   1	[      5]
540   	0     	      8	   NeutLargeDark	   1084.8711	   2164.06	    0.0	    00000000     00000000	   1	[      5]
541   	0     	      6	  NegLargeBright	   1087.1055	   2234.38	    0.0	    00000000     00000000	   1	[      3]
542   	0     	      4	    NegLargeDark	   1089.1484	   2042.97	    0.0	    00000000     00000000	   1	[      1]
543   	0     	     12	     condition12	   1091.6719	   2523.44	    0.0	    00000000     00000000	   1	[       ]
544   	0     	      2	      condition2	   1092.1914	    519.53	    0.0	    00000000     00000000	   1	[       ]
545   	0     	      6	  NegLargeBright	   1094.1367	   1945.31	    0.0	    00000000     00000000	   1	[      3]
546   	0     	     11	 NeutSmallBright	   1096.5195	   2382.81	    0.0	    00000000     00000000	   1	[      8]
547   	0     	     14	     condition14	   1098.7070	   2187.50	    0.0	    00000000     00000000	   1	[       ]
548   	0     	      2	      condition2	   1099.2695	    562.50	    0.0	    00000000     00000000	   1	[       ]
549   	0     	      4	    NegLargeDark	   1101.0195	   1750.00	    0.0	    00000000     00000000	   1	[      1]
550   	0     	      4	    NegLargeDark	   1103.4023	   2382.81	    0.0	    00000000     00000000	   1	[      1]
551   	0     	      7	  NegSmallBright	   1105.6562	   2253.91	    0.0	    00000000     00000000	   1	[      4]
552   	0     	     15	     condition15	   1108.0430	   2386.72	    0.0	    00000000     00000000	   1	[       ]
553   	0     	      2	      condition2	   1108.5703	    527.34	    0.0	    00000000     00000000	   1	[       ]
554   	0     	     10	 NeutLargeBright	   1110.2070	   1636.72	    0.0	    00000000     00000000	   1	[      7]
555   	0     	      5	    NegSmallDark	   1112.6914	   2484.38	    0.0	    00000000     00000000	   1	[      2]
556   	0     	      9	   NeutSmallDark	   1114.8320	   2140.62	    0.0	    00000000     00000000	   1	[      6]
557   	0     	     14	     condition14	   1116.9961	   2164.06	    0.0	    00000000     00000000	   1	[       ]
558   	0     	      2	      condition2	   1117.7852	    789.06	    0.0	    00000000     00000000	   1	[       ]
559   	0     	      4	    NegLargeDark	   1119.1523	   1367.19	    0.0	    00000000     00000000	   1	[      1]
560   	0     	      8	   NeutLargeDark	   1121.2148	   2062.50	    0.0	    00000000     00000000	   1	[      5]
561   	0     	     11	 NeutSmallBright	   1123.2773	   2062.50	    0.0	    00000000     00000000	   1	[      8]
562   	0     	     11	 NeutSmallBright	   1125.6836	   2406.25	    0.0	    00000000     00000000	   1	[      8]
563   	0     	     14	     condition14	   1127.7344	   2050.78	    0.0	    00000000     00000000	   1	[       ]
564   	0     	      2	      condition2	   1128.2734	    539.06	    0.0	    00000000     00000000	   1	[       ]
565   	0     	      9	   NeutSmallDark	   1130.1367	   1863.28	    0.0	    00000000     00000000	   1	[      6]
566   	0     	     12	     condition12	   1132.2539	   2117.19	    0.0	    00000000     00000000	   1	[       ]
567   	0     	      2	      condition2	   1132.8516	    597.66	    0.0	    00000000     00000000	   1	[       ]
568   	0     	      6	  NegLargeBright	   1134.3867	   1535.16	    0.0	    00000000     00000000	   1	[      3]
569   	0     	      8	   NeutLargeDark	   1136.9023	   2515.62	    0.0	    00000000     00000000	   1	[      5]
570   	0     	     10	 NeutLargeBright	   1139.0156	   2113.28	    0.0	    00000000     00000000	   1	[      7]
571   	0     	     15	     condition15	   1141.2578	   2242.19	    0.0	    00000000     00000000	   1	[       ]
572   	0     	      2	      condition2	   1141.8047	    546.88	    0.0	    00000000     00000000	   1	[       ]
573   	0     	      9	   NeutSmallDark	   1143.5703	   1765.62	    0.0	    00000000     00000000	   1	[      6]
574   	0     	      8	   NeutLargeDark	   1145.8750	   2304.69	    0.0	    00000000     00000000	   1	[      5]
575   	0     	      7	  NegSmallBright	   1147.9180	   2042.97	    0.0	    00000000     00000000	   1	[      4]
576   	0     	      5	    NegSmallDark	   1150.3945	   2476.56	    0.0	    00000000     00000000	   1	[      2]
577   	0     	      7	  NegSmallBright	   1152.8398	   2445.31	    0.0	    00000000     00000000	   1	[      4]
578   	0     	     10	 NeutLargeBright	   1155.2539	   2414.06	    0.0	    00000000     00000000	   1	[      7]
579   	0     	      4	    NegLargeDark	   1157.5156	   2261.72	    0.0	    00000000     00000000	   1	[      1]
580   	0     	      6	  NegLargeBright	   1159.7422	   2226.56	    0.0	    00000000     00000000	   1	[      3]
581   	0     	      5	    NegSmallDark	   1162.1836	   2441.41	    0.0	    00000000     00000000	   1	[      2]
582   	0     	      6	  NegLargeBright	   1164.6602	   2476.56	    0.0	    00000000     00000000	   1	[      3]
583   	0     	      6	  NegLargeBright	   1166.7422	   2082.03	    0.0	    00000000     00000000	   1	[      3]
584   	0     	     15	     condition15	   1169.1484	   2406.25	    0.0	    00000000     00000000	   1	[       ]
585   	0     	      2	      condition2	   1169.7891	    640.62	    0.0	    00000000     00000000	   1	[       ]
586   	0     	      7	  NegSmallBright	   1171.1914	   1402.34	    0.0	    00000000     00000000	   1	[      4]
587   	0     	      9	   NeutSmallDark	   1173.5352	   2343.75	    0.0	    00000000     00000000	   1	[      6]
588   	0     	      8	   NeutLargeDark	   1176.0195	   2484.38	    0.0	    00000000     00000000	   1	[      5]
589   	0     	      8	   NeutLargeDark	   1178.1523	   2132.81	    0.0	    00000000     00000000	   1	[      5]
590   	0     	      9	   NeutSmallDark	   1180.2070	   2054.69	    0.0	    00000000     00000000	   1	[      6]
591   	0     	      4	    NegLargeDark	   1182.3711	   2164.06	    0.0	    00000000     00000000	   1	[      1]
592   	0     	      7	  NegSmallBright	   1184.4258	   2054.69	    0.0	    00000000     00000000	   1	[      4]
593   	0     	     12	     condition12	   1186.5078	   2082.03	    0.0	    00000000     00000000	   1	[       ]
594   	0     	      2	      condition2	   1187.1953	    687.50	    0.0	    00000000     00000000	   1	[       ]
595   	0     	     10	 NeutLargeBright	   1188.8906	   1695.31	    0.0	    00000000     00000000	   1	[      7]
596   	0     	      4	    NegLargeDark	   1190.9336	   2042.97	    0.0	    00000000     00000000	   1	[      1]
597   	0     	      4	    NegLargeDark	   1193.1211	   2187.50	    0.0	    00000000     00000000	   1	[      1]
598   	0     	     12	     condition12	   1195.5820	   2460.94	    0.0	    00000000     00000000	   1	[       ]
599   	0     	      2	      condition2	   1196.0273	    445.31	    0.0	    00000000     00000000	   1	[       ]
600   	0     	      9	   NeutSmallDark	   1197.6953	   1667.97	    0.0	    00000000     00000000	   1	[      6]
601   	0     	     12	     condition12	   1200.0312	   2335.94	    0.0	    00000000     00000000	   1	[       ]
602   	0     	      2	      condition2	   1200.5781	    546.88	    0.0	    00000000     00000000	   1	[       ]
603   	0     	      5	    NegSmallDark	   1202.3555	   1777.34	    0.0	    00000000     00000000	   1	[      2]
604   	0     	      9	   NeutSmallDark	   1204.3789	   2023.44	    0.0	    00000000     00000000	   1	[      6]
605   	0     	      5	    NegSmallDark	   1206.5742	   2195.31	    0.0	    00000000     00000000	   1	[      2]
606   	0     	     10	 NeutLargeBright	   1208.8281	   2253.91	    0.0	    00000000     00000000	   1	[      7]
607   	0     	     11	 NeutSmallBright	   1210.9609	   2132.81	    0.0	    00000000     00000000	   1	[      8]
608   	0     	      5	    NegSmallDark	   1213.1055	   2144.53	    0.0	    00000000     00000000	   1	[      2]
609   	0     	     15	     condition15	   1215.6094	   2503.91	    0.0	    00000000     00000000	   1	[       ]
610   	0     	      2	      condition2	   1216.2461	    636.72	    0.0	    00000000     00000000	   1	[       ]
611   	0     	      6	  NegLargeBright	   1217.8438	   1597.66	    0.0	    00000000     00000000	   1	[      3]
612   	0     	      6	  NegLargeBright	   1220.3359	   2492.19	    0.0	    00000000     00000000	   1	[      3]
613   	0     	      9	   NeutSmallDark	   1222.4219	   2085.94	    0.0	    00000000     00000000	   1	[      6]
614   	0     	      9	   NeutSmallDark	   1224.9336	   2511.72	    0.0	    00000000     00000000	   1	[      6]
615   	0     	      6	  NegLargeBright	   1227.3398	   2406.25	    0.0	    00000000     00000000	   1	[      3]
616   	0     	     13	     condition13	   1229.7148	   2375.00	    0.0	    00000000     00000000	   1	[       ]
617   	0     	      2	      condition2	   1230.2539	    539.06	    0.0	    00000000     00000000	   1	[       ]
618   	0     	      9	   NeutSmallDark	   1232.0273	   1773.44	    0.0	    00000000     00000000	   1	[      6]
619   	0     	      8	   NeutLargeDark	   1234.4023	   2375.00	    0.0	    00000000     00000000	   1	[      5]
620   	0     	     10	 NeutLargeBright	   1236.8242	   2421.88	    0.0	    00000000     00000000	   1	[      7]
621   	0     	      9	   NeutSmallDark	   1238.9688	   2144.53	    0.0	    00000000     00000000	   1	[      6]
622   	0     	     10	 NeutLargeBright	   1241.4453	   2476.56	    0.0	    00000000     00000000	   1	[      7]
623   	0     	      7	  NegSmallBright	   1243.7773	   2332.03	    0.0	    00000000     00000000	   1	[      4]
624   	0     	     15	     condition15	   1245.9531	   2175.78	    0.0	    00000000     00000000	   1	[       ]
625   	0     	      2	      condition2	   1246.6836	    730.47	    0.0	    00000000     00000000	   1	[       ]
626   	0     	      6	  NegLargeBright	   1248.3945	   1710.94	    0.0	    00000000     00000000	   1	[      3]
627   	0     	      5	    NegSmallDark	   1250.8516	   2457.03	    0.0	    00000000     00000000	   1	[      2]
628   	0     	      5	    NegSmallDark	   1253.3164	   2464.84	    0.0	    00000000     00000000	   1	[      2]
629   	0     	      8	   NeutLargeDark	   1255.4492	   2132.81	    0.0	    00000000     00000000	   1	[      5]
630   	0     	      4	    NegLargeDark	   1257.6836	   2234.38	    0.0	    00000000     00000000	   1	[      1]
631   	0     	     10	 NeutLargeBright	   1260.1250	   2441.41	    0.0	    00000000     00000000	   1	[      7]
632   	0     	     14	     condition14	   1262.5703	   2445.31	    0.0	    00000000     00000000	   1	[       ]
633   	0     	      2	      condition2	   1263.1289	    558.59	    0.0	    00000000     00000000	   1	[       ]
634   	0     	      4	    NegLargeDark	   1264.7539	   1625.00	    0.0	    00000000     00000000	   1	[      1]
635   	0     	      8	   NeutLargeDark	   1266.9297	   2175.78	    0.0	    00000000     00000000	   1	[      5]
636   	0     	      7	  NegSmallBright	   1269.3633	   2433.59	    0.0	    00000000     00000000	   1	[      4]
637   	0     	     11	 NeutSmallBright	   1271.4180	   2054.69	    0.0	    00000000     00000000	   1	[      8]
