#  Non-editable header begin --------------------------------------------------------------------------------
# 
#  data format...............: continuous
#  setname...................: BDF file
#  filename..................: none_specified
#  filepath..................: none_specified
#  nchan.....................: 64
#  pnts......................: 329984
#  srate.....................: 256
#  nevents...................: 654
#  generated by (bdf)........: 
#  generated by (set)........: BDF file
#  reported in ..............: 
#  prog Version..............: 8.02
#  creation date.............: 18-Nov-2020 17:40:20
#  user Account..............: 
# 
#  Non-editable header end --------------------------------------------------------------------------------

	bin 1,	# 60,	NegLargeDark
	bin 2,	# 60,	NegSmallDark
	bin 3,	# 60,	NegLargeBright
	bin 4,	# 60,	NegSmallBright
	bin 5,	# 60,	NeutLargeDark
	bin 6,	# 60,	NeutSmallDark
	bin 7,	# 60,	NeutLargeBright
	bin 8,	# 60,	NeutSmallBright



# item	 bepoch	  ecode	            label	      onset	          diff	     dura	b_flags	   a_flags	  enable	    bin
#                                                 (sec)           (msec)     (msec)    (binary)   (binary)


1     	0     	      8	   NeutLargeDark	      1.1211	      0.00	    0.0	    00000000     00000000	   1	[      5]
2     	0     	     12	     condition12	      3.4766	   2355.47	    0.0	    00000000     00000000	   1	[       ]
3     	0     	      2	      condition2	      4.0664	    589.84	    0.0	    00000000     00000000	   1	[       ]
4     	0     	      5	    NegSmallDark	      5.6602	   1593.75	    0.0	    00000000     00000000	   1	[      2]
5     	0     	     12	     condition12	      7.7031	   2042.97	    0.0	    00000000     00000000	   1	[       ]
6     	0     	      2	      condition2	      8.1680	    464.84	    0.0	    00000000     00000000	   1	[       ]
7     	0     	     11	 NeutSmallBright	      9.7773	   1609.38	    0.0	    00000000     00000000	   1	[      8]
8     	0     	      8	   NeutLargeDark	     12.0117	   2234.38	    0.0	    00000000     00000000	   1	[      5]
9     	0     	      6	  NegLargeBright	     14.3359	   2324.22	    0.0	    00000000     00000000	   1	[      3]
10    	0     	     11	 NeutSmallBright	     16.6016	   2265.62	    0.0	    00000000     00000000	   1	[      8]
11    	0     	      4	    NegLargeDark	     19.0547	   2453.12	    0.0	    00000000     00000000	   1	[      1]
12    	0     	     10	 NeutLargeBright	     21.5469	   2492.19	    0.0	    00000000     00000000	   1	[      7]
13    	0     	      9	   NeutSmallDark	     24.0039	   2457.03	    0.0	    00000000     00000000	   1	[      6]
14    	0     	      9	   NeutSmallDark	     26.4062	   2402.34	    0.0	    00000000     00000000	   1	[      6]
15    	0     	     15	     condition15	     28.5117	   2105.47	    0.0	    00000000     00000000	   1	[       ]
16    	0     	      2	      condition2	     29.0625	    550.78	    0.0	    00000000     00000000	   1	[       ]
17    	0     	      9	   NeutSmallDark	     30.9141	   1851.56	    0.0	    00000000     00000000	   1	[      6]
18    	0     	      8	   NeutLargeDark	     33.4414	   2527.34	    0.0	    00000000     00000000	   1	[      5]
19    	0     	      7	  NegSmallBright	     35.6523	   2210.94	    0.0	    00000000     00000000	   1	[      4]
20    	0     	      7	  NegSmallBright	     37.9766	   2324.22	    0.0	    00000000     00000000	   1	[      4]
21    	0     	      6	  NegLargeBright	     40.3398	   2363.28	    0.0	    00000000     00000000	   1	[      3]
22    	0     	      6	  NegLargeBright	     42.7148	   2375.00	    0.0	    00000000     00000000	   1	[      3]
23    	0     	      6	  NegLargeBright	     44.8594	   2144.53	    0.0	    00000000     00000000	   1	[      3]
24    	0     	     12	     condition12	     47.1328	   2273.44	    0.0	    00000000     00000000	   1	[       ]
25    	0     	      2	      condition2	     47.5234	    390.62	    0.0	    00000000     00000000	   1	[       ]
26    	0     	      4	    NegLargeDark	     49.4492	   1925.78	    0.0	    00000000     00000000	   1	[      1]
27    	0     	      4	    NegLargeDark	     51.5312	   2082.03	    0.0	    00000000     00000000	   1	[      1]
28    	0     	      4	    NegLargeDark	     53.7461	   2214.84	    0.0	    00000000     00000000	   1	[      1]
29    	0     	      4	    NegLargeDark	     55.7773	   2031.25	    0.0	    00000000     00000000	   1	[      1]
30    	0     	      6	  NegLargeBright	     58.3125	   2535.16	    0.0	    00000000     00000000	   1	[      3]
31    	0     	      9	   NeutSmallDark	     60.3359	   2023.44	    0.0	    00000000     00000000	   1	[      6]
32    	0     	     13	     condition13	     62.4297	   2093.75	    0.0	    00000000     00000000	   1	[       ]
33    	0     	      2	      condition2	     63.1680	    738.28	    0.0	    00000000     00000000	   1	[       ]
34    	0     	      8	   NeutLargeDark	     64.6758	   1507.81	    0.0	    00000000     00000000	   1	[      5]
35    	0     	     11	 NeutSmallBright	     67.1094	   2433.59	    0.0	    00000000     00000000	   1	[      8]
36    	0     	      6	  NegLargeBright	     69.2109	   2101.56	    0.0	    00000000     00000000	   1	[      3]
37    	0     	     10	 NeutLargeBright	     71.7070	   2496.09	    0.0	    00000000     00000000	   1	[      7]
38    	0     	      9	   NeutSmallDark	     73.8008	   2093.75	    0.0	    00000000     00000000	   1	[      6]
39    	0     	     11	 NeutSmallBright	     76.0156	   2214.84	    0.0	    00000000     00000000	   1	[      8]
40    	0     	      4	    NegLargeDark	     78.1094	   2093.75	    0.0	    00000000     00000000	   1	[      1]
41    	0     	      4	    NegLargeDark	     80.2227	   2113.28	    0.0	    00000000     00000000	   1	[      1]
42    	0     	     11	 NeutSmallBright	     82.3047	   2082.03	    0.0	    00000000     00000000	   1	[      8]
43    	0     	     12	     condition12	     84.6602	   2355.47	    0.0	    00000000     00000000	   1	[       ]
44    	0     	      2	      condition2	     85.0039	    343.75	    0.0	    00000000     00000000	   1	[       ]
45    	0     	      8	   NeutLargeDark	     86.7344	   1730.47	    0.0	    00000000     00000000	   1	[      5]
46    	0     	      4	    NegLargeDark	     88.8477	   2113.28	    0.0	    00000000     00000000	   1	[      1]
47    	0     	      6	  NegLargeBright	     91.1094	   2261.72	    0.0	    00000000     00000000	   1	[      3]
48    	0     	     11	 NeutSmallBright	     93.5938	   2484.38	    0.0	    00000000     00000000	   1	[      8]
49    	0     	      4	    NegLargeDark	     95.7305	   2136.72	    0.0	    00000000     00000000	   1	[      1]
50    	0     	      6	  NegLargeBright	     98.0117	   2281.25	    0.0	    00000000     00000000	   1	[      3]
51    	0     	      8	   NeutLargeDark	    100.4062	   2394.53	    0.0	    00000000     00000000	   1	[      5]
52    	0     	      6	  NegLargeBright	    102.6016	   2195.31	    0.0	    00000000     00000000	   1	[      3]
53    	0     	     13	     condition13	    104.7656	   2164.06	    0.0	    00000000     00000000	   1	[       ]
54    	0     	      2	      condition2	    105.2109	    445.31	    0.0	    00000000     00000000	   1	[       ]
55    	0     	     11	 NeutSmallBright	    107.1289	   1917.97	    0.0	    00000000     00000000	   1	[      8]
56    	0     	     11	 NeutSmallBright	    109.4844	   2355.47	    0.0	    00000000     00000000	   1	[      8]
57    	0     	      5	    NegSmallDark	    111.7891	   2304.69	    0.0	    00000000     00000000	   1	[      2]
58    	0     	      7	  NegSmallBright	    114.2305	   2441.41	    0.0	    00000000     00000000	   1	[      4]
59    	0     	     10	 NeutLargeBright	    116.5938	   2363.28	    0.0	    00000000     00000000	   1	[      7]
60    	0     	     15	     condition15	    118.9492	   2355.47	    0.0	    00000000     00000000	   1	[       ]
61    	0     	      2	      condition2	    119.5430	    593.75	    0.0	    00000000     00000000	   1	[       ]
62    	0     	      8	   NeutLargeDark	    121.4258	   1882.81	    0.0	    00000000     00000000	   1	[      5]
63    	0     	      5	    NegSmallDark	    123.8164	   2390.62	    0.0	    00000000     00000000	   1	[      2]
64    	0     	      8	   NeutLargeDark	    126.1016	   2285.16	    0.0	    00000000     00000000	   1	[      5]
65    	0     	      2	      condition2	    126.4297	    328.12	    0.0	    00000000     00000000	   1	[       ]
66    	0     	      8	   NeutLargeDark	    128.1562	   1726.56	    0.0	    00000000     00000000	   1	[      5]
67    	0     	      9	   NeutSmallDark	    130.4883	   2332.03	    0.0	    00000000     00000000	   1	[      6]
68    	0     	     11	 NeutSmallBright	    132.9531	   2464.84	    0.0	    00000000     00000000	   1	[      8]
69    	0     	      2	      condition2	    133.5469	    593.75	    0.0	    00000000     00000000	   1	[       ]
70    	0     	      7	  NegSmallBright	    135.1289	   1582.03	    0.0	    00000000     00000000	   1	[      4]
71    	0     	      8	   NeutLargeDark	    137.2422	   2113.28	    0.0	    00000000     00000000	   1	[      5]
72    	0     	      9	   NeutSmallDark	    139.5469	   2304.69	    0.0	    00000000     00000000	   1	[      6]
73    	0     	     11	 NeutSmallBright	    141.7617	   2214.84	    0.0	    00000000     00000000	   1	[      8]
74    	0     	      5	    NegSmallDark	    143.7930	   2031.25	    0.0	    00000000     00000000	   1	[      2]
75    	0     	      9	   NeutSmallDark	    146.1992	   2406.25	    0.0	    00000000     00000000	   1	[      6]
76    	0     	      9	   NeutSmallDark	    148.5312	   2332.03	    0.0	    00000000     00000000	   1	[      6]
77    	0     	      5	    NegSmallDark	    150.8477	   2316.41	    0.0	    00000000     00000000	   1	[      2]
78    	0     	     11	 NeutSmallBright	    153.2305	   2382.81	    0.0	    00000000     00000000	   1	[      8]
79    	0     	     10	 NeutLargeBright	    155.6328	   2402.34	    0.0	    00000000     00000000	   1	[      7]
80    	0     	     11	 NeutSmallBright	    157.7461	   2113.28	    0.0	    00000000     00000000	   1	[      8]
81    	0     	    253	              ""	    159.3125	   1566.41	    0.0	    00000000     00000000	   1	[       ]
82    	0     	      9	   NeutSmallDark	    160.3086	    996.09	    0.0	    00000000     00000000	   1	[      6]
83    	0     	      9	   NeutSmallDark	    162.7305	   2421.88	    0.0	    00000000     00000000	   1	[      6]
84    	0     	      7	  NegSmallBright	    164.7539	   2023.44	    0.0	    00000000     00000000	   1	[      4]
85    	0     	      8	   NeutLargeDark	    166.9883	   2234.38	    0.0	    00000000     00000000	   1	[      5]
86    	0     	      5	    NegSmallDark	    169.1719	   2183.59	    0.0	    00000000     00000000	   1	[      2]
87    	0     	      9	   NeutSmallDark	    171.2461	   2074.22	    0.0	    00000000     00000000	   1	[      6]
88    	0     	      4	    NegLargeDark	    173.7422	   2496.09	    0.0	    00000000     00000000	   1	[      1]
89    	0     	     10	 NeutLargeBright	    176.1953	   2453.12	    0.0	    00000000     00000000	   1	[      7]
90    	0     	      7	  NegSmallBright	    178.5898	   2394.53	    0.0	    00000000     00000000	   1	[      4]
91    	0     	      7	  NegSmallBright	    180.9414	   2351.56	    0.0	    00000000     00000000	   1	[      4]
92    	0     	     10	 NeutLargeBright	    183.0586	   2117.19	    0.0	    00000000     00000000	   1	[      7]
93    	0     	      8	   NeutLargeDark	    185.1719	   2113.28	    0.0	    00000000     00000000	   1	[      5]
94    	0     	      4	    NegLargeDark	    187.5430	   2371.09	    0.0	    00000000     00000000	   1	[      1]
95    	0     	      5	    NegSmallDark	    189.8672	   2324.22	    0.0	    00000000     00000000	   1	[      2]
96    	0     	     10	 NeutLargeBright	    192.2422	   2375.00	    0.0	    00000000     00000000	   1	[      7]
97    	0     	      2	      condition2	    193.0156	    773.44	    0.0	    00000000     00000000	   1	[       ]
98    	0     	      9	   NeutSmallDark	    194.6367	   1621.09	    0.0	    00000000     00000000	   1	[      6]
99    	0     	     10	 NeutLargeBright	    197.1523	   2515.62	    0.0	    00000000     00000000	   1	[      7]
100   	0     	      4	    NegLargeDark	    199.3242	   2171.88	    0.0	    00000000     00000000	   1	[      1]
101   	0     	      7	  NegSmallBright	    201.3594	   2035.16	    0.0	    00000000     00000000	   1	[      4]
102   	0     	     11	 NeutSmallBright	    203.8555	   2496.09	    0.0	    00000000     00000000	   1	[      8]
103   	0     	      8	   NeutLargeDark	    206.2969	   2441.41	    0.0	    00000000     00000000	   1	[      5]
104   	0     	     11	 NeutSmallBright	    208.5234	   2226.56	    0.0	    00000000     00000000	   1	[      8]
105   	0     	      4	    NegLargeDark	    210.6367	   2113.28	    0.0	    00000000     00000000	   1	[      1]
106   	0     	      7	  NegSmallBright	    212.9805	   2343.75	    0.0	    00000000     00000000	   1	[      4]
107   	0     	      6	  NegLargeBright	    215.0820	   2101.56	    0.0	    00000000     00000000	   1	[      3]
108   	0     	      8	   NeutLargeDark	    217.5977	   2515.62	    0.0	    00000000     00000000	   1	[      5]
109   	0     	     14	     condition14	    220.0938	   2496.09	    0.0	    00000000     00000000	   1	[       ]
110   	0     	      2	      condition2	    220.5781	    484.38	    0.0	    00000000     00000000	   1	[       ]
111   	0     	      8	   NeutLargeDark	    222.5977	   2019.53	    0.0	    00000000     00000000	   1	[      5]
112   	0     	     11	 NeutSmallBright	    224.6914	   2093.75	    0.0	    00000000     00000000	   1	[      8]
113   	0     	      7	  NegSmallBright	    226.9844	   2292.97	    0.0	    00000000     00000000	   1	[      4]
114   	0     	     10	 NeutLargeBright	    229.4492	   2464.84	    0.0	    00000000     00000000	   1	[      7]
115   	0     	     14	     condition14	    231.5039	   2054.69	    0.0	    00000000     00000000	   1	[       ]
116   	0     	      2	      condition2	    231.9688	    464.84	    0.0	    00000000     00000000	   1	[       ]
117   	0     	      9	   NeutSmallDark	    234.0273	   2058.59	    0.0	    00000000     00000000	   1	[      6]
118   	0     	      4	    NegLargeDark	    236.3203	   2292.97	    0.0	    00000000     00000000	   1	[      1]
119   	0     	      8	   NeutLargeDark	    238.7852	   2464.84	    0.0	    00000000     00000000	   1	[      5]
120   	0     	      9	   NeutSmallDark	    241.1094	   2324.22	    0.0	    00000000     00000000	   1	[      6]
121   	0     	     13	     condition13	    243.2422	   2132.81	    0.0	    00000000     00000000	   1	[       ]
122   	0     	      2	      condition2	    243.6797	    437.50	    0.0	    00000000     00000000	   1	[       ]
123   	0     	     14	     condition14	    245.5859	   1906.25	    0.0	    00000000     00000000	   1	[       ]
124   	0     	      2	      condition2	    246.1445	    558.59	    0.0	    00000000     00000000	   1	[       ]
125   	0     	      8	   NeutLargeDark	    247.9219	   1777.34	    0.0	    00000000     00000000	   1	[      5]
126   	0     	      2	      condition2	    248.4453	    523.44	    0.0	    00000000     00000000	   1	[       ]
127   	0     	      7	  NegSmallBright	    250.3672	   1921.88	    0.0	    00000000     00000000	   1	[      4]
128   	0     	      6	  NegLargeBright	    252.7891	   2421.88	    0.0	    00000000     00000000	   1	[      3]
129   	0     	      9	   NeutSmallDark	    255.2227	   2433.59	    0.0	    00000000     00000000	   1	[      6]
130   	0     	     10	 NeutLargeBright	    257.4570	   2234.38	    0.0	    00000000     00000000	   1	[      7]
131   	0     	      5	    NegSmallDark	    259.9219	   2464.84	    0.0	    00000000     00000000	   1	[      2]
132   	0     	     12	     condition12	    262.3750	   2453.12	    0.0	    00000000     00000000	   1	[       ]
133   	0     	      2	      condition2	    262.8516	    476.56	    0.0	    00000000     00000000	   1	[       ]
134   	0     	     12	     condition12	    264.5703	   1718.75	    0.0	    00000000     00000000	   1	[       ]
135   	0     	      2	      condition2	    264.9961	    425.78	    0.0	    00000000     00000000	   1	[       ]
136   	0     	      7	  NegSmallBright	    266.9453	   1949.22	    0.0	    00000000     00000000	   1	[      4]
137   	0     	      5	    NegSmallDark	    269.1094	   2164.06	    0.0	    00000000     00000000	   1	[      2]
138   	0     	      7	  NegSmallBright	    271.3906	   2281.25	    0.0	    00000000     00000000	   1	[      4]
139   	0     	      6	  NegLargeBright	    273.6250	   2234.38	    0.0	    00000000     00000000	   1	[      3]
140   	0     	      5	    NegSmallDark	    275.8594	   2234.38	    0.0	    00000000     00000000	   1	[      2]
141   	0     	      5	    NegSmallDark	    278.2734	   2414.06	    0.0	    00000000     00000000	   1	[      2]
142   	0     	      7	  NegSmallBright	    280.6875	   2414.06	    0.0	    00000000     00000000	   1	[      4]
143   	0     	     15	     condition15	    282.9219	   2234.38	    0.0	    00000000     00000000	   1	[       ]
144   	0     	      2	      condition2	    283.5039	    582.03	    0.0	    00000000     00000000	   1	[       ]
145   	0     	     11	 NeutSmallBright	    285.3164	   1812.50	    0.0	    00000000     00000000	   1	[      8]
146   	0     	     12	     condition12	    287.6992	   2382.81	    0.0	    00000000     00000000	   1	[       ]
147   	0     	      2	      condition2	    288.2070	    507.81	    0.0	    00000000     00000000	   1	[       ]
148   	0     	      9	   NeutSmallDark	    289.9258	   1718.75	    0.0	    00000000     00000000	   1	[      6]
149   	0     	      7	  NegSmallBright	    292.4375	   2511.72	    0.0	    00000000     00000000	   1	[      4]
150   	0     	     10	 NeutLargeBright	    294.5312	   2093.75	    0.0	    00000000     00000000	   1	[      7]
151   	0     	     11	 NeutSmallBright	    296.9961	   2464.84	    0.0	    00000000     00000000	   1	[      8]
152   	0     	      4	    NegLargeDark	    299.2500	   2253.91	    0.0	    00000000     00000000	   1	[      1]
153   	0     	      9	   NeutSmallDark	    301.4062	   2156.25	    0.0	    00000000     00000000	   1	[      6]
154   	0     	     10	 NeutLargeBright	    303.5000	   2093.75	    0.0	    00000000     00000000	   1	[      7]
155   	0     	      4	    NegLargeDark	    305.6211	   2121.09	    0.0	    00000000     00000000	   1	[      1]
156   	0     	     13	     condition13	    307.9961	   2375.00	    0.0	    00000000     00000000	   1	[       ]
157   	0     	      2	      condition2	    308.5742	    578.12	    0.0	    00000000     00000000	   1	[       ]
158   	0     	      6	  NegLargeBright	    310.4727	   1898.44	    0.0	    00000000     00000000	   1	[      3]
159   	0     	     14	     condition14	    312.6445	   2171.88	    0.0	    00000000     00000000	   1	[       ]
160   	0     	      2	      condition2	    313.1094	    464.84	    0.0	    00000000     00000000	   1	[       ]
161   	0     	      4	    NegLargeDark	    314.9570	   1847.66	    0.0	    00000000     00000000	   1	[      1]
162   	0     	     15	     condition15	    317.4219	   2464.84	    0.0	    00000000     00000000	   1	[       ]
163   	0     	      2	      condition2	    318.2344	    812.50	    0.0	    00000000     00000000	   1	[       ]
164   	0     	     15	     condition15	    319.5664	   1332.03	    0.0	    00000000     00000000	   1	[       ]
165   	0     	      2	      condition2	    320.2266	    660.16	    0.0	    00000000     00000000	   1	[       ]
166   	0     	    253	              ""	    321.5625	   1335.94	    0.0	    00000000     00000000	   1	[       ]
167   	0     	      6	  NegLargeBright	    322.5703	   1007.81	    0.0	    00000000     00000000	   1	[      3]
168   	0     	     13	     condition13	    324.8750	   2304.69	    0.0	    00000000     00000000	   1	[       ]
169   	0     	      2	      condition2	    325.3594	    484.38	    0.0	    00000000     00000000	   1	[       ]
170   	0     	      6	  NegLargeBright	    327.0273	   1667.97	    0.0	    00000000     00000000	   1	[      3]
171   	0     	     10	 NeutLargeBright	    329.2539	   2226.56	    0.0	    00000000     00000000	   1	[      7]
172   	0     	      9	   NeutSmallDark	    331.5078	   2253.91	    0.0	    00000000     00000000	   1	[      6]
173   	0     	     10	 NeutLargeBright	    334.0117	   2503.91	    0.0	    00000000     00000000	   1	[      7]
174   	0     	      2	      condition2	    334.5469	    535.16	    0.0	    00000000     00000000	   1	[       ]
175   	0     	      8	   NeutLargeDark	    336.0859	   1539.06	    0.0	    00000000     00000000	   1	[      5]
176   	0     	      6	  NegLargeBright	    338.3672	   2281.25	    0.0	    00000000     00000000	   1	[      3]
177   	0     	      7	  NegSmallBright	    340.6406	   2273.44	    0.0	    00000000     00000000	   1	[      4]
178   	0     	      6	  NegLargeBright	    342.7852	   2144.53	    0.0	    00000000     00000000	   1	[      3]
179   	0     	      9	   NeutSmallDark	    344.8516	   2066.41	    0.0	    00000000     00000000	   1	[      6]
180   	0     	     14	     condition14	    347.3359	   2484.38	    0.0	    00000000     00000000	   1	[       ]
181   	0     	      2	      condition2	    347.9883	    652.34	    0.0	    00000000     00000000	   1	[       ]
182   	0     	      4	    NegLargeDark	    349.4180	   1429.69	    0.0	    00000000     00000000	   1	[      1]
183   	0     	      8	   NeutLargeDark	    351.8516	   2433.59	    0.0	    00000000     00000000	   1	[      5]
184   	0     	     11	 NeutSmallBright	    353.9844	   2132.81	    0.0	    00000000     00000000	   1	[      8]
185   	0     	     10	 NeutLargeBright	    356.4102	   2425.78	    0.0	    00000000     00000000	   1	[      7]
186   	0     	      8	   NeutLargeDark	    358.7031	   2292.97	    0.0	    00000000     00000000	   1	[      5]
187   	0     	      7	  NegSmallBright	    360.7695	   2066.41	    0.0	    00000000     00000000	   1	[      4]
188   	0     	      8	   NeutLargeDark	    362.9805	   2210.94	    0.0	    00000000     00000000	   1	[      5]
189   	0     	      8	   NeutLargeDark	    365.0352	   2054.69	    0.0	    00000000     00000000	   1	[      5]
190   	0     	      5	    NegSmallDark	    367.3398	   2304.69	    0.0	    00000000     00000000	   1	[      2]
191   	0     	      7	  NegSmallBright	    369.5625	   2222.66	    0.0	    00000000     00000000	   1	[      4]
192   	0     	      8	   NeutLargeDark	    371.9961	   2433.59	    0.0	    00000000     00000000	   1	[      5]
193   	0     	      4	    NegLargeDark	    374.1914	   2195.31	    0.0	    00000000     00000000	   1	[      1]
194   	0     	     10	 NeutLargeBright	    376.2969	   2105.47	    0.0	    00000000     00000000	   1	[      7]
195   	0     	      7	  NegSmallBright	    378.4102	   2113.28	    0.0	    00000000     00000000	   1	[      4]
196   	0     	      9	   NeutSmallDark	    380.6836	   2273.44	    0.0	    00000000     00000000	   1	[      6]
197   	0     	      5	    NegSmallDark	    382.8164	   2132.81	    0.0	    00000000     00000000	   1	[      2]
198   	0     	     11	 NeutSmallBright	    384.9414	   2125.00	    0.0	    00000000     00000000	   1	[      8]
199   	0     	      4	    NegLargeDark	    387.1328	   2191.41	    0.0	    00000000     00000000	   1	[      1]
200   	0     	     10	 NeutLargeBright	    389.2891	   2156.25	    0.0	    00000000     00000000	   1	[      7]
201   	0     	      6	  NegLargeBright	    391.7109	   2421.88	    0.0	    00000000     00000000	   1	[      3]
202   	0     	      7	  NegSmallBright	    393.9258	   2214.84	    0.0	    00000000     00000000	   1	[      4]
203   	0     	      4	    NegLargeDark	    395.9688	   2042.97	    0.0	    00000000     00000000	   1	[      1]
204   	0     	     10	 NeutLargeBright	    398.4727	   2503.91	    0.0	    00000000     00000000	   1	[      7]
205   	0     	      6	  NegLargeBright	    400.8867	   2414.06	    0.0	    00000000     00000000	   1	[      3]
206   	0     	     14	     condition14	    403.0625	   2175.78	    0.0	    00000000     00000000	   1	[       ]
207   	0     	      2	      condition2	    403.5273	    464.84	    0.0	    00000000     00000000	   1	[       ]
208   	0     	      8	   NeutLargeDark	    405.4258	   1898.44	    0.0	    00000000     00000000	   1	[      5]
209   	0     	     11	 NeutSmallBright	    407.6719	   2246.09	    0.0	    00000000     00000000	   1	[      8]
210   	0     	      5	    NegSmallDark	    410.0234	   2351.56	    0.0	    00000000     00000000	   1	[      2]
211   	0     	      8	   NeutLargeDark	    412.3789	   2355.47	    0.0	    00000000     00000000	   1	[      5]
212   	0     	      9	   NeutSmallDark	    414.8828	   2503.91	    0.0	    00000000     00000000	   1	[      6]
213   	0     	     11	 NeutSmallBright	    417.2578	   2375.00	    0.0	    00000000     00000000	   1	[      8]
214   	0     	     11	 NeutSmallBright	    419.7031	   2445.31	    0.0	    00000000     00000000	   1	[      8]
215   	0     	      7	  NegSmallBright	    422.1875	   2484.38	    0.0	    00000000     00000000	   1	[      4]
216   	0     	     15	     condition15	    424.3984	   2210.94	    0.0	    00000000     00000000	   1	[       ]
217   	0     	      2	      condition2	    425.1797	    781.25	    0.0	    00000000     00000000	   1	[       ]
218   	0     	      9	   NeutSmallDark	    426.6445	   1464.84	    0.0	    00000000     00000000	   1	[      6]
219   	0     	      6	  NegLargeBright	    429.1484	   2503.91	    0.0	    00000000     00000000	   1	[      3]
220   	0     	      4	    NegLargeDark	    431.5039	   2355.47	    0.0	    00000000     00000000	   1	[      1]
221   	0     	     11	 NeutSmallBright	    433.8047	   2300.78	    0.0	    00000000     00000000	   1	[      8]
222   	0     	     14	     condition14	    436.1992	   2394.53	    0.0	    00000000     00000000	   1	[       ]
223   	0     	      2	      condition2	    436.6680	    468.75	    0.0	    00000000     00000000	   1	[       ]
224   	0     	      6	  NegLargeBright	    438.6055	   1937.50	    0.0	    00000000     00000000	   1	[      3]
225   	0     	      5	    NegSmallDark	    441.0586	   2453.12	    0.0	    00000000     00000000	   1	[      2]
226   	0     	      7	  NegSmallBright	    443.0820	   2023.44	    0.0	    00000000     00000000	   1	[      4]
227   	0     	     10	 NeutLargeBright	    445.4258	   2343.75	    0.0	    00000000     00000000	   1	[      7]
228   	0     	      5	    NegSmallDark	    447.6797	   2253.91	    0.0	    00000000     00000000	   1	[      2]
229   	0     	     11	 NeutSmallBright	    450.1133	   2433.59	    0.0	    00000000     00000000	   1	[      8]
230   	0     	      2	      condition2	    450.7461	    632.81	    0.0	    00000000     00000000	   1	[       ]
231   	0     	      6	  NegLargeBright	    452.6602	   1914.06	    0.0	    00000000     00000000	   1	[      3]
232   	0     	      8	   NeutLargeDark	    455.0742	   2414.06	    0.0	    00000000     00000000	   1	[      5]
233   	0     	     12	     condition12	    457.5273	   2453.12	    0.0	    00000000     00000000	   1	[       ]
234   	0     	      2	      condition2	    457.9844	    457.03	    0.0	    00000000     00000000	   1	[       ]
235   	0     	      4	    NegLargeDark	    459.7227	   1738.28	    0.0	    00000000     00000000	   1	[      1]
236   	0     	     11	 NeutSmallBright	    461.9062	   2183.59	    0.0	    00000000     00000000	   1	[      8]
237   	0     	      9	   NeutSmallDark	    464.3203	   2414.06	    0.0	    00000000     00000000	   1	[      6]
238   	0     	      4	    NegLargeDark	    466.5742	   2253.91	    0.0	    00000000     00000000	   1	[      1]
239   	0     	      4	    NegLargeDark	    468.6055	   2031.25	    0.0	    00000000     00000000	   1	[      1]
240   	0     	      6	  NegLargeBright	    470.8633	   2257.81	    0.0	    00000000     00000000	   1	[      3]
241   	0     	     10	 NeutLargeBright	    472.9453	   2082.03	    0.0	    00000000     00000000	   1	[      7]
242   	0     	     11	 NeutSmallBright	    475.1289	   2183.59	    0.0	    00000000     00000000	   1	[      8]
243   	0     	     10	 NeutLargeBright	    477.5430	   2414.06	    0.0	    00000000     00000000	   1	[      7]
244   	0     	      5	    NegSmallDark	    479.5664	   2023.44	    0.0	    00000000     00000000	   1	[      2]
245   	0     	      2	      condition2	    482.7305	   3164.06	    0.0	    00000000     00000000	   1	[       ]
246   	0     	      5	    NegSmallDark	    482.9258	    195.31	    0.0	    00000000     00000000	   1	[      2]
247   	0     	      8	   NeutLargeDark	    485.2500	   2324.22	    0.0	    00000000     00000000	   1	[      5]
248   	0     	      4	    NegLargeDark	    487.3828	   2132.81	    0.0	    00000000     00000000	   1	[      1]
249   	0     	      4	    NegLargeDark	    489.5977	   2214.84	    0.0	    00000000     00000000	   1	[      1]
250   	0     	      9	   NeutSmallDark	    491.9805	   2382.81	    0.0	    00000000     00000000	   1	[      6]
251   	0     	      4	    NegLargeDark	    494.4180	   2437.50	    0.0	    00000000     00000000	   1	[      1]
252   	0     	      5	    NegSmallDark	    496.6289	   2210.94	    0.0	    00000000     00000000	   1	[      2]
253   	0     	     10	 NeutLargeBright	    498.7031	   2074.22	    0.0	    00000000     00000000	   1	[      7]
254   	0     	     15	     condition15	    500.9961	   2292.97	    0.0	    00000000     00000000	   1	[       ]
255   	0     	      2	      condition2	    501.5820	    585.94	    0.0	    00000000     00000000	   1	[       ]
256   	0     	      4	    NegLargeDark	    503.2812	   1699.22	    0.0	    00000000     00000000	   1	[      1]
257   	0     	     10	 NeutLargeBright	    505.6562	   2375.00	    0.0	    00000000     00000000	   1	[      7]
258   	0     	      4	    NegLargeDark	    508.0898	   2433.59	    0.0	    00000000     00000000	   1	[      1]
259   	0     	      9	   NeutSmallDark	    510.3633	   2273.44	    0.0	    00000000     00000000	   1	[      6]
260   	0     	      5	    NegSmallDark	    512.8672	   2503.91	    0.0	    00000000     00000000	   1	[      2]
261   	0     	     13	     condition13	    515.0742	   2207.03	    0.0	    00000000     00000000	   1	[       ]
262   	0     	      2	      condition2	    515.4922	    417.97	    0.0	    00000000     00000000	   1	[       ]
263   	0     	      8	   NeutLargeDark	    517.1250	   1632.81	    0.0	    00000000     00000000	   1	[      5]
264   	0     	      4	    NegLargeDark	    519.4609	   2335.94	    0.0	    00000000     00000000	   1	[      1]
265   	0     	      5	    NegSmallDark	    521.8438	   2382.81	    0.0	    00000000     00000000	   1	[      2]
266   	0     	      8	   NeutLargeDark	    524.2969	   2453.12	    0.0	    00000000     00000000	   1	[      5]
267   	0     	      8	   NeutLargeDark	    526.5234	   2226.56	    0.0	    00000000     00000000	   1	[      5]
268   	0     	     15	     condition15	    528.9375	   2414.06	    0.0	    00000000     00000000	   1	[       ]
269   	0     	      2	      condition2	    529.6406	    703.12	    0.0	    00000000     00000000	   1	[       ]
270   	0     	     11	 NeutSmallBright	    531.2500	   1609.38	    0.0	    00000000     00000000	   1	[      8]
271   	0     	     11	 NeutSmallBright	    533.7656	   2515.62	    0.0	    00000000     00000000	   1	[      8]
272   	0     	      5	    NegSmallDark	    536.2305	   2464.84	    0.0	    00000000     00000000	   1	[      2]
273   	0     	      6	  NegLargeBright	    538.7344	   2503.91	    0.0	    00000000     00000000	   1	[      3]
274   	0     	     15	     condition15	    540.8477	   2113.28	    0.0	    00000000     00000000	   1	[       ]
275   	0     	      2	      condition2	    541.6953	    847.66	    0.0	    00000000     00000000	   1	[       ]
276   	0     	      9	   NeutSmallDark	    543.1328	   1437.50	    0.0	    00000000     00000000	   1	[      6]
277   	0     	      8	   NeutLargeDark	    545.3750	   2242.19	    0.0	    00000000     00000000	   1	[      5]
278   	0     	      5	    NegSmallDark	    547.6680	   2292.97	    0.0	    00000000     00000000	   1	[      2]
279   	0     	      8	   NeutLargeDark	    550.0742	   2406.25	    0.0	    00000000     00000000	   1	[      5]
280   	0     	      5	    NegSmallDark	    552.3594	   2285.16	    0.0	    00000000     00000000	   1	[      2]
281   	0     	      9	   NeutSmallDark	    554.4609	   2101.56	    0.0	    00000000     00000000	   1	[      6]
282   	0     	      9	   NeutSmallDark	    556.5156	   2054.69	    0.0	    00000000     00000000	   1	[      6]
283   	0     	      8	   NeutLargeDark	    558.6484	   2132.81	    0.0	    00000000     00000000	   1	[      5]
284   	0     	     10	 NeutLargeBright	    561.1523	   2503.91	    0.0	    00000000     00000000	   1	[      7]
285   	0     	      9	   NeutSmallDark	    563.3164	   2164.06	    0.0	    00000000     00000000	   1	[      6]
286   	0     	      6	  NegLargeBright	    565.8203	   2503.91	    0.0	    00000000     00000000	   1	[      3]
287   	0     	      7	  NegSmallBright	    568.0352	   2214.84	    0.0	    00000000     00000000	   1	[      4]
288   	0     	      8	   NeutLargeDark	    570.3789	   2343.75	    0.0	    00000000     00000000	   1	[      5]
289   	0     	      7	  NegSmallBright	    572.8633	   2484.38	    0.0	    00000000     00000000	   1	[      4]
290   	0     	      6	  NegLargeBright	    575.0664	   2203.12	    0.0	    00000000     00000000	   1	[      3]
291   	0     	      9	   NeutSmallDark	    577.3906	   2324.22	    0.0	    00000000     00000000	   1	[      6]
292   	0     	      5	    NegSmallDark	    579.6250	   2234.38	    0.0	    00000000     00000000	   1	[      2]
293   	0     	      8	   NeutLargeDark	    581.6797	   2054.69	    0.0	    00000000     00000000	   1	[      5]
294   	0     	     14	     condition14	    584.1758	   2496.09	    0.0	    00000000     00000000	   1	[       ]
295   	0     	      2	      condition2	    584.6641	    488.28	    0.0	    00000000     00000000	   1	[       ]
296   	0     	     10	 NeutLargeBright	    586.4688	   1804.69	    0.0	    00000000     00000000	   1	[      7]
297   	0     	      8	   NeutLargeDark	    588.7031	   2234.38	    0.0	    00000000     00000000	   1	[      5]
298   	0     	      9	   NeutSmallDark	    591.1367	   2433.59	    0.0	    00000000     00000000	   1	[      6]
299   	0     	      4	    NegLargeDark	    593.4805	   2343.75	    0.0	    00000000     00000000	   1	[      1]
300   	0     	     13	     condition13	    595.9531	   2472.66	    0.0	    00000000     00000000	   1	[       ]
301   	0     	      2	      condition2	    596.5352	    582.03	    0.0	    00000000     00000000	   1	[       ]
302   	0     	     11	 NeutSmallBright	    598.3789	   1843.75	    0.0	    00000000     00000000	   1	[      8]
303   	0     	      5	    NegSmallDark	    600.6836	   2304.69	    0.0	    00000000     00000000	   1	[      2]
304   	0     	     11	 NeutSmallBright	    603.1758	   2492.19	    0.0	    00000000     00000000	   1	[      8]
305   	0     	      7	  NegSmallBright	    605.5703	   2394.53	    0.0	    00000000     00000000	   1	[      4]
306   	0     	      9	   NeutSmallDark	    607.8164	   2246.09	    0.0	    00000000     00000000	   1	[      6]
307   	0     	     13	     condition13	    610.3086	   2492.19	    0.0	    00000000     00000000	   1	[       ]
308   	0     	      2	      condition2	    610.8906	    582.03	    0.0	    00000000     00000000	   1	[       ]
309   	0     	      6	  NegLargeBright	    612.5742	   1683.59	    0.0	    00000000     00000000	   1	[      3]
310   	0     	     11	 NeutSmallBright	    614.8984	   2324.22	    0.0	    00000000     00000000	   1	[      8]
311   	0     	      9	   NeutSmallDark	    617.3828	   2484.38	    0.0	    00000000     00000000	   1	[      6]
312   	0     	     10	 NeutLargeBright	    619.5352	   2152.34	    0.0	    00000000     00000000	   1	[      7]
313   	0     	      2	      condition2	    621.0273	   1492.19	    0.0	    00000000     00000000	   1	[       ]
314   	0     	     14	     condition14	    621.6797	    652.34	    0.0	    00000000     00000000	   1	[       ]
315   	0     	      2	      condition2	    622.1211	    441.41	    0.0	    00000000     00000000	   1	[       ]
316   	0     	     10	 NeutLargeBright	    623.8555	   1734.38	    0.0	    00000000     00000000	   1	[      7]
317   	0     	      8	   NeutLargeDark	    626.0391	   2183.59	    0.0	    00000000     00000000	   1	[      5]
318   	0     	      4	    NegLargeDark	    628.5508	   2511.72	    0.0	    00000000     00000000	   1	[      1]
319   	0     	      9	   NeutSmallDark	    630.8047	   2253.91	    0.0	    00000000     00000000	   1	[      6]
320   	0     	     10	 NeutLargeBright	    633.1016	   2296.88	    0.0	    00000000     00000000	   1	[      7]
321   	0     	     10	 NeutLargeBright	    635.5742	   2472.66	    0.0	    00000000     00000000	   1	[      7]
322   	0     	     10	 NeutLargeBright	    637.7578	   2183.59	    0.0	    00000000     00000000	   1	[      7]
323   	0     	      7	  NegSmallBright	    640.2617	   2503.91	    0.0	    00000000     00000000	   1	[      4]
324   	0     	     11	 NeutSmallBright	    642.4961	   2234.38	    0.0	    00000000     00000000	   1	[      8]
325   	0     	      8	   NeutLargeDark	    645.7500	   3253.91	    0.0	    00000000     00000000	   1	[      5]
326   	0     	      6	  NegLargeBright	    648.0234	   2273.44	    0.0	    00000000     00000000	   1	[      3]
327   	0     	      6	  NegLargeBright	    650.0664	   2042.97	    0.0	    00000000     00000000	   1	[      3]
328   	0     	     10	 NeutLargeBright	    652.2930	   2226.56	    0.0	    00000000     00000000	   1	[      7]
329   	0     	      9	   NeutSmallDark	    654.4141	   2121.09	    0.0	    00000000     00000000	   1	[      6]
330   	0     	      6	  NegLargeBright	    656.6172	   2203.12	    0.0	    00000000     00000000	   1	[      3]
331   	0     	      4	    NegLargeDark	    658.8633	   2246.09	    0.0	    00000000     00000000	   1	[      1]
332   	0     	     10	 NeutLargeBright	    660.9258	   2062.50	    0.0	    00000000     00000000	   1	[      7]
333   	0     	     10	 NeutLargeBright	    663.3828	   2457.03	    0.0	    00000000     00000000	   1	[      7]
334   	0     	      8	   NeutLargeDark	    665.6250	   2242.19	    0.0	    00000000     00000000	   1	[      5]
335   	0     	     14	     condition14	    668.0898	   2464.84	    0.0	    00000000     00000000	   1	[       ]
336   	0     	      2	      condition2	    668.6836	    593.75	    0.0	    00000000     00000000	   1	[       ]
337   	0     	      4	    NegLargeDark	    670.5430	   1859.38	    0.0	    00000000     00000000	   1	[      1]
338   	0     	     10	 NeutLargeBright	    672.7656	   2222.66	    0.0	    00000000     00000000	   1	[      7]
339   	0     	     11	 NeutSmallBright	    674.9727	   2207.03	    0.0	    00000000     00000000	   1	[      8]
340   	0     	      8	   NeutLargeDark	    677.4258	   2453.12	    0.0	    00000000     00000000	   1	[      5]
341   	0     	      5	    NegSmallDark	    679.5391	   2113.28	    0.0	    00000000     00000000	   1	[      2]
342   	0     	      6	  NegLargeBright	    681.9648	   2425.78	    0.0	    00000000     00000000	   1	[      3]
343   	0     	     10	 NeutLargeBright	    684.1484	   2183.59	    0.0	    00000000     00000000	   1	[      7]
344   	0     	      9	   NeutSmallDark	    686.5508	   2402.34	    0.0	    00000000     00000000	   1	[      6]
345   	0     	     10	 NeutLargeBright	    688.6641	   2113.28	    0.0	    00000000     00000000	   1	[      7]
346   	0     	      4	    NegLargeDark	    690.8477	   2183.59	    0.0	    00000000     00000000	   1	[      1]
347   	0     	      9	   NeutSmallDark	    693.1445	   2296.88	    0.0	    00000000     00000000	   1	[      6]
348   	0     	      8	   NeutLargeDark	    695.6484	   2503.91	    0.0	    00000000     00000000	   1	[      5]
349   	0     	      7	  NegSmallBright	    698.1016	   2453.12	    0.0	    00000000     00000000	   1	[      4]
350   	0     	     10	 NeutLargeBright	    700.4180	   2316.41	    0.0	    00000000     00000000	   1	[      7]
351   	0     	      4	    NegLargeDark	    702.8711	   2453.12	    0.0	    00000000     00000000	   1	[      1]
352   	0     	      6	  NegLargeBright	    705.2031	   2332.03	    0.0	    00000000     00000000	   1	[      3]
353   	0     	      7	  NegSmallBright	    707.4883	   2285.16	    0.0	    00000000     00000000	   1	[      4]
354   	0     	      6	  NegLargeBright	    709.6719	   2183.59	    0.0	    00000000     00000000	   1	[      3]
355   	0     	      5	    NegSmallDark	    711.7852	   2113.28	    0.0	    00000000     00000000	   1	[      2]
356   	0     	      6	  NegLargeBright	    714.2617	   2476.56	    0.0	    00000000     00000000	   1	[      3]
357   	0     	      8	   NeutLargeDark	    716.5234	   2261.72	    0.0	    00000000     00000000	   1	[      5]
358   	0     	      9	   NeutSmallDark	    719.0000	   2476.56	    0.0	    00000000     00000000	   1	[      6]
359   	0     	      5	    NegSmallDark	    721.2422	   2242.19	    0.0	    00000000     00000000	   1	[      2]
360   	0     	      5	    NegSmallDark	    723.4570	   2214.84	    0.0	    00000000     00000000	   1	[      2]
361   	0     	     14	     condition14	    725.6484	   2191.41	    0.0	    00000000     00000000	   1	[       ]
362   	0     	      2	      condition2	    726.3477	    699.22	    0.0	    00000000     00000000	   1	[       ]
363   	0     	     10	 NeutLargeBright	    727.9141	   1566.41	    0.0	    00000000     00000000	   1	[      7]
364   	0     	     10	 NeutLargeBright	    730.1172	   2203.12	    0.0	    00000000     00000000	   1	[      7]
365   	0     	      6	  NegLargeBright	    732.5820	   2464.84	    0.0	    00000000     00000000	   1	[      3]
366   	0     	     11	 NeutSmallBright	    734.9570	   2375.00	    0.0	    00000000     00000000	   1	[      8]
367   	0     	     12	     condition12	    737.3398	   2382.81	    0.0	    00000000     00000000	   1	[       ]
368   	0     	      2	      condition2	    737.7617	    421.88	    0.0	    00000000     00000000	   1	[       ]
369   	0     	      9	   NeutSmallDark	    739.4961	   1734.38	    0.0	    00000000     00000000	   1	[      6]
370   	0     	      6	  NegLargeBright	    741.5664	   2070.31	    0.0	    00000000     00000000	   1	[      3]
371   	0     	      4	    NegLargeDark	    743.8633	   2296.88	    0.0	    00000000     00000000	   1	[      1]
372   	0     	      7	  NegSmallBright	    746.3477	   2484.38	    0.0	    00000000     00000000	   1	[      4]
373   	0     	      4	    NegLargeDark	    748.5820	   2234.38	    0.0	    00000000     00000000	   1	[      1]
374   	0     	      8	   NeutLargeDark	    750.6641	   2082.03	    0.0	    00000000     00000000	   1	[      5]
375   	0     	      8	   NeutLargeDark	    752.9883	   2324.22	    0.0	    00000000     00000000	   1	[      5]
376   	0     	     11	 NeutSmallBright	    755.3242	   2335.94	    0.0	    00000000     00000000	   1	[      8]
377   	0     	      9	   NeutSmallDark	    757.6875	   2363.28	    0.0	    00000000     00000000	   1	[      6]
378   	0     	     10	 NeutLargeBright	    759.9805	   2292.97	    0.0	    00000000     00000000	   1	[      7]
379   	0     	      2	      condition2	    760.6445	    664.06	    0.0	    00000000     00000000	   1	[       ]
380   	0     	      5	    NegSmallDark	    762.1562	   1511.72	    0.0	    00000000     00000000	   1	[      2]
381   	0     	      6	  NegLargeBright	    764.2969	   2140.62	    0.0	    00000000     00000000	   1	[      3]
382   	0     	     10	 NeutLargeBright	    766.7812	   2484.38	    0.0	    00000000     00000000	   1	[      7]
383   	0     	     10	 NeutLargeBright	    768.8750	   2093.75	    0.0	    00000000     00000000	   1	[      7]
384   	0     	      4	    NegLargeDark	    771.2109	   2335.94	    0.0	    00000000     00000000	   1	[      1]
385   	0     	     12	     condition12	    773.6445	   2433.59	    0.0	    00000000     00000000	   1	[       ]
386   	0     	      2	      condition2	    774.3477	    703.12	    0.0	    00000000     00000000	   1	[       ]
387   	0     	     11	 NeutSmallBright	    776.0195	   1671.88	    0.0	    00000000     00000000	   1	[      8]
388   	0     	      4	    NegLargeDark	    778.5039	   2484.38	    0.0	    00000000     00000000	   1	[      1]
389   	0     	      8	   NeutLargeDark	    780.9180	   2414.06	    0.0	    00000000     00000000	   1	[      5]
390   	0     	     15	     condition15	    783.2227	   2304.69	    0.0	    00000000     00000000	   1	[       ]
391   	0     	     13	     condition13	    785.2461	   2023.44	    0.0	    00000000     00000000	   1	[       ]
392   	0     	      2	      condition2	    785.7617	    515.62	    0.0	    00000000     00000000	   1	[       ]
393   	0     	     14	     condition14	    787.3594	   1597.66	    0.0	    00000000     00000000	   1	[       ]
394   	0     	      2	      condition2	    787.7773	    417.97	    0.0	    00000000     00000000	   1	[       ]
395   	0     	     11	 NeutSmallBright	    789.6914	   1914.06	    0.0	    00000000     00000000	   1	[      8]
396   	0     	      4	    NegLargeDark	    791.7773	   2085.94	    0.0	    00000000     00000000	   1	[      1]
397   	0     	      6	  NegLargeBright	    794.2305	   2453.12	    0.0	    00000000     00000000	   1	[      3]
398   	0     	      6	  NegLargeBright	    796.7266	   2496.09	    0.0	    00000000     00000000	   1	[      3]
399   	0     	      6	  NegLargeBright	    799.1094	   2382.81	    0.0	    00000000     00000000	   1	[      3]
400   	0     	     12	     condition12	    801.2617	   2152.34	    0.0	    00000000     00000000	   1	[       ]
401   	0     	      2	      condition2	    801.6602	    398.44	    0.0	    00000000     00000000	   1	[       ]
402   	0     	     11	 NeutSmallBright	    803.5391	   1878.91	    0.0	    00000000     00000000	   1	[      8]
403   	0     	    253	              ""	    805.5938	   2054.69	    0.0	    00000000     00000000	   1	[       ]
404   	0     	     10	 NeutLargeBright	    806.6016	   1007.81	    0.0	    00000000     00000000	   1	[      7]
405   	0     	      7	  NegSmallBright	    808.6562	   2054.69	    0.0	    00000000     00000000	   1	[      4]
406   	0     	     10	 NeutLargeBright	    811.1797	   2523.44	    0.0	    00000000     00000000	   1	[      7]
407   	0     	      9	   NeutSmallDark	    813.4844	   2304.69	    0.0	    00000000     00000000	   1	[      6]
408   	0     	     12	     condition12	    815.5664	   2082.03	    0.0	    00000000     00000000	   1	[       ]
409   	0     	      2	      condition2	    816.1484	    582.03	    0.0	    00000000     00000000	   1	[       ]
410   	0     	      9	   NeutSmallDark	    817.7109	   1562.50	    0.0	    00000000     00000000	   1	[      6]
411   	0     	      4	    NegLargeDark	    820.0039	   2292.97	    0.0	    00000000     00000000	   1	[      1]
412   	0     	     10	 NeutLargeBright	    822.1797	   2175.78	    0.0	    00000000     00000000	   1	[      7]
413   	0     	      5	    NegSmallDark	    824.5312	   2351.56	    0.0	    00000000     00000000	   1	[      2]
414   	0     	     15	     condition15	    826.6953	   2164.06	    0.0	    00000000     00000000	   1	[       ]
415   	0     	      2	      condition2	    827.6094	    914.06	    0.0	    00000000     00000000	   1	[       ]
416   	0     	      8	   NeutLargeDark	    829.0820	   1472.66	    0.0	    00000000     00000000	   1	[      5]
417   	0     	      8	   NeutLargeDark	    831.4531	   2371.09	    0.0	    00000000     00000000	   1	[      5]
418   	0     	      6	  NegLargeBright	    833.7305	   2277.34	    0.0	    00000000     00000000	   1	[      3]
419   	0     	      7	  NegSmallBright	    836.1914	   2460.94	    0.0	    00000000     00000000	   1	[      4]
420   	0     	      6	  NegLargeBright	    838.5469	   2355.47	    0.0	    00000000     00000000	   1	[      3]
421   	0     	      7	  NegSmallBright	    840.9414	   2394.53	    0.0	    00000000     00000000	   1	[      4]
422   	0     	      8	   NeutLargeDark	    843.2539	   2312.50	    0.0	    00000000     00000000	   1	[      5]
423   	0     	     14	     condition14	    845.5195	   2265.62	    0.0	    00000000     00000000	   1	[       ]
424   	0     	      2	      condition2	    846.0781	    558.59	    0.0	    00000000     00000000	   1	[       ]
425   	0     	      5	    NegSmallDark	    847.7148	   1636.72	    0.0	    00000000     00000000	   1	[      2]
426   	0     	      6	  NegLargeBright	    850.1094	   2394.53	    0.0	    00000000     00000000	   1	[      3]
427   	0     	      7	  NegSmallBright	    852.5000	   2390.62	    0.0	    00000000     00000000	   1	[      4]
428   	0     	      9	   NeutSmallDark	    854.9766	   2476.56	    0.0	    00000000     00000000	   1	[      6]
429   	0     	      6	  NegLargeBright	    857.2695	   2292.97	    0.0	    00000000     00000000	   1	[      3]
430   	0     	      5	    NegSmallDark	    859.7461	   2476.56	    0.0	    00000000     00000000	   1	[      2]
431   	0     	     11	 NeutSmallBright	    862.1797	   2433.59	    0.0	    00000000     00000000	   1	[      8]
432   	0     	     11	 NeutSmallBright	    864.5312	   2351.56	    0.0	    00000000     00000000	   1	[      8]
433   	0     	     12	     condition12	    866.9453	   2414.06	    0.0	    00000000     00000000	   1	[       ]
434   	0     	      2	      condition2	    867.6133	    667.97	    0.0	    00000000     00000000	   1	[       ]
435   	0     	      8	   NeutLargeDark	    869.1992	   1585.94	    0.0	    00000000     00000000	   1	[      5]
436   	0     	     11	 NeutSmallBright	    871.4961	   2296.88	    0.0	    00000000     00000000	   1	[      8]
437   	0     	      5	    NegSmallDark	    873.5703	   2074.22	    0.0	    00000000     00000000	   1	[      2]
438   	0     	     12	     condition12	    875.9844	   2414.06	    0.0	    00000000     00000000	   1	[       ]
439   	0     	      2	      condition2	    876.4844	    500.00	    0.0	    00000000     00000000	   1	[       ]
440   	0     	      8	   NeutLargeDark	    878.1875	   1703.12	    0.0	    00000000     00000000	   1	[      5]
441   	0     	      9	   NeutSmallDark	    880.3516	   2164.06	    0.0	    00000000     00000000	   1	[      6]
442   	0     	     13	     condition13	    882.8242	   2472.66	    0.0	    00000000     00000000	   1	[       ]
443   	0     	      2	      condition2	    883.3945	    570.31	    0.0	    00000000     00000000	   1	[       ]
444   	0     	      7	  NegSmallBright	    885.0977	   1703.12	    0.0	    00000000     00000000	   1	[      4]
445   	0     	      2	      condition2	    885.7227	    625.00	    0.0	    00000000     00000000	   1	[       ]
446   	0     	     10	 NeutLargeBright	    887.4727	   1750.00	    0.0	    00000000     00000000	   1	[      7]
447   	0     	      7	  NegSmallBright	    889.8086	   2335.94	    0.0	    00000000     00000000	   1	[      4]
448   	0     	     12	     condition12	    892.2109	   2402.34	    0.0	    00000000     00000000	   1	[       ]
449   	0     	      2	      condition2	    892.7422	    531.25	    0.0	    00000000     00000000	   1	[       ]
450   	0     	     12	     condition12	    894.6055	   1863.28	    0.0	    00000000     00000000	   1	[       ]
451   	0     	      2	      condition2	    895.1445	    539.06	    0.0	    00000000     00000000	   1	[       ]
452   	0     	     13	     condition13	    896.7383	   1593.75	    0.0	    00000000     00000000	   1	[       ]
453   	0     	      2	      condition2	    897.2539	    515.62	    0.0	    00000000     00000000	   1	[       ]
454   	0     	     11	 NeutSmallBright	    898.8828	   1628.91	    0.0	    00000000     00000000	   1	[      8]
455   	0     	      6	  NegLargeBright	    901.0859	   2203.12	    0.0	    00000000     00000000	   1	[      3]
456   	0     	      5	    NegSmallDark	    903.3828	   2296.88	    0.0	    00000000     00000000	   1	[      2]
457   	0     	      4	    NegLargeDark	    905.8672	   2484.38	    0.0	    00000000     00000000	   1	[      1]
458   	0     	      8	   NeutLargeDark	    908.2891	   2421.88	    0.0	    00000000     00000000	   1	[      5]
459   	0     	      7	  NegSmallBright	    910.7656	   2476.56	    0.0	    00000000     00000000	   1	[      4]
460   	0     	     10	 NeutLargeBright	    913.2891	   2523.44	    0.0	    00000000     00000000	   1	[      7]
461   	0     	      4	    NegLargeDark	    915.7422	   2453.12	    0.0	    00000000     00000000	   1	[      1]
462   	0     	      4	    NegLargeDark	    917.9453	   2203.12	    0.0	    00000000     00000000	   1	[      1]
463   	0     	     10	 NeutLargeBright	    920.4297	   2484.38	    0.0	    00000000     00000000	   1	[      7]
464   	0     	     15	     condition15	    922.7461	   2316.41	    0.0	    00000000     00000000	   1	[       ]
465   	0     	      2	      condition2	    923.7695	   1023.44	    0.0	    00000000     00000000	   1	[       ]
466   	0     	     10	 NeutLargeBright	    924.9180	   1148.44	    0.0	    00000000     00000000	   1	[      7]
467   	0     	     14	     condition14	    927.1016	   2183.59	    0.0	    00000000     00000000	   1	[       ]
468   	0     	      2	      condition2	    927.5938	    492.19	    0.0	    00000000     00000000	   1	[       ]
469   	0     	      7	  NegSmallBright	    929.1875	   1593.75	    0.0	    00000000     00000000	   1	[      4]
470   	0     	      7	  NegSmallBright	    931.2695	   2082.03	    0.0	    00000000     00000000	   1	[      4]
471   	0     	     11	 NeutSmallBright	    933.5039	   2234.38	    0.0	    00000000     00000000	   1	[      8]
472   	0     	      5	    NegSmallDark	    935.5586	   2054.69	    0.0	    00000000     00000000	   1	[      2]
473   	0     	     15	     condition15	    937.7734	   2214.84	    0.0	    00000000     00000000	   1	[       ]
474   	0     	     13	     condition13	    940.1641	   2390.62	    0.0	    00000000     00000000	   1	[       ]
475   	0     	      2	      condition2	    940.8164	    652.34	    0.0	    00000000     00000000	   1	[       ]
476   	0     	      9	   NeutSmallDark	    942.5000	   1683.59	    0.0	    00000000     00000000	   1	[      6]
477   	0     	      5	    NegSmallDark	    944.8438	   2343.75	    0.0	    00000000     00000000	   1	[      2]
478   	0     	      7	  NegSmallBright	    946.9258	   2082.03	    0.0	    00000000     00000000	   1	[      4]
479   	0     	      6	  NegLargeBright	    949.1914	   2265.62	    0.0	    00000000     00000000	   1	[      3]
480   	0     	      9	   NeutSmallDark	    951.6445	   2453.12	    0.0	    00000000     00000000	   1	[      6]
481   	0     	     11	 NeutSmallBright	    953.9609	   2316.41	    0.0	    00000000     00000000	   1	[      8]
482   	0     	      9	   NeutSmallDark	    956.2656	   2304.69	    0.0	    00000000     00000000	   1	[      6]
483   	0     	      7	  NegSmallBright	    958.6875	   2421.88	    0.0	    00000000     00000000	   1	[      4]
484   	0     	      6	  NegLargeBright	    960.9141	   2226.56	    0.0	    00000000     00000000	   1	[      3]
485   	0     	      5	    NegSmallDark	    962.9570	   2042.97	    0.0	    00000000     00000000	   1	[      2]
486   	0     	      5	    NegSmallDark	    965.3984	   2441.41	    0.0	    00000000     00000000	   1	[      2]
487   	0     	    253	              ""	    967.1250	   1726.56	    0.0	    00000000     00000000	   1	[       ]
488   	0     	      7	  NegSmallBright	    968.1289	   1003.91	    0.0	    00000000     00000000	   1	[      4]
489   	0     	     15	     condition15	    970.1836	   2054.69	    0.0	    00000000     00000000	   1	[       ]
490   	0     	      2	      condition2	    970.7422	    558.59	    0.0	    00000000     00000000	   1	[       ]
491   	0     	      4	    NegLargeDark	    972.5273	   1785.16	    0.0	    00000000     00000000	   1	[      1]
492   	0     	      8	   NeutLargeDark	    974.7305	   2203.12	    0.0	    00000000     00000000	   1	[      5]
493   	0     	      5	    NegSmallDark	    977.1055	   2375.00	    0.0	    00000000     00000000	   1	[      2]
494   	0     	      9	   NeutSmallDark	    979.2773	   2171.88	    0.0	    00000000     00000000	   1	[      6]
495   	0     	      5	    NegSmallDark	    981.6914	   2414.06	    0.0	    00000000     00000000	   1	[      2]
496   	0     	      4	    NegLargeDark	    983.8477	   2156.25	    0.0	    00000000     00000000	   1	[      1]
497   	0     	     11	 NeutSmallBright	    986.2500	   2402.34	    0.0	    00000000     00000000	   1	[      8]
498   	0     	     10	 NeutLargeBright	    988.5859	   2335.94	    0.0	    00000000     00000000	   1	[      7]
499   	0     	     13	     condition13	    990.7969	   2210.94	    0.0	    00000000     00000000	   1	[       ]
500   	0     	      2	      condition2	    991.4180	    621.09	    0.0	    00000000     00000000	   1	[       ]
501   	0     	      8	   NeutLargeDark	    992.8633	   1445.31	    0.0	    00000000     00000000	   1	[      5]
502   	0     	      9	   NeutSmallDark	    995.3750	   2511.72	    0.0	    00000000     00000000	   1	[      6]
503   	0     	     13	     condition13	    997.7305	   2355.47	    0.0	    00000000     00000000	   1	[       ]
504   	0     	      2	      condition2	    998.2109	    480.47	    0.0	    00000000     00000000	   1	[       ]
505   	0     	      5	    NegSmallDark	   1000.2148	   2003.91	    0.0	    00000000     00000000	   1	[      2]
506   	0     	      2	      condition2	   1001.6992	   1484.38	    0.0	    00000000     00000000	   1	[       ]
507   	0     	     15	     condition15	   1002.3203	    621.09	    0.0	    00000000     00000000	   1	[       ]
508   	0     	      2	      condition2	   1003.4570	   1136.72	    0.0	    00000000     00000000	   1	[       ]
509   	0     	      5	    NegSmallDark	   1004.6445	   1187.50	    0.0	    00000000     00000000	   1	[      2]
510   	0     	     11	 NeutSmallBright	   1006.8555	   2210.94	    0.0	    00000000     00000000	   1	[      8]
511   	0     	     11	 NeutSmallBright	   1009.1523	   2296.88	    0.0	    00000000     00000000	   1	[      8]
512   	0     	     13	     condition13	   1011.4062	   2253.91	    0.0	    00000000     00000000	   1	[       ]
513   	0     	      2	      condition2	   1011.9023	    496.09	    0.0	    00000000     00000000	   1	[       ]
514   	0     	      8	   NeutLargeDark	   1013.6484	   1746.09	    0.0	    00000000     00000000	   1	[      5]
515   	0     	     14	     condition14	   1015.9531	   2304.69	    0.0	    00000000     00000000	   1	[       ]
516   	0     	      4	    NegLargeDark	   1018.0664	   2113.28	    0.0	    00000000     00000000	   1	[      1]
517   	0     	     10	 NeutLargeBright	   1020.5391	   2472.66	    0.0	    00000000     00000000	   1	[      7]
518   	0     	      5	    NegSmallDark	   1022.7031	   2164.06	    0.0	    00000000     00000000	   1	[      2]
519   	0     	      7	  NegSmallBright	   1024.9297	   2226.56	    0.0	    00000000     00000000	   1	[      4]
520   	0     	      8	   NeutLargeDark	   1027.3242	   2394.53	    0.0	    00000000     00000000	   1	[      5]
521   	0     	     13	     condition13	   1029.6367	   2312.50	    0.0	    00000000     00000000	   1	[       ]
522   	0     	      2	      condition2	   1030.0859	    449.22	    0.0	    00000000     00000000	   1	[       ]
523   	0     	     11	 NeutSmallBright	   1031.7188	   1632.81	    0.0	    00000000     00000000	   1	[      8]
524   	0     	      4	    NegLargeDark	   1034.2461	   2527.34	    0.0	    00000000     00000000	   1	[      1]
525   	0     	      5	    NegSmallDark	   1036.6289	   2382.81	    0.0	    00000000     00000000	   1	[      2]
526   	0     	      9	   NeutSmallDark	   1038.9023	   2273.44	    0.0	    00000000     00000000	   1	[      6]
527   	0     	      5	    NegSmallDark	   1040.9570	   2054.69	    0.0	    00000000     00000000	   1	[      2]
528   	0     	      7	  NegSmallBright	   1043.2422	   2285.16	    0.0	    00000000     00000000	   1	[      4]
529   	0     	      8	   NeutLargeDark	   1045.5938	   2351.56	    0.0	    00000000     00000000	   1	[      5]
530   	0     	      6	  NegLargeBright	   1047.9375	   2343.75	    0.0	    00000000     00000000	   1	[      3]
531   	0     	      9	   NeutSmallDark	   1050.2227	   2285.16	    0.0	    00000000     00000000	   1	[      6]
532   	0     	      9	   NeutSmallDark	   1052.3359	   2113.28	    0.0	    00000000     00000000	   1	[      6]
533   	0     	      6	  NegLargeBright	   1054.4102	   2074.22	    0.0	    00000000     00000000	   1	[      3]
534   	0     	      5	    NegSmallDark	   1056.4531	   2042.97	    0.0	    00000000     00000000	   1	[      2]
535   	0     	      6	  NegLargeBright	   1058.8867	   2433.59	    0.0	    00000000     00000000	   1	[      3]
536   	0     	     10	 NeutLargeBright	   1061.3320	   2445.31	    0.0	    00000000     00000000	   1	[      7]
537   	0     	      7	  NegSmallBright	   1063.5859	   2253.91	    0.0	    00000000     00000000	   1	[      4]
538   	0     	      7	  NegSmallBright	   1065.7500	   2164.06	    0.0	    00000000     00000000	   1	[      4]
539   	0     	     10	 NeutLargeBright	   1068.0156	   2265.62	    0.0	    00000000     00000000	   1	[      7]
540   	0     	     14	     condition14	   1070.5000	   2484.38	    0.0	    00000000     00000000	   1	[       ]
541   	0     	      2	      condition2	   1071.0312	    531.25	    0.0	    00000000     00000000	   1	[       ]
542   	0     	     10	 NeutLargeBright	   1072.7109	   1679.69	    0.0	    00000000     00000000	   1	[      7]
543   	0     	      5	    NegSmallDark	   1074.9062	   2195.31	    0.0	    00000000     00000000	   1	[      2]
544   	0     	     11	 NeutSmallBright	   1077.0117	   2105.47	    0.0	    00000000     00000000	   1	[      8]
545   	0     	      7	  NegSmallBright	   1079.2734	   2261.72	    0.0	    00000000     00000000	   1	[      4]
546   	0     	      6	  NegLargeBright	   1081.3359	   2062.50	    0.0	    00000000     00000000	   1	[      3]
547   	0     	     10	 NeutLargeBright	   1083.5625	   2226.56	    0.0	    00000000     00000000	   1	[      7]
548   	0     	      5	    NegSmallDark	   1085.7852	   2222.66	    0.0	    00000000     00000000	   1	[      2]
549   	0     	      4	    NegLargeDark	   1088.1289	   2343.75	    0.0	    00000000     00000000	   1	[      1]
550   	0     	     15	     condition15	   1090.5039	   2375.00	    0.0	    00000000     00000000	   1	[       ]
551   	0     	      4	    NegLargeDark	   1092.6367	   2132.81	    0.0	    00000000     00000000	   1	[      1]
552   	0     	      9	   NeutSmallDark	   1095.1406	   2503.91	    0.0	    00000000     00000000	   1	[      6]
553   	0     	      4	    NegLargeDark	   1097.6367	   2496.09	    0.0	    00000000     00000000	   1	[      1]
554   	0     	      6	  NegLargeBright	   1100.0117	   2375.00	    0.0	    00000000     00000000	   1	[      3]
555   	0     	      7	  NegSmallBright	   1102.3945	   2382.81	    0.0	    00000000     00000000	   1	[      4]
556   	0     	      9	   NeutSmallDark	   1104.4570	   2062.50	    0.0	    00000000     00000000	   1	[      6]
557   	0     	      4	    NegLargeDark	   1106.8242	   2367.19	    0.0	    00000000     00000000	   1	[      1]
558   	0     	     15	     condition15	   1109.1367	   2312.50	    0.0	    00000000     00000000	   1	[       ]
559   	0     	      7	  NegSmallBright	   1111.3789	   2242.19	    0.0	    00000000     00000000	   1	[      4]
560   	0     	      7	  NegSmallBright	   1113.7539	   2375.00	    0.0	    00000000     00000000	   1	[      4]
561   	0     	      6	  NegLargeBright	   1116.1680	   2414.06	    0.0	    00000000     00000000	   1	[      3]
562   	0     	     15	     condition15	   1118.3320	   2164.06	    0.0	    00000000     00000000	   1	[       ]
563   	0     	      2	      condition2	   1118.9805	    648.44	    0.0	    00000000     00000000	   1	[       ]
564   	0     	      8	   NeutLargeDark	   1120.4258	   1445.31	    0.0	    00000000     00000000	   1	[      5]
565   	0     	      6	  NegLargeBright	   1122.7188	   2292.97	    0.0	    00000000     00000000	   1	[      3]
566   	0     	     14	     condition14	   1124.9336	   2214.84	    0.0	    00000000     00000000	   1	[       ]
567   	0     	      2	      condition2	   1125.6758	    742.19	    0.0	    00000000     00000000	   1	[       ]
568   	0     	    253	              ""	   1127.1094	   1433.59	    0.0	    00000000     00000000	   1	[       ]
569   	0     	     15	     condition15	   1128.1094	   1000.00	    0.0	    00000000     00000000	   1	[       ]
570   	0     	      2	      condition2	   1128.6953	    585.94	    0.0	    00000000     00000000	   1	[       ]
571   	0     	     11	 NeutSmallBright	   1130.4453	   1750.00	    0.0	    00000000     00000000	   1	[      8]
572   	0     	      7	  NegSmallBright	   1132.6094	   2164.06	    0.0	    00000000     00000000	   1	[      4]
573   	0     	      9	   NeutSmallDark	   1134.9414	   2332.03	    0.0	    00000000     00000000	   1	[      6]
574   	0     	      5	    NegSmallDark	   1137.0078	   2066.41	    0.0	    00000000     00000000	   1	[      2]
575   	0     	      2	      condition2	   1137.2930	    285.16	    0.0	    00000000     00000000	   1	[       ]
576   	0     	      6	  NegLargeBright	   1139.2695	   1976.56	    0.0	    00000000     00000000	   1	[      3]
577   	0     	     10	 NeutLargeBright	   1141.6055	   2335.94	    0.0	    00000000     00000000	   1	[      7]
578   	0     	      9	   NeutSmallDark	   1143.7773	   2171.88	    0.0	    00000000     00000000	   1	[      6]
579   	0     	     11	 NeutSmallBright	   1146.2930	   2515.62	    0.0	    00000000     00000000	   1	[      8]
580   	0     	      7	  NegSmallBright	   1148.6367	   2343.75	    0.0	    00000000     00000000	   1	[      4]
581   	0     	      5	    NegSmallDark	   1150.9023	   2265.62	    0.0	    00000000     00000000	   1	[      2]
582   	0     	      4	    NegLargeDark	   1153.2734	   2371.09	    0.0	    00000000     00000000	   1	[      1]
583   	0     	     13	     condition13	   1155.4688	   2195.31	    0.0	    00000000     00000000	   1	[       ]
584   	0     	      2	      condition2	   1155.9688	    500.00	    0.0	    00000000     00000000	   1	[       ]
585   	0     	     12	     condition12	   1157.7109	   1742.19	    0.0	    00000000     00000000	   1	[       ]
586   	0     	      2	      condition2	   1158.2734	    562.50	    0.0	    00000000     00000000	   1	[       ]
587   	0     	     11	 NeutSmallBright	   1160.1562	   1882.81	    0.0	    00000000     00000000	   1	[      8]
588   	0     	     12	     condition12	   1162.6406	   2484.38	    0.0	    00000000     00000000	   1	[       ]
589   	0     	      2	      condition2	   1163.0742	    433.59	    0.0	    00000000     00000000	   1	[       ]
590   	0     	      6	  NegLargeBright	   1164.9648	   1890.62	    0.0	    00000000     00000000	   1	[      3]
591   	0     	      2	      condition2	   1165.7305	    765.62	    0.0	    00000000     00000000	   1	[       ]
592   	0     	     11	 NeutSmallBright	   1167.3281	   1597.66	    0.0	    00000000     00000000	   1	[      8]
593   	0     	     13	     condition13	   1169.6719	   2343.75	    0.0	    00000000     00000000	   1	[       ]
594   	0     	      2	      condition2	   1170.2383	    566.41	    0.0	    00000000     00000000	   1	[       ]
595   	0     	     12	     condition12	   1172.1875	   1949.22	    0.0	    00000000     00000000	   1	[       ]
596   	0     	      2	      condition2	   1172.6641	    476.56	    0.0	    00000000     00000000	   1	[       ]
597   	0     	      7	  NegSmallBright	   1174.4141	   1750.00	    0.0	    00000000     00000000	   1	[      4]
598   	0     	      9	   NeutSmallDark	   1176.7773	   2363.28	    0.0	    00000000     00000000	   1	[      6]
599   	0     	      8	   NeutLargeDark	   1179.0703	   2292.97	    0.0	    00000000     00000000	   1	[      5]
600   	0     	      7	  NegSmallBright	   1181.2461	   2175.78	    0.0	    00000000     00000000	   1	[      4]
601   	0     	      7	  NegSmallBright	   1183.6680	   2421.88	    0.0	    00000000     00000000	   1	[      4]
602   	0     	      4	    NegLargeDark	   1186.0430	   2375.00	    0.0	    00000000     00000000	   1	[      1]
603   	0     	     11	 NeutSmallBright	   1188.1758	   2132.81	    0.0	    00000000     00000000	   1	[      8]
604   	0     	      9	   NeutSmallDark	   1190.5195	   2343.75	    0.0	    00000000     00000000	   1	[      6]
605   	0     	      7	  NegSmallBright	   1192.6250	   2105.47	    0.0	    00000000     00000000	   1	[      4]
606   	0     	      5	    NegSmallDark	   1195.1172	   2492.19	    0.0	    00000000     00000000	   1	[      2]
607   	0     	     15	     condition15	   1197.5820	   2464.84	    0.0	    00000000     00000000	   1	[       ]
608   	0     	      2	      condition2	   1198.4844	    902.34	    0.0	    00000000     00000000	   1	[       ]
609   	0     	     12	     condition12	   1199.7969	   1312.50	    0.0	    00000000     00000000	   1	[       ]
610   	0     	      2	      condition2	   1200.2656	    468.75	    0.0	    00000000     00000000	   1	[       ]
611   	0     	     11	 NeutSmallBright	   1201.9297	   1664.06	    0.0	    00000000     00000000	   1	[      8]
612   	0     	      2	      condition2	   1202.8984	    968.75	    0.0	    00000000     00000000	   1	[       ]
613   	0     	      4	    NegLargeDark	   1204.4531	   1554.69	    0.0	    00000000     00000000	   1	[      1]
614   	0     	      4	    NegLargeDark	   1206.8906	   2437.50	    0.0	    00000000     00000000	   1	[      1]
615   	0     	     11	 NeutSmallBright	   1209.0312	   2140.62	    0.0	    00000000     00000000	   1	[      8]
616   	0     	      5	    NegSmallDark	   1211.2656	   2234.38	    0.0	    00000000     00000000	   1	[      2]
617   	0     	     11	 NeutSmallBright	   1213.4609	   2195.31	    0.0	    00000000     00000000	   1	[      8]
618   	0     	     13	     condition13	   1215.7930	   2332.03	    0.0	    00000000     00000000	   1	[       ]
619   	0     	      2	      condition2	   1216.2656	    472.66	    0.0	    00000000     00000000	   1	[       ]
620   	0     	      5	    NegSmallDark	   1218.0000	   1734.38	    0.0	    00000000     00000000	   1	[      2]
621   	0     	      6	  NegLargeBright	   1220.1328	   2132.81	    0.0	    00000000     00000000	   1	[      3]
622   	0     	      9	   NeutSmallDark	   1222.6367	   2503.91	    0.0	    00000000     00000000	   1	[      6]
623   	0     	      7	  NegSmallBright	   1224.8203	   2183.59	    0.0	    00000000     00000000	   1	[      4]
624   	0     	     14	     condition14	   1226.9844	   2164.06	    0.0	    00000000     00000000	   1	[       ]
625   	0     	      2	      condition2	   1227.5664	    582.03	    0.0	    00000000     00000000	   1	[       ]
626   	0     	      7	  NegSmallBright	   1229.0781	   1511.72	    0.0	    00000000     00000000	   1	[      4]
627   	0     	     11	 NeutSmallBright	   1231.1914	   2113.28	    0.0	    00000000     00000000	   1	[      8]
628   	0     	      8	   NeutLargeDark	   1233.2852	   2093.75	    0.0	    00000000     00000000	   1	[      5]
629   	0     	      4	    NegLargeDark	   1235.7305	   2445.31	    0.0	    00000000     00000000	   1	[      1]
630   	0     	      7	  NegSmallBright	   1237.8828	   2152.34	    0.0	    00000000     00000000	   1	[      4]
631   	0     	     10	 NeutLargeBright	   1240.3164	   2433.59	    0.0	    00000000     00000000	   1	[      7]
632   	0     	     11	 NeutSmallBright	   1242.7305	   2414.06	    0.0	    00000000     00000000	   1	[      8]
633   	0     	     10	 NeutLargeBright	   1244.9766	   2246.09	    0.0	    00000000     00000000	   1	[      7]
634   	0     	      5	    NegSmallDark	   1247.3203	   2343.75	    0.0	    00000000     00000000	   1	[      2]
635   	0     	      7	  NegSmallBright	   1249.6133	   2292.97	    0.0	    00000000     00000000	   1	[      4]
636   	0     	      5	    NegSmallDark	   1251.9492	   2335.94	    0.0	    00000000     00000000	   1	[      2]
637   	0     	     13	     condition13	   1254.3711	   2421.88	    0.0	    00000000     00000000	   1	[       ]
638   	0     	      2	      condition2	   1255.0742	    703.12	    0.0	    00000000     00000000	   1	[       ]
639   	0     	      5	    NegSmallDark	   1256.8555	   1781.25	    0.0	    00000000     00000000	   1	[      2]
640   	0     	      5	    NegSmallDark	   1259.2500	   2394.53	    0.0	    00000000     00000000	   1	[      2]
641   	0     	     11	 NeutSmallBright	   1261.6562	   2406.25	    0.0	    00000000     00000000	   1	[      8]
642   	0     	     14	     condition14	   1264.0898	   2433.59	    0.0	    00000000     00000000	   1	[       ]
643   	0     	      2	      condition2	   1264.6641	    574.22	    0.0	    00000000     00000000	   1	[       ]
644   	0     	     10	 NeutLargeBright	   1266.5742	   1910.16	    0.0	    00000000     00000000	   1	[      7]
645   	0     	      5	    NegSmallDark	   1269.0781	   2503.91	    0.0	    00000000     00000000	   1	[      2]
646   	0     	      6	  NegLargeBright	   1271.3828	   2304.69	    0.0	    00000000     00000000	   1	[      3]
647   	0     	     14	     condition14	   1273.8555	   2472.66	    0.0	    00000000     00000000	   1	[       ]
648   	0     	      2	      condition2	   1274.5430	    687.50	    0.0	    00000000     00000000	   1	[       ]
649   	0     	      4	    NegLargeDark	   1276.1797	   1636.72	    0.0	    00000000     00000000	   1	[      1]
650   	0     	      7	  NegSmallBright	   1278.2227	   2042.97	    0.0	    00000000     00000000	   1	[      4]
651   	0     	     10	 NeutLargeBright	   1280.5195	   2296.88	    0.0	    00000000     00000000	   1	[      7]
652   	0     	      6	  NegLargeBright	   1282.9141	   2394.53	    0.0	    00000000     00000000	   1	[      3]
653   	0     	      6	  NegLargeBright	   1285.3984	   2484.38	    0.0	    00000000     00000000	   1	[      3]
654   	0     	      8	   NeutLargeDark	   1287.5117	   2113.28	    0.0	    00000000     00000000	   1	[      5]
